[[26 30 -20 -25 2 1 -2 -15 2 -9 17 74 14 2 -5 -6 -2 -30 13 -11 7 6 19 2 -4 -14 -16 -4 -15 22 -29 -9 33 38 35 9 -4 12 29 -11 4 13 11 6 20 -12 6 15 -47 35 -20 8 -16 -16 -16 -5 17 13 -26 -12 22 -2 21 -6 1 9 25 -15 32 -18 -25 -10 10 -27 16 18 24 3 28 6 -1 -14 27 -32 8 10 14 11 -28 5]
[-19 -40 -1 13 23 2 9 12 15 -8 40 -21 -29 15 43 16 -6 4 2 13 19 46 -26 1 -16 -10 -5 48 -3 11 -48 -26 15 -2 -1 -14 38 21 5 2 12 17 -32 6 6 0 -18 6 33 -15 -17 -19 -40 -43 11 0 16 -5 -12 -4 2 -5 -24 -28 -24 -23 37 -1 -16 -26 -11 -13 -7 -13 9 -12 16 34 15 14 14 14 -10 -6 10 13 29 -5 6 -2]
[-8 -20 21 28 13 16 -46 8 -4 -6 -25 12 6 2 -43 -7 -8 -18 -4 -16 -22 -16 -15 35 -1 -23 -3 -5 -52 7 38 19 -7 -22 -37 0 -26 -7 -11 -3 31 3 -13 -4 21 -12 -2 -48 -19 18 -5 11 32 4 7 -16 -19 0 6 5 -12 -3 36 8 10 -6 0 -6 5 14 -22 1 -17 -11 14 15 -45 7 -10 -14 -7 60 32 23 -23 29 -13 12 3 -34]
[25 -17 14 -3 -10 26 -9 2 1 -37 -50 22 18 10 -29 20 -9 -25 -4 -19 13 -38 -8 25 1 -28 -8 -7 -1 8 45 1 24 -1 -28 -10 -57 -28 2 -20 15 8 19 5 0 -21 -13 -21 -26 7 -9 -15 8 -11 -1 0 14 -3 4 39 27 31 8 -6 16 22 -34 -6 -2 -19 -14 9 -9 12 27 18 2 -6 16 43 -43 2 -33 33 -23 22 2 -7 17 -7]
[18 45 5 -1 -24 -19 -16 -2 -46 65 12 26 2 11 11 -14 3 6 6 -21 -9 23 21 3 -18 19 -16 10 -1 3 8 0 46 23 8 41 -2 -15 37 7 -5 -29 65 12 7 -15 10 9 0 27 -2 15 31 -8 -11 5 -7 15 8 -1 -12 -29 -7 10 5 23 -29 -7 39 30 -21 -7 21 -21 -5 -4 -7 -46 9 -46 18 6 54 -21 -1 -2 -39 30 -4 9]
[12 -16 3 -32 -2 -2 39 -27 26 -22 -57 1 27 -11 -44 -6 13 2 39 10 9 -25 1 9 32 -31 -25 1 37 -15 9 17 -50 -1 -20 14 -32 -10 16 -27 -20 -18 -8 -5 -11 0 -11 -9 -29 -10 -22 -11 4 52 6 28 -28 -32 -3 0 6 33 5 -10 14 -1 -3 -5 -29 -27 -4 37 -16 25 -30 -1 1 6 18 29 -25 4 -15 17 18 3 11 -24 -2 29]
[1 7 -24 3 35 1 22 -12 -2 -20 28 -7 -24 -1 -3 -10 -5 7 -43 15 -45 -13 4 4 10 21 24 -24 -1 -4 -8 14 -26 -32 10 -45 21 23 -10 -1 2 -4 -7 12 23 2 4 -18 4 1 32 -28 2 -1 -18 5 -9 33 18 -12 1 22 11 0 -4 -14 37 -7 9 -4 16 -42 -2 -12 -13 3 39 -2 -20 -5 -6 -12 8 -31 36 -64 0 6 -4 30]
[-17 -18 23 -17 -17 -14 25 0 -7 4 17 -65 -8 -13 -3 -15 -25 39 23 38 -36 20 24 -15 -15 -4 24 -14 35 -9 -26 10 -32 -13 5 31 32 26 18 43 -36 7 -46 -12 -20 0 -19 15 30 12 -17 -18 17 36 -2 -3 -43 -37 14 -27 -5 -35 -19 -23 1 -28 18 -16 14 8 -6 27 -11 4 -26 -17 -13 28 -4 9 12 26 24 -6 20 14 -12 6 23 36]
[-34 -34 20 30 -3 2 12 -1 8 -45 24 -34 -42 -20 -7 0 -2 5 -12 14 -16 16 -11 -34 -34 -2 49 -19 -34 0 -7 -38 -22 -16 -14 -8 9 13 -43 33 -27 4 -51 9 -26 0 -30 29 1 -2 -37 -27 -57 5 -23 -19 21 -15 -5 -6 -26 32 -33 -6 -4 -35 6 -25 -9 8 8 -25 -17 20 7 14 26 35 5 44 -4 -8 -34 16 5 24 -2 -23 39 -12]
[9 -36 -4 5 23 8 -18 8 32 -20 -14 3 3 26 10 -2 23 -3 0 27 29 3 -34 5 -9 -13 -36 26 9 -4 31 22 -4 41 12 -33 -24 6 12 -16 78 50 -11 -22 -6 11 -26 -22 11 -6 15 -20 7 -7 48 -18 13 -23 -32 15 16 7 12 -41 -4 0 -4 -13 -28 -6 16 32 -17 9 10 -6 -23 63 -11 8 -11 -6 -2 34 -40 45 63 -5 -17 -29]
[25 -41 -18 -21 -17 3 39 15 -25 8 19 -22 -16 4 44 23 13 2 -35 9 29 -20 -18 17 -18 15 24 37 79 -27 7 5 6 10 32 -21 -2 9 29 -7 16 14 36 29 12 -34 -26 36 49 4 11 -20 21 -8 -5 3 -34 -27 -3 11 52 10 -27 -27 -12 11 -24 -18 -6 -38 -18 1 -2 11 2 -19 41 41 15 38 0 -8 -13 -6 2 14 12 20 36 37]
[-14 40 -31 -8 -14 11 -2 17 -9 -23 14 6 4 -37 34 -11 26 21 -9 12 27 -42 -17 -1 -20 34 6 -10 10 -31 24 11 -39 11 39 -26 -25 25 -18 -38 13 13 -8 -13 25 16 3 2 12 -17 16 34 14 49 11 -20 -14 2 -17 -37 20 0 38 16 -4 11 4 11 19 -5 40 9 4 22 -22 -2 -17 26 -5 -4 2 -1 -8 -3 9 -15 35 16 -12 -8]
[-7 -1 6 -2 1 1 -23 -15 -12 21 6 28 32 -34 -5 9 6 -11 -14 -50 34 -5 -34 39 29 -18 -41 9 6 3 -11 38 -5 40 -43 -3 -23 5 -23 -19 12 0 24 5 15 -3 -17 -26 -17 -1 -14 22 56 16 9 -16 -54 -3 -11 3 4 -13 34 29 14 -6 -10 8 -36 -45 -26 -10 10 15 -6 -3 -31 12 18 -36 19 39 22 -15 -23 26 -9 1 -11 -38]
[-1 10 -10 -16 21 8 31 -23 -29 -13 -9 -3 1 -34 8 -6 28 35 -14 12 -5 -22 -14 0 14 8 14 -6 40 -17 27 10 -13 15 -15 -9 -52 -15 10 2 -10 14 11 1 -28 20 7 -44 17 -12 -19 -38 33 51 -1 0 -83 -2 23 -5 14 7 30 24 26 2 -21 -19 -13 -17 -25 8 -21 39 -38 9 -7 12 -11 4 -19 -30 9 3 23 -41 -3 -7 -3 48]
[-2 -12 -18 38 -3 -42 7 12 -12 46 -38 8 -16 -31 -6 -11 27 -30 35 23 22 32 47 -4 3 3 4 13 3 -24 -2 -11 -38 -23 -8 23 34 -5 -21 -15 -51 -71 -12 29 20 1 7 56 3 -10 -9 63 -25 26 2 31 16 -14 -18 -6 -23 -3 -40 31 -18 -11 -15 26 -25 31 7 17 37 35 -19 2 -6 -8 -23 3 42 36 -15 2 9 -7 -21 -20 -10 -4]
[-18 -18 -15 44 29 -8 -24 -2 -30 6 -10 42 -37 -28 -18 26 44 -16 -45 1 -5 6 -39 23 16 10 -4 -14 -27 2 26 -13 -9 -41 -47 -16 -14 -20 -43 -12 5 -2 30 52 11 -4 20 -35 11 -11 -27 -8 30 2 0 -41 -29 11 5 21 -35 36 29 60 21 15 -27 -1 1 -5 -12 -59 12 28 7 2 -3 15 -1 6 -43 6 -15 29 -21 -17 4 -3 -1 -7]
[26 24 -8 1 -35 -15 45 12 -16 27 21 -13 -7 1 33 -6 -28 21 10 -3 -21 21 32 -6 -26 28 10 -5 14 2 9 -10 0 0 33 6 5 3 11 -14 -17 6 10 23 13 -22 1 40 13 13 1 18 29 44 -48 -16 -3 13 8 -21 31 -14 -26 -16 -19 47 -19 -24 55 37 37 -1 26 10 -15 -45 14 15 -12 -2 15 -3 -18 -19 -14 -27 2 51 19 36]
[-28 9 -36 11 43 -19 5 -18 26 -13 60 21 13 -26 -9 -5 19 -13 -10 -28 33 -2 -28 15 31 -31 16 17 -15 -39 -57 -4 -10 1 9 -1 16 34 -4 12 17 3 6 21 13 28 -18 9 -37 14 -22 10 -7 -32 7 10 -45 1 -18 -7 -16 11 14 3 5 -57 67 1 -48 -28 -62 -24 9 -25 3 34 36 17 37 -23 50 -12 45 -33 13 25 -7 -20 0 4]
[-5 34 12 -9 -21 -2 -34 -16 -16 6 -23 11 36 2 -26 11 4 -20 25 -13 6 -25 5 31 10 -5 -39 7 16 13 -19 17 15 28 1 57 11 23 19 17 2 -6 17 -1 5 -38 -20 2 -29 10 -15 11 31 -4 16 -17 -2 -33 -9 15 -23 -4 28 -11 -12 21 -22 2 22 -22 -47 33 37 -1 26 -11 -11 -11 -1 -23 12 47 38 -19 3 26 2 19 20 -13]
[-28 0 2 30 46 -18 9 3 -18 20 19 7 -2 26 15 -2 -20 34 4 -21 -24 14 -21 30 9 29 -19 9 -45 -2 -21 -19 -3 -50 -51 -22 -8 6 -6 -37 21 2 25 32 12 -2 -17 -49 12 -15 -13 -22 19 -22 15 11 2 38 19 9 -4 -9 20 -7 15 11 23 14 2 0 -14 -55 8 16 -22 -28 -50 -31 19 -33 -15 26 -13 10 -3 -13 -13 29 -19 -17]
[15 -7 -23 -16 -6 16 16 -1 -14 -32 -4 10 -34 25 -1 -4 15 -45 0 30 5 21 0 -10 -16 -30 1 -21 14 29 -16 -7 38 2 21 -24 -38 -6 9 21 -7 19 -18 12 6 12 1 -5 -3 18 -24 -30 -16 -29 29 -15 -2 -2 -6 -12 12 24 2 4 38 -26 8 16 19 -21 15 -3 24 -6 -5 49 38 14 20 41 -43 -12 -16 -12 11 -23 9 -15 -1 23]
[7 -4 20 18 -33 12 -46 8 -9 14 -44 -45 -24 17 -19 25 -24 -28 27 -17 0 17 -15 11 -13 -15 -18 6 -22 4 20 4 21 3 -24 8 -37 6 6 -16 -18 -21 -18 -28 15 -16 -22 -30 28 22 -13 21 31 -13 5 -15 8 -21 -9 26 -3 -14 -6 -8 -13 -11 -31 25 -12 -2 24 14 47 25 8 30 -24 9 12 7 7 57 -10 19 -9 17 -29 -15 57 -45]
[3 26 -21 30 8 -25 -40 6 3 17 16 -38 -15 19 -9 6 6 -19 -22 -5 -8 15 -13 -30 30 10 1 -20 -32 -19 -1 -6 -26 11 20 11 26 -7 -41 20 -13 -14 -7 -18 -35 13 12 2 33 -15 26 1 -1 -16 -19 -2 5 6 15 3 -58 -18 -6 -1 -22 -9 -3 2 26 43 47 -18 17 20 -2 28 16 -25 -35 -37 24 -4 6 -18 14 -30 13 -25 36 -11]
[7 -18 7 -7 1 -27 -29 5 20 -7 -20 -33 23 -7 -11 43 -14 -17 15 -6 6 -2 34 -2 23 -10 6 -34 -2 -10 4 3 -43 -29 -30 9 1 1 -60 -5 -25 1 -18 -20 -13 0 23 29 20 -7 6 -16 -4 29 1 -5 26 -29 -6 20 -6 2 -17 -18 -16 11 4 12 5 -2 28 15 -1 49 25 12 -19 7 -27 31 -22 6 -28 15 -20 10 21 7 7 -23]
[30 -10 35 -35 -43 20 39 -38 13 -29 -70 9 26 -16 -39 -15 -15 1 32 7 -20 -14 41 3 11 -24 2 -22 27 17 40 39 10 18 -9 -1 -14 -4 19 2 -24 -9 4 -36 11 -33 -12 -11 -35 2 18 -15 -24 41 -23 9 9 -26 2 29 0 44 -29 -41 -28 24 23 -47 5 -6 20 51 -19 -3 16 -7 26 7 -35 40 -21 -16 17 -11 2 -45 -8 -4 4 33]
[11 3 -20 -2 25 -7 -20 2 32 24 22 -19 41 16 -2 6 -18 -11 -13 -45 -11 -8 -33 -9 53 32 29 -17 -3 -31 13 31 -48 -2 7 -21 11 34 -35 -22 6 1 4 -22 -16 -12 -13 -15 37 -16 61 -8 26 11 -17 -10 0 -5 22 13 -10 9 18 -28 -53 17 8 -29 -13 13 32 10 -18 32 -5 -14 -13 0 -49 -67 53 -5 22 -37 -13 -30 -27 32 18 -64]
[-1 90 -11 21 -23 -17 -28 7 17 0 4 2 9 10 10 -16 42 -20 51 -22 20 44 -2 -9 -17 -4 4 24 -22 -30 2 0 17 25 3 18 -22 -4 15 -19 -25 -43 -14 -12 8 26 -7 8 -64 -15 -37 5 -14 17 -2 11 39 3 -20 -10 -33 18 17 6 -26 -25 -13 -6 9 17 10 35 10 -8 -8 38 22 -33 21 -35 24 -9 24 -20 16 -5 -27 -11 13 -29]
[3 9 -11 -9 -24 -58 16 -1 -12 44 -2 -15 22 -9 21 -6 -6 -8 19 22 -4 11 48 3 -3 -1 -25 16 21 15 -61 -3 -37 7 16 -1 46 17 -14 2 -70 1 -22 -8 4 -30 13 46 16 9 -25 20 21 55 -5 1 -13 -5 -23 -46 34 -64 22 -21 -26 -1 16 32 28 -41 8 7 30 59 -18 -26 -44 -9 13 22 -11 34 -9 -40 11 4 34 11 -10 15]
[-2 18 20 -7 16 16 -7 -7 -14 -9 -3 8 39 19 26 0 -11 -11 -11 -36 21 -54 -40 24 5 -17 -32 43 -45 32 -1 -20 30 8 -11 10 -32 -12 -17 7 6 19 11 -10 -32 1 -9 -57 -4 -25 1 25 -15 -4 -1 -2 30 7 30 6 5 -4 40 -5 1 23 3 1 30 6 -4 35 -12 3 10 -16 -61 -36 -17 -60 11 4 -2 -10 -14 -20 7 32 -14 -55]
[16 32 14 18 8 3 17 -1 19 -5 -4 -67 29 21 18 4 -22 29 -27 -33 0 -39 -21 -25 -4 10 4 -22 38 -4 27 8 -2 14 -8 -29 -51 -22 -25 1 11 9 21 -24 -38 -36 -20 -21 18 -5 23 -57 46 30 -22 -19 -47 9 4 6 21 13 2 -58 -12 38 -38 10 -10 -14 11 6 -19 28 -4 6 10 -18 0 2 -30 -36 -35 18 7 -12 13 2 47 32]
[-39 -13 -10 -20 -53 -7 -2 -9 11 21 8 -17 2 43 2 -23 26 -7 -2 -5 46 -17 -1 -21 8 -16 10 20 -11 13 -8 20 -11 18 3 -34 -11 -15 -41 35 14 1 5 -42 -38 37 38 13 2 -18 47 14 -63 -6 42 25 44 19 -6 -3 -14 -23 -24 -2 8 -44 24 41 -19 -15 60 4 -33 -8 -3 4 -28 -48 -28 16 -9 -25 -13 -10 -8 -28 12 -23 -13 -36]
[11 -18 -9 -16 28 -37 6 5 20 3 -1 -8 50 6 28 -19 -2 -4 -38 9 41 -29 10 -12 9 -4 -11 -20 47 -21 12 7 22 23 6 -41 34 -3 -43 -1 22 13 70 -14 -10 -5 -59 26 24 -27 45 3 3 -38 73 11 26 4 -44 33 23 9 -43 -40 -2 7 7 22 -50 -1 11 10 2 39 27 -1 12 5 -6 10 -29 -49 -34 11 -39 37 24 -25 -34 -20]
[31 12 12 60 32 -12 -43 32 8 45 -13 -29 -21 22 16 -4 -9 15 -12 10 0 46 24 9 7 17 -4 1 41 -19 36 34 -7 6 -19 -13 16 -26 31 -37 39 -21 -22 -13 16 -11 -13 -27 18 -18 79 -21 24 4 -2 -7 -6 23 29 10 -16 -17 2 -10 -25 20 -14 -18 8 47 26 31 -23 -13 -31 -27 -1 -15 -36 -57 36 32 38 -4 -2 -47 5 5 -13 12]
[-36 -22 22 -17 -32 26 21 6 -33 0 11 -10 -13 -2 61 8 9 31 -10 22 34 -37 -43 -19 -25 55 -33 16 48 10 -40 -21 -16 -2 23 9 43 24 -25 8 2 -9 23 6 33 -30 -15 17 19 -40 5 34 -22 -16 -5 -10 29 -54 -8 -5 -3 17 -9 -5 -10 5 21 31 -8 -45 16 -8 22 -38 11 -42 -14 -1 -11 -30 13 6 -24 8 26 1 -1 27 11 -1]
[-10 -34 35 -8 5 8 -12 -24 -31 29 -1 -22 4 35 10 -28 11 55 -38 43 -44 14 -27 4 -4 22 -20 4 32 19 19 -3 46 4 -20 -29 9 5 34 6 26 30 39 -27 9 -30 -20 -60 44 12 13 -24 39 -34 48 6 -23 -6 17 4 3 0 13 -32 -2 -14 12 -6 -13 -39 -33 -18 -25 4 -3 9 -35 -13 -3 0 -49 19 30 17 -7 -2 -39 -1 -13 26]
[-34 13 -16 -23 -26 -1 40 11 37 -28 35 -41 16 37 43 21 -7 44 34 12 -3 40 -22 -2 28 8 16 -36 13 -24 -30 -3 -7 -32 2 -41 -10 11 -27 -12 17 37 -20 10 -36 30 19 -5 14 -46 -7 -16 -4 -36 29 5 3 3 16 -6 -1 -13 -3 -14 -1 -8 46 52 10 -8 60 -20 4 -11 -13 -11 -7 -22 -23 5 -11 -20 -59 3 9 -37 9 10 13 52]
[-16 37 -15 -11 12 -46 -14 -27 10 -6 65 8 -23 -25 24 -15 -6 18 0 30 6 76 -5 -39 -31 -25 -14 -23 -5 14 -5 -16 21 33 5 -25 14 25 -30 19 0 37 21 -5 -13 31 -4 0 32 28 -22 -6 -27 -32 16 -34 12 17 -35 -24 -13 -12 -29 -23 5 -39 42 -14 0 9 28 -22 7 -30 8 19 12 23 -23 -8 9 -73 19 -16 14 -8 14 -7 -25 18]
[-9 28 -11 17 30 13 -5 17 13 -32 -20 -27 21 -19 -2 39 8 6 16 -51 11 -38 -16 16 50 23 12 11 -26 -8 22 -11 -17 -26 -15 -15 -32 -19 -29 -31 9 -10 -47 -11 35 0 54 -54 -18 -24 26 7 6 39 -21 22 -33 5 2 -1 0 18 17 1 -12 36 14 1 -37 -20 -16 4 -12 6 20 30 -11 1 -55 21 -13 14 -44 41 29 -45 -1 3 0 -2]
[-23 -34 38 8 -41 23 2 10 19 -34 -32 -21 40 10 -9 6 -28 40 10 -3 6 24 -41 16 5 3 -50 20 -17 23 -3 -4 -35 12 -54 -25 7 -10 -12 -5 -1 25 -41 -22 -2 -25 -27 -32 -43 -38 -16 5 -9 -7 -18 -3 32 -13 32 10 -13 -14 -11 -37 -1 2 10 -17 -12 -34 30 19 -27 10 15 -40 -56 -16 -12 16 -12 30 -54 42 -45 37 20 6 1 -17]
[-12 35 -13 33 -10 2 -36 25 22 -28 1 63 27 16 11 3 32 22 29 19 -5 13 -20 16 -7 -12 -21 17 -25 -6 -4 -31 61 -27 -1 18 44 27 43 -7 25 4 -8 38 31 4 7 1 -6 -2 -28 12 -16 -59 28 -5 65 0 7 14 17 0 46 6 -31 21 6 11 5 -24 -53 -10 9 -25 49 2 -19 -35 38 24 -25 28 9 24 3 33 1 14 4 21]
[4 -2 -10 -13 -7 2 -7 -22 -11 25 10 -28 12 20 63 26 7 6 -20 -20 29 -30 24 2 41 5 14 20 -3 1 -17 5 6 18 -8 12 46 14 -29 19 19 14 -5 -8 -19 8 33 1 32 -34 22 70 12 -5 -25 8 10 -12 -3 34 22 -46 -27 25 -59 19 22 3 -1 19 12 -3 -11 -9 41 -15 -7 17 -54 -17 47 -8 -42 -3 -9 -37 9 3 21 8]
[25 11 1 55 57 -33 -17 -6 14 15 4 33 -28 -22 6 4 10 -14 17 22 17 63 11 -29 -7 -35 -9 25 -13 -21 -10 -45 20 -1 12 25 44 -21 34 -19 3 -18 -7 9 -12 11 40 37 27 41 -35 10 -27 -62 -28 20 8 1 -10 -18 -14 -12 -9 4 -25 9 10 -5 17 24 -29 -25 14 -19 3 51 27 -7 70 12 29 0 15 7 20 42 15 -54 -2 52]
[-27 7 13 13 -5 -34 11 4 14 -4 -22 -22 38 -2 -31 -9 3 11 34 29 -24 11 18 6 1 -12 -6 -1 -17 -3 -41 -17 42 -12 -6 19 23 6 7 31 -32 -24 -12 14 -18 -19 -39 -12 -32 8 -32 19 10 -7 8 28 23 3 -30 39 -29 -15 11 -24 4 -4 14 29 -11 2 -42 2 22 13 14 19 -12 -29 13 7 -41 22 -21 53 -14 32 -35 -26 7 4]
[21 -17 24 -3 5 9 -1 5 -25 22 -16 41 4 53 -14 4 -15 -16 4 -29 -24 27 34 24 17 -1 13 -11 -18 13 12 -7 26 -41 -28 8 -20 -78 -8 -2 7 -6 39 13 3 10 53 -12 -36 -27 -28 -49 6 -28 -38 2 14 13 52 14 -21 11 -21 34 42 24 -17 7 59 21 4 -35 -25 -6 1 27 5 -56 7 6 -48 -20 -8 -5 -43 -26 -36 18 -13 21]
[-21 21 -9 -1 -19 9 -10 -14 1 -15 12 17 26 26 -6 -11 -2 -22 20 -13 -18 25 -31 -2 -49 -14 -16 13 -48 58 0 -33 29 -28 4 -5 -10 17 16 28 6 0 -15 16 -10 -35 1 -11 -28 34 -27 3 -22 -66 41 -6 52 25 -4 -32 -32 34 36 -8 13 -1 22 -7 23 -20 -41 0 -15 -55 18 2 -11 -46 19 -27 -5 26 18 0 0 26 -44 34 -18 -10]
[-31 -10 10 -5 -17 -7 -5 11 -10 -59 0 14 -10 -11 -57 -18 17 -28 25 -5 18 39 -33 9 29 -37 -27 -27 -18 7 -39 17 -22 1 -33 15 25 16 -25 -3 -13 -1 8 12 23 22 -11 -2 -22 -11 -45 -24 -12 -33 30 15 -23 -13 9 -16 -64 29 -3 0 25 -45 36 -40 40 -12 17 -2 3 -19 -7 3 27 11 58 -7 -12 41 11 -23 -5 40 17 -22 -4 -21]
[3 20 25 -28 -24 -6 -20 -17 -28 13 -5 -2 -19 20 -25 11 32 -6 2 27 -40 24 16 0 12 -3 6 -7 -24 21 -46 -4 2 -9 2 33 27 35 18 14 -58 -35 -15 -6 18 -9 10 -17 14 4 -41 0 -10 15 -24 -1 -23 -41 6 -18 -30 -28 -10 0 -30 -28 60 -24 43 -20 -26 5 -16 -11 19 54 -3 3 31 18 -20 19 44 -8 39 -8 -25 -9 8 17]
[-14 -53 14 18 1 -4 -19 36 -8 14 -43 20 52 22 4 21 -39 14 62 31 24 55 34 29 20 -23 -17 -17 19 -21 26 14 -17 -34 -61 0 -19 -24 -26 -21 29 28 16 11 -14 16 16 -17 30 -32 13 -12 31 -33 36 25 28 -16 20 47 -15 -37 -19 -9 2 28 6 -10 30 33 -4 21 -17 6 30 -10 -53 -10 -22 17 11 31 -23 49 -42 7 22 -7 4 17]
[1 -1 29 31 20 -7 -4 -31 -11 47 55 -13 2 -3 53 -9 16 6 -27 -34 -12 9 -15 21 -39 12 42 45 -18 18 -24 -12 48 30 -27 -9 -29 17 -3 6 -13 32 -11 12 0 -9 -15 32 23 19 -23 15 -13 40 -8 -10 5 10 -25 -16 21 7 -2 2 -8 -21 -62 -5 -13 -6 -47 3 -31 19 -4 -23 -24 22 -7 -33 21 0 15 -21 -9 0 -13 37 -7 -65]
[48 43 -13 -37 -8 23 2 -19 -35 9 -9 -11 19 37 35 7 27 -7 -7 -54 8 -20 27 60 -1 -4 -11 30 -19 16 -22 -4 59 47 -3 -5 -45 -40 16 -11 2 -13 31 -11 10 3 38 -13 -9 -33 -7 -12 8 22 -25 35 -26 44 15 -25 15 6 11 12 11 13 -14 19 32 -4 -7 8 -17 17 -24 1 30 -69 -1 -35 -7 16 28 -58 2 -68 15 31 -13 15]
[-6 7 14 -31 -9 -28 32 -16 -14 5 42 18 8 -24 42 20 -19 48 11 -12 -20 48 -22 22 -9 34 -40 63 -13 16 -57 -18 36 10 20 -16 35 14 49 12 -57 9 30 -8 31 1 19 -22 9 -13 -40 -43 6 1 -31 9 -9 3 17 -2 -30 -24 6 -15 0 4 33 -3 25 -42 -10 -5 4 8 2 -39 -3 -31 25 -10 -10 -35 38 -49 4 -17 20 16 2 36]
[3 18 -20 -4 -29 22 -55 15 16 1 -7 -15 1 13 -35 24 -7 -12 -5 -27 -15 -12 19 18 -21 -3 12 -38 -20 -8 6 -29 40 -41 0 52 -25 16 22 2 -20 -37 15 -5 45 -57 5 -8 10 46 22 -14 32 -22 -13 -53 -5 -10 21 -14 -46 44 -23 -7 -11 28 9 4 44 10 -11 -20 21 -27 15 30 32 -39 29 1 -27 55 33 6 -12 -9 -20 40 69 -8]
[33 5 -42 2 22 -20 -26 9 -8 -24 -21 45 9 -26 0 -7 -1 -22 -32 34 -29 -23 26 -12 -3 27 20 -28 6 2 32 21 -40 -11 15 -18 35 37 1 20 9 28 3 32 47 -29 5 18 -14 36 22 -25 17 -12 2 -17 28 -24 7 9 25 -4 29 -6 -25 34 -33 -26 38 30 2 5 22 -14 41 -26 -3 19 -30 26 8 -27 22 -7 6 23 19 38 -18 21]
[-5 24 -10 43 24 -10 -4 21 13 -2 55 9 17 -7 43 -9 -14 15 -15 -46 34 29 -13 24 -54 -9 -51 67 -31 -2 10 0 18 -15 -32 11 -11 26 -14 -3 15 -31 5 29 31 1 -25 18 -8 -5 -11 -6 -16 -17 -9 -10 55 22 22 -4 13 25 -41 -44 -34 -10 0 8 -15 -11 0 6 -10 -13 24 10 -7 -1 26 -14 18 11 -23 -10 -9 20 21 37 4 -27]
[-8 7 -21 -55 -15 -11 43 -10 37 6 17 32 13 -14 1 -13 42 -29 25 35 16 6 -18 -12 30 1 -19 26 44 -13 -45 30 -10 29 44 -13 60 51 30 -7 6 39 6 11 25 17 -4 44 -3 -18 -11 41 -8 1 28 -3 -10 -3 -53 -19 12 -5 24 3 -11 -5 0 -4 -36 -35 -6 -2 38 -13 -2 -17 29 49 32 -16 -4 -45 2 -13 4 36 40 7 -26 -25]
[13 13 12 10 4 20 28 -47 -7 -33 -9 23 9 3 33 -33 15 24 19 -15 19 36 -19 2 -15 11 -32 27 3 26 1 -4 31 67 -30 -2 -4 -41 2 -37 22 0 25 -9 17 7 -39 -7 -48 -55 -36 -45 -46 9 -20 6 33 1 -9 7 -11 39 -19 -5 20 5 -41 -41 2 -8 13 7 0 14 -18 -20 43 3 4 14 5 -16 10 -41 -7 -32 29 -12 -1 14]
[40 -12 -16 -30 -8 -18 25 -4 52 -6 -43 48 24 -10 -3 21 40 -19 32 -39 23 -29 36 -7 40 17 18 18 0 -41 19 -5 -13 34 24 -8 -42 -21 41 -88 12 29 28 -20 -13 -6 37 67 -26 2 12 25 -19 16 -3 32 -9 1 -33 -15 58 14 13 -29 -30 8 23 0 -56 -2 2 19 -18 37 -6 -6 -2 6 11 35 26 -89 -42 -14 -15 30 16 -25 -25 -20]
[11 21 -14 30 3 -2 -37 3 -10 -4 7 42 20 -39 33 -17 24 13 -7 19 5 36 -9 37 -32 0 -57 41 23 38 12 55 55 56 -18 -16 11 -4 34 -23 -3 -29 5 0 21 -33 -25 -28 -17 6 12 -21 29 -13 21 22 4 45 -8 17 -17 -20 24 -16 -9 -2 -11 -12 16 -53 -43 0 -13 -43 -12 0 6 -44 -57 -12 -24 25 50 -17 40 -18 -1 -4 -32 26]
[-10 -2 -7 -26 -26 -25 4 -6 15 26 -3 29 -9 19 -22 15 25 -43 10 -1 18 8 5 26 -2 -4 -16 27 53 16 -36 -17 23 12 29 -10 15 2 4 9 -10 -18 46 22 -1 -23 4 27 -9 -13 29 9 -29 -41 10 -14 31 23 -3 3 17 26 23 -13 -28 -9 21 8 -23 -37 3 -11 31 -5 5 -15 34 -25 5 -18 31 -27 13 -45 4 -24 -24 10 18 -16]
[7 -6 -5 15 6 10 1 -4 -20 31 -8 11 20 -48 -2 34 -19 22 19 -65 28 16 -7 -35 53 -1 -22 -31 -2 -9 5 18 -30 33 -32 33 0 -54 -55 0 -44 -21 -12 -17 -22 33 59 23 28 -10 8 -10 -5 58 -43 21 -61 -2 6 11 -1 -46 -15 42 25 31 -33 4 -64 -2 16 -9 -15 14 -3 -6 -29 1 -14 -1 3 -2 -25 27 8 -25 20 -37 -11 24]
[-28 -6 -17 6 40 13 39 -24 28 -15 -23 -7 18 3 8 -8 18 39 -32 -16 -25 -29 -44 33 35 -4 -8 50 -26 -31 36 -30 -21 5 -46 -5 5 -24 -4 -11 9 7 45 -20 9 -21 -6 -33 -19 -26 -13 -35 -14 13 8 15 -25 7 36 25 4 24 15 -26 -32 30 6 -17 -30 8 -4 -16 -6 31 15 -27 -22 -9 -28 -8 -39 19 10 6 -3 -23 33 15 11 25]
[18 -5 17 -23 8 -12 34 -43 -28 12 -42 17 -2 27 -19 0 33 -13 19 12 -49 -2 -10 -4 0 31 14 2 4 6 9 -2 31 24 22 -5 -30 -19 22 16 -29 1 35 10 -32 -9 -5 -20 8 -10 -29 -38 54 17 -16 -12 -11 -6 23 19 3 22 41 10 -8 32 -21 -21 25 19 -9 4 28 50 -13 -13 -9 -19 14 -27 2 -53 -12 -13 -24 -44 -46 -11 36 13]
[-6 24 -22 -32 -62 -10 -25 12 6 -36 -6 -17 6 -2 -22 47 10 -22 11 -4 24 -50 -10 38 9 -21 -9 4 22 -5 1 5 -46 8 22 16 -5 16 -14 -19 10 35 -21 -10 25 -23 -10 14 -25 -16 -15 30 11 6 -9 -48 4 -15 -13 -7 29 -13 34 -12 -25 19 8 25 22 -36 24 -5 8 25 15 -14 12 13 3 40 0 1 -30 8 -8 -1 46 16 39 10]
[-21 3 -42 -21 10 43 -1 10 -40 -46 -18 38 12 -19 -23 -28 25 13 -27 13 17 -57 -45 -25 -5 14 37 -18 -32 -17 30 0 -33 -31 -7 0 -24 -19 -36 31 18 -13 45 26 3 17 23 -19 5 -8 17 -1 -31 -21 -38 7 8 -1 49 20 -12 29 33 34 44 -13 -9 -30 17 21 -8 24 -42 -32 9 12 -16 -33 21 -9 12 -27 -5 31 -10 -3 -20 -3 21 -6]
[3 -45 -2 16 -13 12 -5 26 -39 43 21 -24 -41 22 48 16 15 13 -51 -28 33 26 -17 -2 -5 39 10 -10 22 31 -8 -13 27 11 -22 -16 25 -9 -27 -20 9 -23 42 17 44 -40 3 14 10 5 26 30 10 6 9 -15 -22 10 -10 9 9 11 -61 23 21 14 -1 19 -35 -1 15 -38 0 -41 2 -34 10 -2 -25 -16 -2 10 -7 0 -40 -13 -18 32 -37 -20]
[32 -3 18 -26 -18 1 -10 -17 -14 7 -20 30 49 -36 18 -1 -35 -1 22 -49 3 23 26 21 2 -20 -18 -26 -41 27 -19 -20 31 52 -43 -5 -33 -18 6 -8 -13 36 -21 -20 11 -35 -6 4 -22 17 -13 38 -5 6 -11 -12 -11 20 2 -39 40 -43 11 -9 20 15 36 9 -19 -10 -23 10 9 23 3 2 -26 -38 9 10 16 15 -18 -17 -4 3 -4 13 -66 2]
[-33 -5 24 41 -1 -26 -15 14 41 37 -18 -43 5 -1 6 -23 -9 -3 17 -12 -12 -4 37 9 -5 -19 -17 33 -40 33 -33 9 22 -17 -30 14 45 12 -4 30 3 -1 -43 -5 16 11 -14 -20 21 -14 28 28 17 1 13 1 10 25 0 -12 17 -54 -4 9 -7 -13 -10 40 -33 31 11 -11 24 -3 -13 -45 -41 -14 -17 -38 44 26 -12 -18 -17 -15 11 6 18 -53]
[61 13 -48 18 68 -17 1 1 -23 71 1 19 4 17 18 -18 7 -44 -36 -17 -9 7 26 -13 -3 19 13 14 -24 15 33 -27 23 -25 44 -11 -16 -32 -3 11 24 10 33 15 18 -10 74 -3 38 53 -7 34 65 8 -16 33 -14 28 -2 -34 18 -1 14 18 -10 46 -3 3 28 42 -16 -50 -2 -7 -11 32 -21 -19 -21 -58 -23 -9 15 5 -24 2 -37 43 -30 -14]
[-14 23 23 -10 -12 -16 -8 -44 13 -18 -37 55 8 16 -47 -1 14 -26 19 -27 -11 -38 42 -21 -1 31 -9 -56 -12 30 -34 -7 -24 8 10 15 -4 22 -11 17 -4 -13 -2 -7 8 -12 14 31 -44 23 24 9 -42 8 10 -41 32 -37 -29 -37 -27 58 18 10 28 5 42 -12 -23 -13 -8 -5 40 2 21 18 -12 -19 -9 -8 18 -10 24 -34 -3 10 -19 28 -29 -58]
[1 22 1 6 -25 14 7 -27 61 -32 23 -82 14 -4 -12 -7 -2 36 -13 15 9 -9 -21 -42 -18 4 38 -48 30 1 21 8 -22 6 2 8 -4 27 -2 8 8 8 -24 -40 -39 1 -54 48 -2 -1 -2 -15 15 17 34 -28 -5 -16 5 4 -30 24 -39 -26 -13 -15 -10 -4 -23 7 22 40 -24 3 -7 9 35 21 14 18 2 -59 -18 22 -8 38 -1 -42 50 -11]
[24 -71 22 39 23 12 27 55 -27 18 -3 2 -8 9 43 9 16 -4 -17 16 6 4 -31 39 -19 -1 19 63 -3 -4 16 20 21 -47 -30 -44 -36 0 -15 -7 29 18 -20 49 -6 -32 -16 -34 47 -22 10 1 -11 -29 -4 26 15 3 10 35 35 13 17 -36 -45 17 8 -16 13 -5 -42 -3 -58 11 12 -11 -42 -3 -23 4 5 35 -12 20 -18 -16 -16 25 -8 -23]
[-26 -18 -1 50 -12 -34 -3 -15 7 -3 -21 -21 -8 9 -8 -17 31 -11 -10 38 -21 57 -11 -4 7 -27 -7 -27 8 18 -20 33 -32 0 -22 -25 24 35 -36 62 -36 -2 -46 25 -26 5 -4 16 2 -4 -15 -43 -1 3 16 1 24 -44 2 10 -48 60 11 -5 -2 -54 16 -3 0 -12 22 -5 14 -8 3 13 23 7 -37 -9 -27 -11 11 -19 28 -34 0 -18 -10 2]
[25 15 -8 -34 -3 18 -31 -10 1 -15 -49 37 45 24 -20 -19 6 -1 20 0 31 -50 -10 -14 8 9 -25 8 -2 -30 13 -2 19 59 44 21 -29 -6 71 -23 18 -10 48 -41 -9 5 -26 -52 -26 6 15 -20 26 -26 2 25 23 -22 8 47 -19 2 8 -14 41 30 7 -7 33 25 -1 15 22 -11 -18 21 -9 -29 40 -37 -13 -54 26 11 -12 1 11 -11 14 -19]
[-12 -13 28 -21 1 6 3 -7 23 -33 7 -18 -39 -50 4 16 -35 14 27 34 -43 65 -5 -7 -18 -20 -24 -6 8 21 -47 26 -11 -7 -52 -19 45 37 37 -7 -64 -1 -57 31 17 -1 -46 22 11 11 -25 -41 0 10 -17 18 21 9 15 10 19 -22 8 -6 11 -27 1 -22 -23 -15 37 -31 -3 -6 -21 -25 15 10 39 16 8 5 -28 -6 30 8 5 -36 -15 -2]
[4 -22 -17 -5 33 18 -14 -31 24 29 8 14 -33 -11 -24 -13 -8 -3 -8 -33 17 31 9 -9 17 14 -1 4 -6 23 9 32 -26 46 -32 2 -11 7 -17 -47 -4 -54 17 -30 20 -9 -46 3 -5 -12 6 -42 -41 14 3 4 1 24 -16 22 -24 20 -48 17 9 -14 -36 -22 -60 -12 -9 -16 -32 15 -44 -2 26 46 4 31 25 -21 9 -12 7 -6 -19 -49 -31 -20]
[25 12 -22 0 43 -58 26 -28 -26 -26 -36 12 5 -48 -8 10 71 -28 -23 -21 5 -49 1 -13 6 18 12 -34 24 -31 15 10 -57 8 -10 -28 -48 17 -18 31 -27 -9 16 28 -26 13 -16 9 -11 -32 0 -35 -26 21 14 3 -37 -17 -6 11 -30 69 19 35 27 -20 -30 8 -40 -1 -10 10 20 87 -19 23 16 -6 -10 -10 16 -72 -14 -28 42 -23 11 -7 -14 18]
[-1 -14 -5 -12 -21 17 11 33 16 10 -24 1 31 52 19 -10 8 -12 -13 -18 -24 -31 -11 11 24 0 26 -7 -3 -13 13 -2 -31 -6 -10 -17 -21 -20 -17 -20 -17 -7 30 -5 -28 -11 -1 37 -2 -30 12 -16 12 12 19 6 0 15 31 6 18 1 3 0 7 37 -56 25 19 28 54 -2 -22 36 -35 -44 -10 -54 -19 -11 -47 -19 -21 1 -37 5 17 42 11 -19]
[-11 5 -48 16 -35 17 -13 26 27 -56 -50 14 11 -24 -52 -15 19 -24 31 19 8 -65 -9 4 2 -31 -3 3 -6 6 40 7 17 -38 35 1 -10 2 -6 -23 7 -2 -26 0 51 5 4 -25 12 5 22 64 5 -9 48 11 -37 21 -7 -2 27 24 46 17 8 0 4 23 -19 -15 -24 21 52 30 7 5 9 10 -40 37 -16 43 -13 5 3 -39 -15 -18 -8 19]
[-70 -19 8 27 37 -12 -10 -15 8 -1 27 -20 -3 18 6 -13 -17 52 0 5 -26 22 -19 16 7 -23 -39 37 -32 19 -27 -52 -21 -21 -45 35 66 4 1 4 -11 9 6 6 -5 22 5 16 -7 -15 -53 36 -5 -39 17 12 -18 20 27 -40 -62 3 -28 26 16 -34 24 19 -27 17 -61 -50 -29 -11 -16 -24 4 -32 29 -34 27 25 2 8 3 30 -8 -18 -13 35]
[18 0 43 -6 -30 17 -47 4 -28 -23 -39 11 -16 5 -4 30 7 -11 -9 -11 -17 -45 -30 -7 -16 -8 -23 -21 -38 -23 63 -34 3 9 -17 43 -9 -26 -13 4 -3 -12 18 -12 -13 -5 -5 -21 -6 -31 -8 -15 15 8 4 -8 39 -29 6 30 -11 -28 6 15 4 3 -37 -9 13 16 0 -34 -11 12 29 7 -39 -17 20 6 -24 1 8 57 -8 55 0 -20 12 -30]
[-13 3 57 -17 -63 15 -31 26 -9 17 32 -75 -1 42 69 52 -12 30 4 1 25 25 9 -14 -1 19 -7 1 37 20 -47 9 44 9 2 24 11 2 0 23 -9 28 -6 -39 -51 2 -17 20 13 -10 23 -6 5 -18 -21 -39 20 -21 33 28 11 -57 -15 -19 -26 9 3 17 40 -1 30 9 9 -12 23 6 0 -30 -14 -10 18 -16 -49 -5 -48 -10 7 9 35 7]
[32 54 -15 -14 45 22 -76 24 20 -21 -26 49 25 32 -7 11 -35 -16 32 -18 -2 -9 31 2 3 -4 1 -74 -6 8 19 -1 2 22 -22 3 -39 -35 -16 -39 18 40 3 -14 -15 6 21 -30 -32 -6 12 -21 3 2 12 -22 15 22 -29 17 61 -15 39 -11 12 30 -51 -8 31 9 -13 34 -4 9 28 28 -38 15 -40 -10 2 -4 -12 7 -19 8 34 29 -46 -30]
[26 -4 -24 5 6 -15 12 42 -41 -3 29 29 -15 -4 31 19 4 -11 -11 32 -10 17 -8 13 -18 -2 28 13 25 -24 -36 12 27 -27 50 -29 25 25 30 2 -50 15 -29 36 3 -2 -13 13 63 14 -5 -16 -38 -4 -36 10 -10 -22 1 -36 37 -31 12 -15 -18 -25 16 -40 34 -8 -10 0 -11 20 14 4 -10 19 -2 34 13 -25 1 -46 51 -31 26 0 -9 5]
[-39 34 -16 15 17 18 42 -16 31 -14 6 -22 -33 26 -7 -9 17 41 56 31 32 27 -13 -36 -2 21 16 -26 -7 -22 24 -55 -31 -24 -6 43 -38 15 19 -49 10 26 -13 -37 -36 38 9 -20 15 -32 -38 -13 -34 35 5 -22 -5 -13 -3 -11 -43 44 -52 -18 -19 -3 28 -29 -8 18 17 41 -23 22 -26 -15 14 54 -8 -5 -24 -50 -28 62 6 -40 24 -28 9 -1]
[-36 6 -10 17 8 41 0 -16 38 -12 -14 17 -6 -35 -33 -14 -2 20 13 18 -21 16 -18 -28 22 13 2 -15 -87 8 10 -43 -21 -43 40 11 3 -1 -10 -14 -16 30 -32 -15 49 27 61 -21 8 -27 -8 64 -40 -8 -44 -9 13 15 25 -12 -72 19 21 37 23 -18 32 18 14 18 23 -28 13 -19 -8 21 -11 -1 -25 -30 16 -41 3 17 11 -66 -8 -27 -2 7]
[21 -18 1 -7 29 -15 2 8 52 -44 -12 30 15 33 -48 17 -30 -65 19 -17 -3 10 23 48 35 -54 5 9 -72 6 11 7 34 18 20 -55 -24 -31 -10 -34 31 16 -4 -2 4 21 23 -42 -45 15 12 22 -8 -7 -25 21 27 32 -39 31 20 -18 6 -17 36 -10 39 7 2 16 2 15 19 10 38 40 17 -6 -20 39 0 20 -35 12 -29 -12 31 -16 -4 -5]
[-10 17 13 38 13 27 -29 14 32 11 55 7 -7 44 55 11 -12 43 2 -7 -12 51 -33 41 -21 11 -12 43 -29 -19 22 -9 38 -8 11 -27 11 20 24 -38 77 22 -17 -13 51 20 18 -4 17 -9 0 13 7 -14 5 -12 55 26 -8 -11 16 -8 12 12 -58 25 -17 -5 22 21 16 0 -1 -51 37 -8 -11 34 -5 -42 27 35 31 5 -18 5 9 44 14 -18]
[-35 17 0 -10 14 -5 -26 -19 56 -39 5 -49 -6 -6 -27 23 -20 2 7 -3 -37 13 14 -25 2 -7 41 -10 -16 -14 46 48 -25 1 -21 -4 -8 28 -12 32 29 24 -17 -32 -58 32 32 -20 1 1 4 -29 -3 3 10 -32 34 27 -25 33 -28 37 -9 9 -22 5 -30 -15 -37 32 55 -8 -14 5 3 -11 37 30 -61 -7 28 -80 -18 6 -27 -10 -2 -4 6 -23]
[16 -2 -19 12 52 -22 -2 -5 6 27 -7 22 5 19 -23 1 -10 29 28 -26 -7 40 -29 43 19 0 -26 -15 25 -13 -10 34 -47 -29 -48 -49 -14 -4 21 -45 14 -33 7 14 4 7 -16 -44 5 -14 9 -29 59 14 -6 -4 -24 33 1 6 -6 10 15 -11 29 -7 1 30 -2 -10 46 -9 -29 28 -55 -34 -25 14 34 -19 -7 35 3 -9 -15 -18 3 25 -6 0]
[-27 29 -2 11 -12 11 -36 7 -8 -19 -28 12 15 -12 4 7 -10 36 28 36 16 20 27 8 -8 9 -22 -12 7 27 -12 -50 27 2 -12 45 10 3 5 -24 -9 4 18 -27 28 -13 8 23 -1 -8 -41 34 -30 -18 20 19 30 21 -1 21 -24 -16 -9 13 -8 32 -16 32 24 8 -28 12 -22 34 9 -22 -24 -37 -37 20 -38 12 -10 28 -8 -2 12 -8 -27 29]]