[[130 -89 98 33 33 -38 94 -7 -126 -58 18 135 -169 14 -50 -103 -72 127 -123 -79 40 103 -156 -347 197 -87 168 74 125 -177 -13 77 -85 -154 -110 -131 15 -12 -152 -245 17 -7 29 -169 105 -112 60 -32 78 111 -35 79 97 -136 105 -37 15 154 121 -183 -95 26 -51 -16 -139 68 -21 91 -42 32 -21 126 129 -142 0 113 53 193 18 163 105 -134 78 -99 -50 84 -28 -63 -28 2 17 -8 113 -71 -30 -92 69 -89 30 108 28 -114 214 -29 -14 36 -11 12 76 29 -83 -115 -10 -91 -4 62 17 37 21 121 -8 99 -45 6 172 35 88 -50 62 -33 117 -139 131 34 163 144 -29 18 113 -55 -53 -94 75 54 -59 -124 85 -52]
[29 -109 -16 -28 -11 108 -25 76 236 -60 109 -130 -80 1 -1 -21 99 -91 33 89 -157 126 -104 57 -133 -150 -159 -59 -116 -41 42 3 64 -95 -14 29 -149 -149 36 175 58 -106 41 -57 -4 25 -272 -19 71 -63 136 -26 -47 36 60 -6 -163 -76 -146 161 -203 113 53 -64 -27 -1 -130 -113 -53 17 -97 -135 -75 -31 -57 67 -130 -5 -41 -76 -78 92 -18 117 132 -104 -29 85 37 106 -100 -145 -30 -83 133 178 -21 158 -68 -16 10 168 -13 -40 133 -78 -85 105 -136 152 -62 -37 -45 134 47 57 -169 95 -37 -205 187 -76 -238 37 -85 110 105 -57 -42 -52 -182 116 150 -28 42 -101 2 52 116 2 74 76 63 63 50 -65 -57 -20]
[-68 2 -130 74 54 89 86 -118 13 2 -52 19 215 -51 33 191 -122 -49 -239 -52 -58 -147 90 93 -31 -41 14 76 -40 141 -55 34 37 140 128 -210 82 -11 -55 -44 -36 -3 -63 3 118 50 215 7 -224 -53 -58 -7 -16 175 -112 73 222 -43 83 64 14 -200 -82 97 -61 -238 202 -98 14 -59 138 71 56 120 30 28 94 23 146 -127 -95 -50 35 -5 -10 68 92 -166 -49 38 59 -52 92 230 -39 -40 74 -51 104 141 -114 -58 15 122 -186 216 80 -20 9 -151 102 141 35 14 10 -101 48 -3 -83 119 -87 -31 218 -275 -33 -5 -96 78 -102 -13 -123 65 -91 -147 75 10 127 -47 -15 120 -47 -27 -46 43 -88 -94 -46 -38]
[87 -42 -198 -121 205 -58 25 -22 -18 59 -101 243 -9 40 -71 -96 -111 -79 -26 -4 -1 -25 -38 -110 214 64 157 129 64 36 20 -83 -165 13 20 -268 124 -56 53 -16 -61 -72 127 -103 55 -27 131 -125 96 -53 -52 127 159 -201 148 61 167 -70 2 11 -15 3 -86 64 -52 -49 78 -78 -64 166 108 229 140 -82 189 -36 101 105 217 -21 107 -112 -20 -18 -205 -141 -81 -291 93 -2 37 31 59 15 24 -166 15 -63 -61 24 115 65 89 55 -89 0 160 -29 185 12 -22 -74 33 15 49 14 129 100 -233 43 -149 15 31 19 122 79 -31 -35 0 -20 -103 -121 -50 86 270 -31 83 110 62 101 -30 -108 83 86 -43 -7 -199 -73]
[-84 154 78 101 -36 7 -15 14 -105 19 -10 -284 -23 -33 4 19 52 72 23 8 -29 -59 87 47 -177 -19 -77 -70 104 56 201 45 141 149 10 193 -74 57 -28 125 154 -17 -129 25 1 51 -92 111 -12 18 220 -98 -74 -15 -195 168 -107 -59 88 46 -68 125 86 179 20 -2 -103 -40 -126 -170 -12 -244 -44 83 95 -70 20 82 -155 -74 -90 49 -100 -38 188 -11 -131 52 -75 -118 -158 -91 -1 -93 0 -73 -18 117 33 57 -79 34 45 198 254 47 -101 53 -80 120 52 -96 -65 -42 50 -52 -63 -159 151 -59 -13 109 -39 84 -236 36 92 -47 -252 -11 -18 -54 50 -53 -47 -12 -61 -16 11 106 69 -10 -138 -189 44 -100 27 78]
[78 -51 -161 -57 -81 -43 82 -218 -136 -132 46 111 -75 -68 207 -21 76 -186 -207 -134 120 101 170 -37 -58 -125 270 14 -45 -152 -292 99 71 -34 19 -105 47 58 -128 -116 211 89 -54 -14 187 -110 174 36 -89 -84 -35 112 -2 39 -26 -140 -3 -23 -5 -108 -14 -139 26 -45 -52 134 -27 62 76 -100 68 167 47 26 -179 77 13 85 -95 156 17 94 124 -84 -176 245 79 280 46 119 7 -62 84 81 -124 122 126 -150 -4 48 -131 -116 102 -45 -121 40 -95 -203 13 -197 161 -32 -71 -133 -244 -15 55 -34 71 200 46 65 178 -58 101 -213 29 69 128 95 327 -7 95 -1 126 128 100 -94 -37 -140 -130 -136 -15 -28 -147 62 63 41]
[-81 24 39 -159 -84 -29 -56 56 -6 217 -18 -128 83 -25 -88 -219 103 79 196 53 -119 -131 -199 -37 -15 156 -141 -44 17 47 69 61 -75 26 4 -12 -188 -44 200 -7 -32 99 -156 92 -106 35 -211 73 93 67 96 126 -1 -58 -59 -62 -8 -49 -138 -163 2 23 23 139 79 0 -204 -74 -12 122 -166 -189 -22 -121 162 -10 36 -16 -152 86 68 -11 -8 130 109 -228 -54 -65 1 -22 68 82 -80 11 -25 1 32 29 -152 -192 40 46 9 -229 -47 -224 -6 74 -10 24 -123 -50 -5 89 78 126 -128 -36 108 45 22 121 -159 98 -12 208 -14 -153 -265 -110 -51 -42 -130 -41 -125 -39 -221 117 3 163 142 174 58 -25 49 50 -201 52]
[83 -45 154 104 -84 -35 62 61 34 -62 85 23 25 101 44 105 32 207 76 38 -182 -104 -237 -173 163 -43 61 -95 -21 -129 -38 -73 -135 -147 56 16 93 23 -44 -307 -144 63 -85 36 19 -74 98 171 -25 98 -70 -36 82 153 74 -26 -79 199 124 -77 -151 -163 -85 -9 -156 -21 -31 -130 17 219 -105 219 -78 -201 -12 135 -50 99 167 -18 -243 -246 118 -183 0 157 187 -77 -160 -66 3 192 -102 30 -24 -17 -28 158 256 41 -41 -159 179 -66 -72 159 -108 28 -27 -171 -125 36 -45 77 -47 -77 24 -39 207 172 -100 -108 30 -77 115 18 -1 7 122 -63 -46 -119 26 -60 -130 242 -162 -62 -28 18 -108 83 56 202 -39 37 21 -52]
[-58 -124 35 -32 81 192 -70 63 80 66 -58 -99 -72 -97 137 -29 123 57 15 -220 155 167 90 11 -108 -104 0 -44 -104 49 53 73 156 -1 -87 -11 -145 -46 77 209 -52 40 -20 20 -95 33 -171 -101 -74 79 -19 54 -197 -34 3 -194 -141 124 -61 -13 68 120 43 -393 72 52 31 105 -4 -46 29 -100 -38 87 -194 36 82 -177 -88 -156 24 26 40 166 55 -120 -171 80 217 119 101 -214 -2 -155 28 163 58 110 17 -227 -88 164 -159 -237 140 -149 52 -20 -10 105 -56 46 46 -141 58 93 -166 -142 -27 -32 204 107 -44 71 -48 130 80 44 -92 47 -38 112 -20 21 -46 -84 107 162 119 -83 -66 50 -75 -77 -47 196 -37 34]
[-146 102 72 -77 5 -173 -9 -88 -22 70 166 -181 129 43 8 -51 75 113 315 200 -68 10 -74 -56 -154 -35 19 35 -135 -36 -79 103 105 -60 -58 30 -227 49 106 -25 63 -3 -103 42 -176 65 -45 -2 179 135 -56 -119 -117 13 -58 -46 -60 -3 -139 -21 206 28 12 11 -11 160 -102 -33 115 133 -279 -173 -118 -59 -155 78 -64 -25 -76 117 -225 106 18 -123 136 -13 126 347 -148 -46 -7 212 -91 56 -94 172 -117 177 74 -50 4 -4 -102 -161 3 -167 -128 145 -64 65 -125 115 -25 145 12 -15 -124 119 178 -132 2 -93 -159 197 -25 90 -32 74 13 108 119 -105 210 -107 -97 -14 -132 -122 94 -170 31 212 89 111 40 55 -123 49]
[58 156 147 -41 142 -104 108 2 -104 87 -7 128 29 7 -106 134 -87 189 -104 -161 133 -5 -89 -255 -131 -49 176 200 -82 4 11 -7 102 8 -49 -196 119 78 -24 -124 -26 -1 17 -47 70 32 122 -103 195 106 63 18 2 -81 115 81 20 88 107 99 155 78 -45 -318 39 19 177 53 -41 -24 18 -140 4 167 103 58 177 94 87 -66 -75 -46 158 -201 88 -27 -150 -77 -27 -7 -73 92 -22 62 48 -113 -163 116 154 -96 87 -85 16 21 38 -34 -145 -118 147 93 110 53 100 -146 73 5 63 11 26 -91 -33 -49 -32 -104 -82 91 -74 132 -31 -12 72 -136 127 45 86 -166 58 -42 102 -78 -118 39 -76 115 -27 -29 72 3]
[43 -210 -192 166 -151 -13 130 56 132 -157 -91 76 -48 11 23 -19 -49 -142 -219 49 -7 216 59 122 36 -42 -8 -116 16 -218 -28 11 -50 -187 -28 84 -106 -121 -365 173 24 -72 45 -176 82 13 -167 -78 -24 -23 67 -8 247 -115 203 -4 13 -6 83 -64 -287 3 -49 202 -123 -16 77 -121 -26 -60 170 69 120 4 27 -82 -49 25 53 55 52 188 82 325 -195 74 68 -15 -139 -67 28 -112 132 75 122 47 63 -132 -18 114 -1 -85 91 73 -13 -44 228 101 -101 44 6 -237 -3 33 -90 -101 33 63 -159 60 67 12 0 32 4 -34 128 41 64 -58 -110 238 -3 -8 224 112 29 18 68 -55 -22 -109 159 5 30 -122 80 -124]
[115 109 348 133 -93 93 -173 74 -128 29 39 174 -3 -38 -244 231 145 150 2 -169 249 -206 -89 68 -115 169 -119 -32 46 88 -65 -109 -63 -78 37 93 244 99 -39 -170 -84 43 19 152 -38 -100 114 187 26 -70 -136 21 -90 263 -53 -4 -158 69 1 108 112 -77 29 -127 283 -228 16 123 237 -73 -71 51 -83 55 -125 55 -191 -198 -36 3 34 -33 28 23 163 116 265 -42 0 20 140 180 -138 -113 -8 -168 40 -76 60 -95 105 66 -189 -199 -86 82 -230 -134 30 -207 24 279 190 -137 -91 115 144 38 98 146 -65 -24 49 -318 23 -176 -237 -8 114 -157 68 28 -109 93 -198 -183 -83 -54 -293 -127 17 -53 -103 61 -65 88 374 19]
[29 -221 4 240 -226 158 -20 46 6 -179 -62 79 106 -89 -18 124 148 -22 24 -87 117 -16 -103 167 -107 134 47 -171 -62 -87 -116 -152 149 -74 130 173 126 32 -219 -31 -29 65 -115 68 -124 -103 72 37 -73 0 -52 45 -128 180 -30 44 -176 -25 -47 72 -29 -47 -7 -91 220 -85 105 59 249 27 -19 43 -95 129 -67 -88 29 -264 65 -95 -37 -13 -43 203 9 53 268 87 -25 139 135 74 -110 135 -5 -13 135 6 102 1 -114 -27 -162 -280 -24 -64 -11 -69 -153 -157 33 -116 33 -59 -149 -102 58 -100 98 166 85 84 136 -181 -42 -70 -87 -25 132 -87 28 69 -267 13 -215 77 -19 100 -143 -129 -23 -46 13 -39 -71 222 18 69]
[-23 65 -19 60 -31 82 -93 -187 -152 -12 -22 14 -213 61 -43 0 90 -10 -8 -78 213 157 59 -5 -103 154 -87 135 -16 12 77 199 2 -15 -186 184 -69 -3 -158 126 111 5 -18 -84 16 -72 129 57 -35 68 -144 19 -39 -109 -13 10 -24 129 115 -35 76 75 66 185 48 -112 36 51 67 -19 10 -51 131 -65 -167 -23 -35 -103 -73 305 183 17 27 19 -113 88 259 224 -60 33 116 129 122 -132 9 -53 48 -173 -29 -55 5 136 -99 -29 -36 1 90 -51 74 -43 33 -21 -68 -34 -45 -77 -39 102 -96 86 -68 248 -54 87 131 -18 70 105 -8 34 24 50 75 -54 271 134 6 -100 39 -52 -129 12 -77 -46 69 -95 97 28]
[-8 -112 154 16 22 69 8 110 -126 -153 -164 -24 -220 -111 -36 -25 4 -19 88 -188 256 4 10 -234 144 -5 -17 -171 162 129 -110 156 -83 32 30 -98 69 -51 37 16 -9 139 -54 74 -36 11 -54 108 -51 -20 -25 136 7 -10 -148 -182 68 12 0 -260 67 12 76 -58 189 -48 -139 207 -35 -99 -140 65 66 11 -114 -104 -58 -158 -135 113 258 -1 -60 171 -20 42 -49 -77 82 24 273 -152 8 -323 -113 -104 137 -232 -59 -112 -8 65 -38 -155 -154 -6 10 -42 112 -96 -203 -26 177 -196 -171 170 35 -88 -4 60 7 178 -84 64 106 -96 -84 -159 -124 -46 156 81 7 97 -80 -289 -10 138 -150 111 126 -191 2 -150 -31 132 148 -69]
[41 -31 92 -100 -148 48 0 296 200 93 20 75 98 -105 117 -43 184 -215 -23 86 -188 -47 62 197 71 104 -11 -193 -63 13 129 -264 -67 -12 66 257 126 128 203 65 -82 66 137 143 -215 50 -191 -9 141 -101 52 31 -82 108 90 -79 -1 123 -98 34 -94 17 -69 -215 134 104 -45 10 -59 -65 -28 117 -105 108 71 -98 -96 -138 -61 -244 -57 -108 -45 -17 -50 -23 -67 48 90 -30 -95 -12 -113 17 88 -16 -152 106 31 -53 76 -16 -18 134 16 -77 -102 92 -117 46 12 53 -76 -2 -49 -54 47 -340 47 38 -92 -157 34 167 -144 -86 83 -137 174 11 13 53 -260 181 -322 -13 -105 132 -63 46 74 15 -18 -46 32 -3 117 186]
[-146 59 75 230 46 4 40 41 -19 -160 -93 -34 285 181 -26 392 -60 165 62 82 -74 -221 -12 61 -125 -22 -199 -60 -54 -50 -118 -130 225 -16 126 -143 -20 15 -64 -153 -139 -96 -16 142 -92 4 -72 -62 -139 39 -163 -206 -106 353 -162 111 -17 45 -86 68 -51 -134 -86 -19 -78 -93 74 28 194 -17 -155 -45 -120 -64 -145 101 -171 -163 204 -182 -169 30 -27 -101 244 108 140 -85 -111 70 233 108 -129 176 -154 93 60 182 90 149 -213 -34 -107 -131 -154 104 -243 160 -98 -111 -85 91 151 -5 3 -51 35 131 70 52 146 -138 91 -221 6 59 -268 -50 -41 -156 -106 -8 3 -77 -281 -140 -21 -77 -49 -246 52 99 137 108 -50 99 33 -22]
[-14 80 -132 -213 -180 92 78 57 76 -137 166 -118 -151 -256 162 -109 118 -259 -252 48 -25 38 72 208 -384 -20 -152 25 -19 133 -125 145 -1 217 101 -12 -80 -78 -6 153 197 27 -189 -45 240 57 -109 239 -16 -230 228 118 16 156 -202 -40 57 -167 -153 -4 -191 132 7 172 101 -207 -125 -226 -137 -161 -169 -189 78 298 76 -15 -117 -134 -312 -49 -2 61 8 385 5 9 141 161 -118 80 10 -257 68 -13 56 81 37 -140 -153 -38 82 46 9 83 -201 -10 -43 -21 -94 -58 46 111 -46 91 -89 10 -36 -84 -168 91 -44 147 -152 5 -199 -126 44 -88 -234 106 -171 218 -20 -181 147 -87 9 35 -171 250 83 25 -22 -7 110 -267 12 113]
[123 151 -156 9 146 -203 71 40 -95 -29 63 85 -19 309 41 45 -208 273 -193 187 -52 -96 143 -72 -49 -60 115 125 124 -18 30 -188 -163 -32 58 -213 157 -41 -196 -120 -128 -190 79 -147 249 42 168 -45 131 167 6 -169 281 -65 47 194 52 -43 273 137 -219 65 -49 117 -219 156 99 -132 -177 86 211 175 169 31 258 -104 105 245 152 -121 -88 -35 208 -83 -42 13 -90 -370 -161 -227 -68 -1 -41 8 5 -162 -20 109 105 56 34 -255 254 236 40 266 183 22 137 79 66 -33 158 -116 133 -171 166 -18 -123 125 -135 -88 149 -114 -72 -103 53 107 -18 35 -127 -142 -87 62 220 100 -58 -107 -85 -90 -75 59 -13 159 75 -13 73 40]
[114 -27 -205 -37 126 137 -97 98 50 -59 -65 81 -45 9 65 -13 99 -142 41 46 126 49 309 252 -150 -23 71 -79 -56 74 62 13 35 -35 -9 -124 -78 -141 23 137 94 -39 41 14 -54 45 -141 -109 -4 120 -163 -98 -17 -67 -96 130 -65 -74 -78 67 -97 78 36 -22 -99 -60 -140 -51 -47 -19 -38 61 276 31 -112 -25 -48 -1 18 -140 63 50 -35 196 -103 -3 -99 -49 146 59 135 -138 25 -224 -135 93 154 49 -75 -60 -46 229 -40 -115 37 59 76 100 6 157 -258 6 38 -79 42 -36 -203 -219 -160 128 32 91 124 -37 -72 27 109 -158 -208 62 -218 39 63 74 165 -75 37 126 13 -246 -129 -61 -9 -112 15 45 -123 117]
[-76 82 189 289 20 17 -34 -119 -122 120 -211 -141 -174 -39 -22 94 66 165 -193 -234 111 42 -12 -45 184 91 -62 -41 218 -78 202 57 -243 77 -93 30 -157 26 -231 28 55 117 -59 4 90 -136 5 126 -210 -144 8 33 163 -74 36 5 -125 135 154 -182 -121 -75 -43 276 -76 -172 -35 13 31 6 281 121 28 -278 -32 65 54 187 22 196 17 -27 -30 -23 74 103 187 -192 -22 -144 36 40 93 -110 104 -225 155 -63 117 64 39 -174 82 14 154 105 91 -4 168 -150 35 -86 -176 -75 -61 82 53 29 173 244 -130 298 130 64 18 -119 31 74 -112 -243 40 12 -39 -47 -13 182 -129 -128 -3 135 -2 -271 -78 -89 -79 20 241 -97]
[101 -37 184 32 -18 -45 -156 238 137 25 184 311 47 56 -250 -13 -51 196 79 128 34 -88 -35 172 196 156 -131 -8 149 -138 63 -116 -1 -80 -11 212 18 21 45 -7 -159 -205 97 -116 -131 -64 -144 -147 73 -3 17 -88 -62 -68 214 163 -147 -66 -102 26 26 202 78 -24 11 -9 -46 211 96 -7 -125 45 42 73 -49 -47 -50 -55 -74 -191 119 3 -209 68 27 -37 -186 -134 138 65 -67 -26 -129 -46 97 58 66 -76 -239 -78 37 223 -156 -159 129 -90 7 121 -21 290 -226 -54 41 -12 198 160 42 159 -49 -105 140 -280 -137 -80 122 26 -8 -76 116 -20 -205 -41 79 91 -119 -157 76 195 -90 -256 121 36 87 -94 -48 13 -41 -85]
[-79 -205 -55 -4 12 -153 136 -239 -53 -219 130 28 116 -98 93 -15 -54 19 -25 85 -208 -12 -168 -325 63 -155 116 -93 -27 -149 -341 53 -4 -7 54 -170 -28 -87 -155 -143 19 60 -138 -103 210 10 107 29 23 -109 132 56 155 -69 249 -99 65 -184 -49 -94 -174 -28 -31 125 -104 56 5 -12 41 108 -247 88 -194 9 5 202 -20 109 -34 -49 -117 73 67 -165 -97 126 -75 6 -183 141 -43 -132 -25 162 49 179 -45 34 -124 99 -115 -1 231 40 -130 -11 -120 -17 -42 -46 -104 -129 -23 98 -75 77 148 244 63 -59 -29 -318 -170 56 141 93 -142 107 33 25 131 -101 282 -121 287 -230 76 -7 85 6 72 -10 223 196 -162 76 -293 -219]
[-1 -241 75 -142 -191 25 -35 -34 -56 -11 -42 44 -36 -257 -56 -223 -5 -303 -84 -130 -78 113 -101 -62 -7 -46 -86 -192 144 -33 -138 -71 111 -70 -114 155 62 9 -106 -183 140 183 94 -64 -80 -18 -251 8 111 -58 246 174 -43 36 -26 -211 -28 1 -258 -184 -117 132 4 -12 180 107 -24 189 41 -191 -137 -178 -110 94 67 76 -200 -239 -343 197 299 -16 19 102 -59 -1 -242 258 -24 254 -78 -166 -23 43 80 94 -38 -147 -386 78 -30 -30 101 14 3 -258 -115 -108 -285 -69 81 -221 -138 16 -66 148 -12 -17 98 -133 130 -30 -203 80 12 -2 -20 -234 111 44 241 90 46 145 -69 23 86 62 -34 67 104 40 87 -159 -86 -166 25 67]
[-45 32 137 38 94 -59 13 41 -66 231 -21 -122 126 -165 -182 47 93 13 87 -155 -7 -160 9 -51 119 -26 201 -137 97 -26 23 46 153 40 -22 -46 -45 142 90 -187 70 0 -95 -22 -68 40 4 -42 39 8 258 -73 -78 -112 15 30 -110 68 -36 -64 130 -142 -102 53 -49 -32 5 -58 -41 39 -37 -124 93 94 26 25 72 95 -6 -94 -224 -63 70 -127 43 91 -354 -171 -35 59 -99 -32 -13 -95 22 28 33 146 80 12 -81 169 13 -74 160 -46 -178 -115 -30 -27 -122 -48 41 -102 174 66 -155 -90 167 41 27 -177 3 -6 -100 133 59 -23 -216 53 -14 -97 294 -64 119 -170 103 131 -37 16 -142 -37 -88 -119 -317 10 -207 -84]
[-60 116 -31 -35 23 47 101 2 69 120 130 155 166 -224 -138 -62 -2 56 -206 -9 30 -157 -35 140 -176 148 31 226 -42 208 95 244 111 207 -60 -71 -138 35 104 168 161 4 -247 -222 23 45 157 -15 71 74 60 105 -97 -91 -158 227 215 -50 1 50 58 174 10 15 82 -293 -48 -57 -94 -112 -68 -219 285 265 149 36 325 88 -185 -61 45 -241 -29 198 37 -211 23 44 -9 83 -102 43 134 38 57 -55 34 -34 -82 -151 -4 92 -92 44 -106 9 114 73 4 120 -86 190 -56 -66 146 -17 14 -201 -104 -23 -228 97 49 -206 -79 16 65 -96 -209 93 -95 -102 -61 -58 122 4 -56 138 96 168 -70 84 -57 39 102 -282 -206 61]
[190 -161 -179 -127 47 168 78 124 294 39 138 176 -25 -35 -83 -5 258 -292 -177 -48 -246 -111 -82 1 75 -189 157 -215 -55 -29 -188 -37 -140 -236 174 -202 6 -11 -41 0 42 -45 47 -74 48 -3 -156 30 76 -185 257 114 25 133 47 -18 -128 -33 -227 68 -294 -184 23 39 -49 60 -399 -159 -21 106 24 263 138 -114 -120 18 -167 136 -21 -27 -152 -112 85 147 -35 47 51 -123 67 140 -37 -43 -10 -80 170 197 141 51 -59 -84 -154 111 35 -211 -54 105 -68 -28 20 -140 -233 90 -19 -14 -67 164 -2 -159 30 110 -27 -143 68 -191 69 -163 114 -220 -34 -76 24 45 6 -13 -89 30 -41 225 -107 88 -3 13 93 126 -288 36 -123 4]
[-149 89 -304 17 -23 -114 -149 -273 -97 16 -226 -49 249 75 125 -33 172 -161 389 29 207 -103 -7 206 -118 243 134 -33 -123 -46 -126 4 -8 56 -66 -18 -107 -104 108 287 155 157 -154 200 -13 -127 89 4 -102 -205 -189 75 110 -78 50 -18 -48 -75 -60 -80 155 -216 -20 241 34 -60 -103 -200 285 225 81 44 -132 -276 7 23 14 -28 204 -5 -63 253 56 55 -125 -88 88 217 77 -131 105 259 -19 90 -259 66 80 37 -26 -84 -27 149 -118 -189 -15 -209 -53 -47 -57 -329 182 -112 2 237 -201 -30 78 205 -94 144 -154 77 86 235 77 63 -132 43 -6 -22 31 -139 -194 44 82 -7 -34 -106 40 -81 -165 -74 134 0 61 337 -383 -4]
[109 49 -25 140 -53 -8 -4 -76 -191 -89 -94 -19 -24 -2 -172 277 -51 -107 -162 -77 46 -11 0 -94 -272 -18 88 -112 93 47 21 73 121 -122 -104 -21 212 -44 -211 -111 292 -18 95 -111 129 41 139 5 53 116 59 -42 175 -61 -25 236 37 44 244 133 -2 -91 -54 194 -39 -216 130 -74 40 -97 18 -177 265 107 69 48 -46 85 85 134 142 84 238 -94 -66 175 -77 -81 -199 -57 -28 23 -51 -44 -65 -111 -31 -94 63 204 15 49 195 280 -12 112 -212 -131 -90 -150 225 -115 112 -23 -41 -122 87 99 -63 144 -91 -53 -14 -273 132 -26 -61 51 -32 -7 -51 17 243 39 409 -231 -3 -88 1 -140 -213 -81 -130 63 43 -317 267 3]
[30 127 220 -18 132 65 -114 -86 -151 48 181 27 -65 -18 -6 -36 54 92 208 -93 250 112 190 24 -47 40 146 -25 -41 258 8 76 0 -11 -115 209 94 144 31 116 -24 -21 16 -42 -101 13 194 128 42 133 -255 -30 -206 24 -98 -143 112 185 201 -39 290 132 83 -117 186 -32 14 276 43 -122 -127 91 -144 100 -334 59 -144 -88 -163 -114 -202 -51 -17 -28 -57 112 23 315 -65 -177 -66 92 104 -237 -113 -105 -65 -4 165 -188 14 169 -153 80 56 72 36 134 15 8 -138 304 106 65 11 11 -30 -117 -16 -39 -311 -68 67 160 -140 -2 0 51 125 267 122 -193 54 64 -40 73 22 -154 94 -76 -72 0 -69 -40 32 -68 149 63]
[244 -234 -88 37 -30 77 -16 -24 46 -39 155 142 -67 67 -101 -219 262 -129 166 -81 -81 -86 -260 -42 151 -28 32 -145 40 -95 -180 -25 107 -167 100 -105 118 -26 202 -31 209 -85 -44 -122 74 -224 69 61 -65 -63 -43 305 -68 -54 104 -107 -123 -196 -54 159 -324 -18 94 -38 -3 -66 -205 9 50 211 -62 252 2 -196 -4 45 89 116 72 25 -100 -179 56 24 -77 -113 -28 -186 278 360 -16 -72 -115 -148 -45 -11 332 114 -120 -143 -63 286 153 -164 34 69 -145 -117 7 -131 51 -154 60 -24 -59 84 -7 158 25 56 170 -126 -41 -176 182 88 5 -74 95 -132 -45 -69 37 106 215 -48 -21 212 39 36 43 -73 -25 5 -151 155 -174 -111]
[120 -35 -80 -125 -72 -158 58 -41 -46 -27 21 -143 86 -54 2 51 -44 -266 87 134 -17 86 50 1 -28 69 176 -35 -72 -34 -68 -21 -40 -57 39 36 249 -45 104 -88 97 143 171 -46 -57 193 188 39 246 68 -46 -34 224 -225 118 71 99 -172 142 191 72 -156 -24 -6 2 108 124 -132 -113 114 30 15 134 159 120 -192 58 55 165 152 -53 59 113 -145 -249 126 9 -68 -202 -120 -82 132 -6 59 13 -82 -262 88 158 103 389 -65 114 263 -6 15 150 -92 76 92 127 2 41 98 -106 -348 -37 45 -29 -115 -161 -221 20 107 -121 -159 31 264 105 87 75 122 111 -75 231 -123 -77 -102 -90 -8 -97 -2 -97 60 99 -64 54 -6]
[-258 81 -64 62 197 -198 175 -157 -34 291 8 -80 239 -95 -56 -33 150 29 -144 -37 -60 -93 252 1 199 6 13 -46 168 -19 -7 70 -11 -15 -45 -16 -274 316 -242 67 50 -54 -54 -226 -80 100 -27 -44 17 -65 68 19 35 -92 -11 -93 172 69 3 -151 -164 -185 -152 330 -135 19 -38 34 -16 10 214 190 96 -62 -54 -1 17 120 -78 -31 -259 -75 34 2 -30 70 -61 -57 -103 -96 -71 49 130 122 160 -48 117 54 19 54 -202 -139 52 182 65 -27 195 239 16 -111 -69 76 -66 -67 -122 130 110 47 146 102 -251 -103 268 182 -189 -12 42 107 -164 -90 130 47 112 -34 195 43 -50 -27 91 84 112 -97 105 5 -245 -22 -57 -71]
[77 35 8 -75 5 196 -53 -114 87 -117 110 -3 40 -143 -172 -125 -150 30 118 25 -69 -35 -246 -92 -302 -44 -214 225 -143 79 3 139 178 -19 -17 72 39 -9 -44 -38 36 -57 -10 41 142 19 -53 58 -18 -31 71 39 -138 157 -130 53 -78 -130 1 131 72 11 101 72 78 -65 -113 80 39 -106 -27 -415 -127 29 122 32 -75 117 -62 20 113 86 -101 38 170 -85 -90 254 64 120 -334 1 155 107 -4 25 -75 -62 -149 -38 -25 49 -12 -40 132 -87 -91 3 -95 37 180 40 0 216 14 190 -226 107 -75 -378 127 139 -75 -163 -179 190 -15 -86 -138 -55 10 56 -3 4 -168 41 179 -128 113 190 91 241 -53 -80 97 -226 -58 -14]
[25 -148 51 8 20 -28 -72 -130 -47 -70 2 -32 -39 9 238 6 -166 -42 88 -145 -64 4 20 -3 158 -153 -21 -96 121 145 -155 66 -32 12 4 112 111 71 132 -36 22 -51 36 118 150 -128 263 188 -352 -89 -33 57 -44 246 -134 -284 152 91 60 -68 119 -169 -39 126 -49 -41 132 -40 -37 7 110 181 -244 -114 -140 84 -92 -42 50 114 -30 -15 13 -87 -222 141 -14 208 27 -117 -20 -5 0 -46 -116 7 79 -174 176 -13 -248 47 115 160 -151 110 73 -176 19 -276 211 130 -56 46 -70 -87 35 33 91 -89 43 33 84 -120 202 -17 -57 115 246 148 70 70 26 91 -148 103 228 -176 9 243 -46 21 -148 -9 -139 17 41 -51]
[19 -106 -138 -7 -5 -69 -29 129 52 90 -84 84 4 81 -243 27 -109 -66 176 22 86 49 -217 -207 260 -7 -53 -36 9 -43 11 186 -48 -109 -49 -110 -94 -93 136 -44 61 57 87 -89 -102 55 -98 -104 -66 67 22 43 59 -166 -32 112 150 -52 -197 -23 106 -32 56 90 -43 -71 -54 -110 -70 67 -54 -77 92 -215 -18 -127 107 -121 145 265 170 10 -123 107 -48 -160 -40 -126 37 9 215 105 -18 -53 -74 90 51 -228 -132 37 -9 146 -64 -51 -117 -163 97 -38 121 49 -99 -98 -36 88 -66 38 -75 135 28 -55 115 118 -176 -68 382 149 16 -74 -73 -138 -171 112 222 -13 91 -150 21 199 85 -47 164 48 43 32 -65 88 -166 -96]
[-163 226 6 176 -38 -143 -55 92 -12 -116 -126 -41 25 185 -15 208 113 -32 87 45 281 -88 354 119 96 44 -29 -109 -60 4 81 35 -24 63 35 249 -148 12 -79 340 136 70 -88 18 -36 -78 -34 89 -102 -131 106 -240 -8 -4 -114 185 -97 22 18 -67 -1 -9 238 85 -51 -1 -181 26 -124 -188 182 14 18 -114 -94 -195 -6 31 -115 -47 -70 128 -171 -142 58 128 11 183 9 -129 8 72 38 -196 -46 -5 126 -42 76 -109 -246 30 -120 112 112 100 -70 55 63 -142 -79 -134 -138 -211 -196 -29 100 -242 201 66 -95 74 91 206 -46 -233 78 -172 -93 8 99 -34 13 138 -195 -3 20 -95 -133 -112 85 -160 47 -142 -12 310 -12 72]
[84 -170 -116 -22 13 98 -246 -207 -86 -188 113 -100 118 -64 -4 43 36 -78 191 254 -92 -168 -24 -153 -15 85 159 -7 118 119 -62 -198 -98 91 71 34 416 3 72 -74 -80 -53 65 0 -68 115 362 128 232 -277 -21 -55 -137 127 -135 40 -57 -166 -11 200 136 -74 -22 169 283 129 41 50 208 123 -131 154 -119 130 40 -256 -232 -165 -25 -164 -19 -2 -121 -109 -56 138 182 122 -79 84 -97 -52 -45 -62 -59 -79 -116 23 6 290 131 114 -83 115 -57 92 -41 17 -134 -158 63 -49 139 64 -162 -90 171 143 -98 -23 -271 -246 -42 73 -35 -337 -16 73 174 64 101 -109 -163 -4 5 -167 -1 84 -279 77 60 -28 -16 45 -129 89 -65 56]
[24 55 -115 -47 -90 106 65 36 56 20 181 -12 -167 -101 178 -31 120 -48 -145 -130 -10 97 83 -55 -205 -234 -130 23 -98 94 -63 97 214 -67 -2 3 72 130 130 180 176 -31 71 41 113 98 -67 69 23 -19 -28 124 -119 116 -146 -166 37 -30 45 125 -113 63 54 -314 118 -44 118 -140 -94 -257 34 -7 17 53 -113 61 16 -96 -97 -20 -13 73 175 134 3 -211 20 190 174 163 -107 -119 -53 -6 72 115 -123 -74 -112 -98 9 82 84 178 13 -71 -179 -199 -32 -5 351 276 141 -78 -249 40 70 39 -107 -5 153 69 -45 -131 42 63 4 192 13 -19 -4 179 145 92 234 -169 13 54 97 -37 -9 68 -90 55 63 -26 318 -111]
[-214 26 66 266 -30 -218 79 -67 39 -73 -25 88 349 -131 -107 165 -423 56 -97 45 76 -182 237 348 -13 -247 36 41 27 135 -179 105 172 141 85 -35 0 78 -90 17 37 13 -126 52 -3 64 208 -22 -100 0 172 -252 34 118 -209 214 77 -262 70 -4 341 -80 150 4 13 -69 317 -95 31 -288 15 -242 3 380 113 78 212 75 -29 95 -10 235 8 -1 -35 101 -117 340 -88 60 -267 59 -14 273 -11 27 -99 -193 77 57 -163 -226 -78 135 -50 59 122 -156 -78 99 69 120 35 -135 -36 -166 103 -18 219 -326 119 -156 172 -295 -212 -124 -145 143 94 137 159 108 306 65 -34 -137 248 -272 -64 -18 -97 -39 34 -202 10 -48 13 -287]
[-160 39 241 257 -104 -9 23 323 115 -205 -123 -73 27 -139 4 30 -27 212 -5 57 -10 -226 66 205 -127 101 -134 -148 -59 -70 177 2 40 127 116 179 -234 -238 -86 233 -158 7 -328 172 74 61 -180 53 -88 16 101 -168 17 27 28 63 -244 -38 48 -112 -153 156 44 100 4 -174 -101 -74 -78 -138 -41 -119 61 119 134 -95 27 -11 -109 -304 66 121 -73 298 258 -91 -84 -185 -27 -52 31 -254 53 -228 18 29 42 110 27 -146 -74 106 -130 -239 140 8 -147 192 -104 154 -354 -71 57 -159 183 76 -55 -212 -41 61 53 -55 -158 143 -124 26 -19 -199 -315 -45 -245 3 -218 -61 -121 -113 -41 122 -208 21 92 -17 128 -160 10 103 -84 -73]
[-159 99 55 -13 146 -240 12 8 -46 208 -101 24 -94 62 -70 60 -54 -81 -64 -116 13 13 117 -98 119 -58 43 -48 -2 63 63 117 -168 94 0 -159 -195 -17 -2 153 102 28 102 -19 -33 117 27 -111 -3 -33 71 6 101 -275 22 28 15 -7 -151 -74 229 104 107 112 -61 105 -127 -27 -86 -99 179 -86 114 -125 -66 -37 140 -6 -37 297 162 63 -25 -96 -46 -90 -137 -112 -3 -107 60 48 -48 -124 -17 -69 18 -148 -57 -74 -19 7 -68 54 28 -7 49 -62 388 10 -41 -39 -140 -202 50 -43 97 -81 169 25 -51 34 -31 193 232 -120 -47 -68 -59 -25 233 -48 98 42 74 -217 -39 -3 71 34 153 -47 -58 40 -141 107 75 -48]
[-99 -72 -60 72 75 2 -108 99 181 -61 -34 111 -33 203 113 200 -38 78 221 -63 44 -42 246 -88 289 -119 -70 -200 -53 41 -66 37 -9 -22 139 141 42 77 126 334 -190 -162 -26 59 -35 19 -82 -19 -272 -96 -98 -56 -58 -19 14 -325 -76 64 97 -112 225 -63 182 -82 5 27 14 143 98 -132 190 177 -81 -166 -329 -73 -122 -93 34 -248 -142 164 -160 84 -147 0 -111 22 172 -16 -36 -124 -167 -225 -64 111 139 -76 42 -217 -257 201 -203 -34 85 7 -44 102 170 -182 4 -59 136 40 -88 149 160 27 -62 25 58 -149 21 134 341 -53 -123 -8 163 29 -12 -4 46 130 -259 -133 201 71 114 -4 127 -55 63 38 -113 344 99 -240]
[219 -183 238 97 37 177 -159 46 95 80 10 124 -231 -20 -289 -93 144 -146 -109 10 -58 115 -222 -219 122 49 -9 -97 65 108 190 53 -334 -285 -312 199 -106 -59 -30 171 147 -27 232 -129 65 -28 35 -21 181 -155 57 -77 117 -97 113 -44 -99 221 -115 147 53 68 -125 210 22 -187 -67 20 5 31 132 0 156 -276 -58 1 -187 116 -38 376 269 -122 -30 39 19 -12 231 -13 -84 -48 -82 131 147 -388 253 -87 -59 -189 33 96 203 108 0 137 99 38 -87 107 20 -56 -74 32 -179 55 139 104 -4 4 -91 -132 -232 -8 -251 59 287 -208 19 -220 252 -37 39 -63 -60 175 45 -58 -67 93 -22 85 71 -165 7 161 -128 -172 271 107]
[-130 97 -67 -17 122 -147 67 -71 -82 -10 -211 -269 -40 -140 29 -17 66 -178 213 -67 139 82 274 190 -118 -60 -33 -125 154 115 13 -15 236 155 46 -64 -113 30 4 143 249 21 -185 -37 -202 82 -124 76 120 -43 70 -52 33 -223 -227 -68 21 -166 -146 -22 76 22 -13 12 -47 -226 70 -21 10 -10 55 -199 168 64 -11 46 -143 -28 -161 -117 -80 124 -104 219 19 -177 -141 -82 -87 89 36 -81 -147 -183 -33 22 -1 167 -38 129 119 67 -48 48 48 -113 -112 10 -139 -140 -48 -184 134 30 -72 116 26 33 21 -161 -18 9 67 111 -242 -83 -186 -72 -180 62 32 0 237 7 55 -240 16 45 -50 36 -58 -302 77 13 73 -11 4 -34]
[-135 -63 16 115 172 207 15 -35 -33 -81 -161 -91 127 178 103 204 -154 91 -152 -65 126 -21 34 -139 115 -60 -144 134 90 204 -1 89 142 117 -106 -130 2 -86 40 -116 -137 222 -36 -129 -43 -22 100 -106 -336 97 -208 -160 -43 211 -284 -30 241 338 -1 33 2 -47 -72 -165 -96 -175 202 221 -52 -102 -77 -50 -13 -9 -228 109 -11 -290 135 -46 116 -421 -111 -37 105 38 1 -77 -1 153 343 -96 85 -93 -25 125 32 42 97 196 -168 -83 -132 163 -172 239 98 151 -121 -115 -48 134 -7 28 122 -9 12 -119 -30 -39 -61 128 165 -78 129 -140 -131 -131 133 69 -104 14 -151 -159 -358 250 153 117 28 9 -20 120 -4 37 117 -15 -21 173]
[-87 -192 270 197 -115 -111 196 150 87 25 -78 212 -17 -313 52 42 -57 298 -159 -296 -6 8 -83 7 178 75 198 -171 205 -58 35 71 -90 3 127 -15 -58 71 -340 -236 -84 15 -227 -87 -105 -153 -48 -25 -156 176 -35 151 71 152 129 -18 -40 236 49 -345 20 -7 -216 6 38 -167 70 142 103 -4 -6 181 73 235 -49 88 144 -75 10 -200 -31 -210 -78 287 -36 132 38 -117 -121 -122 27 -80 -159 99 113 -207 272 -101 193 27 -92 -265 23 -275 -65 -78 242 59 -15 -189 -131 -61 -39 -141 -75 54 108 -209 205 346 -62 189 217 -212 48 2 88 -90 19 1 -17 45 -130 2 -289 162 -14 105 64 -13 -85 -145 -27 41 -41 -85 122 -107]
[0 208 -143 -162 -47 -80 33 14 186 -44 131 300 -11 130 117 158 158 -166 -269 99 -90 15 176 145 -149 148 73 -16 -287 48 -96 -142 -118 35 73 97 35 113 -198 147 59 60 118 6 143 -36 30 -68 61 -68 20 -115 120 -14 234 209 30 -73 -23 184 -69 30 76 -73 -40 44 -21 6 10 -47 195 59 119 63 79 -63 104 63 -6 -75 8 71 127 -102 -138 2 154 -7 -42 72 -183 202 -147 239 195 167 -46 -35 -62 -130 -93 -239 -28 132 33 -10 19 -111 146 -49 102 55 -216 81 -123 -129 150 -170 -110 9 -220 -198 109 -28 15 -227 -61 89 85 49 -2 7 -82 62 146 -113 -87 -210 21 -243 -107 60 34 187 76 186 -4 189]
[30 211 -2 -219 137 -246 -38 41 77 103 -3 54 -51 223 -27 115 -269 -35 239 -18 -47 43 112 120 -13 12 100 67 -78 224 97 -201 32 78 102 13 221 -39 76 18 -8 -55 109 112 -54 186 -24 -131 183 126 129 -186 32 43 -129 369 36 -186 -140 155 318 164 147 -88 140 187 15 41 -175 -126 80 -123 40 37 77 -9 17 60 46 -118 -92 35 -171 -113 129 -170 -231 -58 -71 -223 -334 145 -169 90 89 -75 -257 93 -100 -85 75 27 -64 159 263 2 75 -44 68 225 61 -12 -64 131 146 -52 -7 46 88 -279 -4 -74 67 -74 -190 39 -36 -144 -39 117 -116 -274 22 -13 -297 7 -11 -127 -35 -107 -10 164 -74 -43 46 -45 -115 69]
[32 30 -77 61 137 -11 109 -80 164 -97 15 190 122 130 221 24 64 43 -61 218 13 -52 108 76 130 -53 -119 161 -23 29 -19 -43 -92 66 -43 -110 56 175 61 94 -3 0 56 25 49 15 120 38 -96 -119 -192 -57 87 129 101 79 195 44 58 115 -117 -61 -69 -102 -376 -96 -58 -18 35 140 45 257 104 -182 -45 158 1 207 138 -93 -96 -115 23 -204 -37 113 270 -11 118 65 -67 161 10 68 -123 172 -28 37 69 169 -25 -90 92 223 -155 297 15 98 -29 -16 2 140 -121 24 -137 -69 103 106 -138 -133 -108 -167 164 -81 12 -196 -60 122 195 4 -94 -16 70 115 61 -17 -13 -86 -5 -127 -153 -34 0 125 53 -33 9 -3]
[-214 89 12 75 13 7 -138 -173 -93 167 -39 -30 151 21 -88 276 27 -101 -160 -40 206 92 296 260 -113 -43 72 -37 -41 222 -40 -47 1 107 116 -7 -3 0 -251 191 195 -102 51 -24 -146 -73 116 100 -53 -55 45 -7 -206 127 -159 17 155 -153 41 174 75 -42 98 147 187 -145 173 -96 108 -103 147 43 -198 237 -122 -126 17 -137 -35 71 -228 256 64 -118 32 3 184 302 -111 -151 89 27 -68 275 -27 -254 156 16 297 21 -204 -162 -124 107 -71 77 171 -1 13 -162 170 50 -98 -36 -150 -226 91 -125 205 63 -103 88 97 -38 -293 -14 -69 175 -21 2 92 146 110 52 104 -28 120 -299 116 83 101 -208 -174 -44 -33 77 186 137]
[-122 162 177 56 -54 -64 7 29 -212 98 -313 -122 -234 231 -130 -189 -34 95 -70 -105 -80 167 -33 -72 184 108 -200 -28 115 92 125 -11 174 6 -241 -21 -223 -3 45 -99 77 65 -15 23 7 -101 -187 -87 -59 153 196 -46 76 -90 -113 -41 82 159 109 -157 -4 36 19 -90 -13 -1 141 194 -170 -98 2 -447 123 -184 278 36 99 142 -197 426 283 -90 92 -136 165 -102 -102 -154 25 178 108 -57 41 -22 159 -149 73 -31 -110 -70 11 -309 81 114 -65 -41 -72 -64 -31 -34 79 -242 -12 -239 123 44 -42 -89 96 -75 281 239 -88 -29 -16 14 -87 -133 -104 -86 133 -12 -113 42 -19 29 -176 -127 25 90 -27 -67 -76 -129 114 -5 157 38]
[-8 144 -258 -81 -99 -183 -83 -110 -78 151 125 115 46 3 -23 -298 167 -12 255 308 -155 -152 53 39 -130 67 17 114 -119 5 114 -82 -67 50 146 110 -37 -50 113 115 76 -90 -114 102 140 -9 2 0 216 -49 77 -117 128 -115 121 31 -218 -337 -125 257 -68 202 93 312 30 78 -126 -346 -31 20 -77 -93 -175 6 229 -62 -33 65 38 -14 -314 145 -180 -97 70 -191 126 226 -22 -60 -258 30 -36 24 95 -77 -78 128 -162 11 100 200 -32 25 232 -38 -118 6 143 222 207 42 -120 110 124 -85 23 -40 -42 12 -79 121 -213 199 -51 112 52 39 -47 65 -19 -201 -27 15 151 95 61 23 71 40 168 133 -110 29 10 111 -299 -56]
[308 -112 209 -49 -110 159 -36 41 73 -201 17 75 -197 -52 -16 134 -22 23 64 -175 -124 198 -89 -177 105 71 205 -96 -219 -13 -15 0 -134 -128 -32 158 349 -31 38 -210 -171 133 150 78 -36 108 149 82 135 50 -75 -38 -27 -123 311 -41 -10 144 216 -81 146 -21 97 -374 127 130 50 256 28 -16 -86 48 -148 53 -132 70 -163 16 4 -127 18 -51 100 -283 -189 215 -62 6 29 87 -58 59 16 -23 103 84 -209 24 199 -117 16 60 64 -72 -7 12 -69 -168 49 51 -161 69 89 2 31 70 -72 -173 11 -86 -97 -303 -15 -98 60 -62 -17 132 168 46 135 -4 21 -73 -137 -23 -4 20 -15 -38 -185 2 -86 61 -13 33 179 -96]
[154 -38 -115 -111 144 273 -63 -56 -81 66 213 15 43 -45 -11 -187 43 -153 -4 62 -99 57 8 -215 256 -207 283 94 -104 121 142 7 -114 -92 -18 68 101 122 130 14 35 -74 36 -137 103 -124 280 65 -73 96 -79 161 -258 -29 -49 63 165 -28 293 91 66 -101 69 -73 -81 -69 126 -69 -177 99 9 302 -107 6 38 88 184 213 97 -189 -215 -176 -157 -193 -1 33 -84 -10 205 49 -211 -40 228 32 3 -218 84 -31 176 32 -154 116 187 346 209 103 15 82 15 93 14 32 -155 150 41 -27 -87 -87 -40 136 -202 34 28 141 -2 391 162 -43 -44 128 -170 -259 -8 74 367 223 149 21 331 112 32 -134 2 -104 -70 -82 -242 137]
[168 -248 -200 152 -84 -1 228 -42 -114 31 -130 206 11 -116 -28 -8 -31 -42 -163 -279 107 73 -17 -17 -34 -118 259 -96 -20 -178 -72 126 108 -60 -72 -193 152 -58 -176 -172 136 185 -96 -67 155 -19 43 -79 -18 101 222 86 258 -228 2 54 -51 -25 22 15 -215 -61 -27 -86 3 -79 101 -297 -156 -120 98 25 -9 62 151 66 233 60 116 64 54 -132 147 78 -160 8 -212 -5 -17 -32 56 -26 81 -12 31 -56 -19 -39 75 41 -110 -30 226 -7 39 -7 -1 -238 -59 56 139 -106 -34 -200 -128 -82 28 -265 94 44 102 227 129 -321 -14 49 81 -41 -80 -115 152 -3 132 41 315 90 150 172 10 73 -148 -177 -157 12 -142 13 2 -103]
[-88 47 -113 -3 162 188 -58 -148 -261 -123 -4 -67 -110 -158 155 7 138 -28 -29 85 33 79 273 251 -272 201 -18 27 -53 251 149 -153 293 236 35 196 141 136 7 7 71 -165 15 122 -87 35 223 136 -39 103 -84 -65 -279 174 -136 147 71 -60 34 119 96 77 -128 98 94 -175 203 25 -70 -85 -161 -2 -87 159 -103 70 -110 -78 11 -205 -21 -36 -185 -271 -13 65 199 162 59 33 -70 14 75 -18 -117 -46 -30 90 86 155 -118 282 -1 232 -4 41 -46 -70 -153 158 34 86 -95 3 2 -113 -221 -195 -45 57 -81 289 141 -24 -179 154 -70 28 -82 157 -50 -119 71 41 237 -38 196 -38 -43 -25 -63 -45 -187 -93 -85 -148 -61 207]
[-18 -72 -29 0 -56 59 -24 -78 -76 0 -144 100 176 -146 95 -34 -4 -405 -86 -202 -152 -85 17 -67 91 -375 111 -211 -13 54 -197 -7 -9 -219 13 -160 14 -140 22 -151 107 309 50 163 68 40 19 188 -160 -145 -32 84 -108 350 -152 -152 61 52 -112 -112 -47 -317 110 -41 -53 -5 -56 -151 15 -185 -30 149 -119 -213 -176 290 -276 -58 -70 49 -117 -86 37 41 39 155 8 313 60 148 51 -81 187 93 -108 109 -35 -54 -75 194 -172 59 50 116 -164 87 -169 -81 -72 -132 -43 215 -56 -4 -326 48 39 -163 284 139 -76 37 94 -111 88 -49 20 -58 32 -64 176 52 19 -89 -122 149 98 18 14 76 -33 -4 96 -76 -312 -78 -64 -72]
[-171 -48 -123 -68 8 347 -182 -1 92 -57 64 -245 -97 -104 271 63 72 -139 175 45 -43 144 151 68 -169 -224 -103 -99 -179 142 148 15 85 106 28 266 14 24 32 -5 -35 -7 -48 28 97 38 -86 34 -381 -10 -26 -97 -254 107 -253 -69 -95 21 -136 242 17 -37 5 -151 -95 36 45 46 -62 -25 4 -253 -58 125 -43 152 -58 -103 -73 -191 -145 -22 -160 -54 26 178 -42 164 -107 143 -79 -414 -12 -82 -112 189 68 155 32 114 -193 50 -48 157 110 220 18 33 -63 -63 2 35 -184 137 47 -45 -212 -188 68 70 210 165 136 -23 -138 163 143 32 -85 178 -234 164 99 -140 74 144 179 -98 88 -36 -4 39 -205 -51 11 31 -77 119]
[-63 168 -59 103 -105 -19 -5 -16 -76 110 180 -163 52 -55 -310 -3 71 263 -163 44 124 -30 168 192 -131 197 -99 -89 114 195 -17 114 -20 43 -99 0 -214 40 -252 -7 -2 -6 -136 -181 -58 197 28 -45 -69 101 17 -195 132 0 -56 119 109 14 29 -145 81 7 -62 231 130 -241 33 64 98 -110 -45 -214 73 184 -15 -91 126 -95 -200 -12 -89 29 36 148 99 56 36 -202 -107 -127 95 -43 -32 97 151 9 162 -195 -132 -121 -30 -168 -40 33 76 -25 104 70 -146 -145 -2 115 37 -35 116 220 13 -20 20 304 -173 -106 96 -173 7 -110 -111 0 -178 88 -20 95 -137 -98 82 -101 -196 41 -218 -45 90 33 -92 -12 47 11 152 -7]
[-131 301 23 -27 -106 -151 113 187 7 221 34 -194 63 13 -53 -131 153 129 139 10 220 -1 51 205 -130 72 -20 21 -241 -51 141 106 228 -55 -155 149 -81 198 122 128 -48 132 -37 87 -220 128 -215 -36 98 205 34 -141 -51 -44 -31 -16 -46 167 130 25 -4 31 83 -273 33 56 -9 -98 -171 -131 74 -163 1 57 189 -198 223 11 -68 -27 -146 -27 177 -1 231 -91 -14 127 38 -248 -85 125 66 -51 32 41 -191 147 117 -152 162 -146 -45 108 302 -99 15 64 -289 132 47 179 75 -71 -63 -84 -76 -178 -31 -183 -105 -45 -108 149 -294 22 198 20 -86 81 46 43 -60 -17 25 61 -207 -38 -55 -20 -97 66 -51 -122 235 39 18 107]
[149 -146 99 166 -173 178 31 63 70 -4 -29 77 56 174 19 66 109 -164 -54 -91 127 84 278 280 -12 109 -124 -161 -121 44 34 -147 95 -29 10 259 -47 -9 -76 25 -232 73 62 227 -27 42 18 -195 -300 122 -175 -215 -76 32 158 -158 1 68 31 109 100 -52 -39 -193 28 -30 163 247 145 -259 152 -47 -159 143 -149 -140 -106 -295 -33 -106 121 190 43 77 -23 92 -109 -196 85 -14 136 -120 72 -36 -85 132 60 -187 -27 -2 -100 82 -310 -64 -69 112 -102 -68 -85 65 18 -5 48 -91 173 -120 -188 -209 -44 -123 263 -266 231 -132 -52 -82 -147 -30 104 15 47 209 -276 110 -78 -40 112 -44 -121 -273 7 -17 -150 -110 -98 203 164 124]
[-63 194 -61 -213 19 -69 173 -62 -71 27 -84 114 -47 30 142 -6 127 -173 -34 -58 88 17 192 -44 18 92 19 121 -253 -134 -69 -50 -70 0 -46 -48 -65 29 64 -30 -35 156 -7 93 43 -150 10 -29 146 -43 -159 75 130 -115 232 -45 -32 92 -52 -149 18 -206 -40 -343 -118 98 -87 -44 -41 65 -17 -37 61 -35 37 192 64 37 -23 59 185 -23 81 -212 -212 70 -82 70 64 159 -27 195 -16 49 109 38 -183 16 -176 -197 100 -53 75 -146 -106 -137 -223 -273 186 -138 52 -57 -1 -211 -171 -26 71 -100 27 178 33 34 223 117 54 -53 47 61 30 8 295 4 -43 217 128 -51 -140 -104 7 -105 -310 -26 133 97 127 152 0 -1]
[196 -77 197 39 4 -143 80 49 -94 -22 94 53 -91 -15 -33 -6 -63 122 107 -50 51 11 -60 -325 116 -70 119 -22 73 -106 91 -13 70 -77 -82 157 97 21 -105 -172 31 59 -96 -9 12 -15 121 -141 140 254 109 -98 16 -265 166 70 -208 44 24 27 111 148 -11 -74 55 191 -19 138 -92 52 -101 -62 187 106 26 -48 178 65 -47 113 -46 -197 -16 -111 -76 106 -199 -112 -29 -32 -99 8 -14 -168 117 -20 -110 75 -26 -35 14 168 70 -34 280 63 -70 -104 157 296 -91 -186 -2 -310 180 -40 -13 -92 145 -61 77 -111 -99 24 118 -76 141 99 131 70 156 -88 140 -32 47 -7 -106 136 -20 -82 -123 125 -122 -91 -218 -26 -23 70]
[-62 199 -154 -281 137 -102 214 169 88 223 -45 118 -23 -74 124 -250 89 -360 -331 26 -86 -57 60 100 3 -154 152 102 189 -31 -2 24 1 85 -23 -185 -331 41 161 197 306 -43 52 -4 78 -50 -240 -274 -20 -256 273 22 89 -42 130 53 64 58 -365 88 -88 112 -86 69 -280 104 -319 -103 -92 -86 4 44 123 54 114 145 38 85 3 24 160 -31 -64 -1 74 -181 -291 -54 159 -48 -83 -204 -84 -14 105 150 -12 18 -212 116 80 -29 9 182 71 -52 -210 -35 -18 83 87 6 -203 71 178 103 130 -81 -115 -111 -45 -101 -21 242 108 -88 24 -247 34 173 -47 -1 -5 64 24 7 89 174 100 17 -7 -108 16 -61 86 -229 -153 191]
[29 -41 210 -110 58 -109 -53 87 275 -72 130 144 173 -96 -91 -51 -49 -56 79 233 -129 66 -64 137 -44 274 -129 155 -110 53 43 -82 -76 88 31 140 77 -138 195 -31 62 -8 107 -120 -77 8 41 -76 226 -109 -84 25 -50 47 114 270 57 -224 -181 238 -23 141 -57 -98 91 -98 -14 151 -62 104 -196 24 -195 228 145 -91 70 41 58 -141 113 -139 -295 -222 35 -25 -42 5 29 125 -222 -8 -63 133 188 -188 -109 115 -76 -77 239 -27 -14 127 -81 -42 66 197 -23 85 -59 11 -225 132 -83 27 12 82 77 -279 -69 -200 -52 3 -184 19 -27 -69 69 -22 -180 49 -41 112 -195 -206 117 12 -10 -27 260 -60 47 45 110 56 -94 140]
[-383 55 -37 230 -138 -102 102 -252 155 -38 -118 -332 239 -189 248 231 -337 84 116 113 -116 -15 -87 147 14 -81 -20 85 -185 3 55 217 -15 252 138 -114 -103 -158 201 131 -37 129 -201 70 -17 197 176 145 -302 -150 -122 71 8 159 -269 -63 159 10 36 1 239 -189 -16 61 -70 -121 7 -264 -37 4 71 -75 -140 -16 -174 23 123 -78 91 137 -88 33 -32 131 134 -112 318 239 -215 -145 -98 78 100 165 -195 163 -251 31 191 155 116 -216 -104 86 -237 99 102 -4 -140 -234 159 107 -107 169 -165 -192 51 148 103 -150 -44 40 87 -44 105 -265 -12 222 110 67 48 96 20 -308 -338 207 -91 -142 50 220 -87 154 -24 165 189 -155 66 -306]
[-34 -36 167 -115 134 -17 -19 97 182 122 87 5 213 224 -27 233 38 117 -52 -62 -382 -209 8 114 190 -53 -151 -115 92 54 18 -21 66 -138 146 25 -77 -14 249 58 -150 -177 115 -15 -43 83 -191 -33 -127 23 200 114 -51 363 -56 119 63 135 86 143 -170 -176 65 -52 -67 31 -260 1 -121 -35 -181 181 -155 -90 -238 189 -242 70 71 -164 39 -174 -62 -79 228 -33 -264 -131 118 -190 -116 7 -60 108 150 205 24 182 77 -63 -239 119 -86 138 -35 4 -46 191 -209 44 -126 227 -53 33 -26 119 82 162 77 -258 89 -323 -51 -177 27 57 -71 -117 -70 -67 -164 10 0 16 -196 -58 -97 78 109 28 77 224 110 114 -15 -56 -40 -77]
[14 -90 -75 -159 136 211 31 -129 31 157 45 144 37 -235 -10 -92 145 -312 -212 -29 92 224 7 31 -143 26 141 132 -198 110 -82 14 -16 -229 -71 -185 -114 -212 12 190 50 -118 103 -97 126 -53 136 -158 162 -55 -23 194 36 -80 329 -237 163 48 18 194 19 -233 -129 -64 102 -182 225 -89 -10 36 129 34 145 60 -128 267 -52 145 69 79 -14 260 256 26 -78 -70 88 54 8 110 -70 -129 194 -42 208 3 38 6 -39 -128 228 397 56 -88 -169 -117 13 -42 64 124 124 233 182 98 23 79 -228 181 -236 55 29 46 -43 30 -78 233 -18 192 -9 26 -31 134 38 63 505 -307 215 -77 218 -53 -121 -36 19 173 -127 -178 -51 -10]
[-110 131 351 -67 5 47 -90 150 -10 103 -55 -56 -68 -19 -40 -180 -48 68 102 -50 34 66 66 -150 -61 -49 -119 172 10 137 110 66 -39 -58 -98 -24 -200 -34 115 -115 -16 117 50 33 -81 -82 -217 -39 85 194 -290 -129 -97 100 -22 -180 -37 177 -8 -118 168 212 -41 -153 -28 1 -62 248 144 -77 -256 -241 158 2 -130 195 -45 -136 -137 98 55 -38 10 -18 125 -76 57 227 -7 198 33 13 -8 -97 -44 36 -5 -39 -4 -48 60 -56 -89 -227 11 -114 -146 156 60 151 -234 188 -70 59 180 19 -118 -138 -7 77 5 121 -117 184 9 56 23 -52 8 164 -14 -5 -8 9 -238 206 -48 -115 125 -226 -59 222 75 -124 147 -153 134 120]
[-243 -11 102 92 -247 -157 -3 202 11 -29 40 -172 15 -60 129 204 -54 266 -34 167 119 -146 49 48 54 167 -294 38 7 -85 22 -25 -102 254 284 113 8 -12 -78 -65 -227 69 -205 159 -25 35 34 86 -80 85 64 -94 43 102 51 -100 -46 -106 169 -114 106 -9 85 83 68 -182 162 -83 40 -15 93 -62 54 147 -9 -162 163 -197 -153 -175 96 123 -100 100 144 -78 100 -205 23 -204 189 -89 -293 120 1 -110 33 -206 -22 -65 -15 -80 -102 -190 -152 -47 52 -15 6 -92 91 -137 130 -69 -56 -6 143 -91 94 260 99 179 5 -77 23 -57 -30 52 -83 -11 -53 180 -213 13 -361 -137 3 80 -196 38 240 74 -64 102 140 233 143 100]
[163 -130 29 25 -27 11 -35 112 7 -25 -88 97 -137 174 -161 -218 118 49 307 -130 259 89 -18 9 153 115 158 23 -5 -82 65 -10 -154 -332 12 221 93 -76 -144 -197 -197 -69 -31 -21 -28 -96 202 16 -24 234 -149 -1 19 -26 133 136 -274 151 104 -29 95 -127 -39 107 -73 83 -49 -79 76 329 69 206 144 -102 -44 -9 -7 -45 330 152 79 -283 -12 -25 -126 124 145 7 28 -83 34 202 88 -94 -1 -109 123 -72 217 -19 -89 144 -94 -381 70 65 195 -103 1 -33 -184 -29 -40 -26 20 11 -105 55 88 202 141 136 93 2 100 191 58 -51 19 78 -148 32 -136 -119 112 484 135 142 -244 -155 -177 71 -21 -112 -154 181 -181 -26]
[175 -120 -48 -96 69 174 -131 133 135 152 -72 37 -163 -46 53 96 123 -253 -58 -140 13 101 -3 157 253 -178 184 -176 -76 77 -125 -213 -194 -60 72 -147 101 -73 383 -36 -5 -45 216 161 93 -163 -157 -33 -48 -204 -18 47 33 12 60 -179 -106 -200 -94 178 27 -247 -51 -333 120 0 -53 -7 17 95 59 298 -52 -34 -37 227 85 137 244 -173 -102 89 -20 -31 -36 -91 -98 -140 353 -75 -123 -174 -147 -74 97 -78 24 10 -24 -100 155 77 1 -94 53 -4 -44 -233 115 32 47 123 122 172 60 172 -48 -36 19 167 163 5 200 -337 46 91 114 87 290 -183 -174 18 209 107 -51 -200 -19 40 47 -11 -21 -437 -93 32 -26 135 53 -11]
[-91 -27 37 46 117 -71 -19 -137 -241 -230 -71 -113 -117 -108 119 230 -141 88 -187 -237 263 111 49 -70 -367 -93 178 74 -115 -60 -77 115 207 120 -71 -218 143 -57 -44 -45 57 43 -13 7 186 -33 208 -133 -121 -56 38 -68 -78 29 -126 1 -276 74 25 90 238 172 54 -367 63 20 161 121 70 -137 38 -130 4 203 -58 57 102 -56 -26 41 108 90 61 -126 68 206 1 149 -66 131 39 -171 54 -165 -177 -52 61 85 226 -35 16 -127 -99 -37 30 5 -165 -150 44 -76 171 -13 -64 -245 -72 -104 9 74 -52 -15 79 153 -93 -21 41 -201 -88 17 -49 155 134 -95 69 5 147 -63 206 -214 -96 -156 -145 -116 -42 73 -29 118 120 -8]
[83 216 72 -59 137 -84 95 181 -8 -128 -140 17 -346 114 39 112 -144 -3 -109 -162 214 103 74 57 -207 -150 -82 14 17 86 134 -39 -44 185 139 -60 133 -175 -83 -2 -13 70 -5 106 163 -28 -32 115 -201 70 166 -84 262 -78 153 178 -99 22 55 244 -137 119 -25 -127 -101 -216 114 -155 -318 76 105 23 69 100 155 -65 103 -18 144 -93 40 33 87 -110 4 3 -98 -349 7 -104 84 -106 -172 -283 74 -28 -46 13 138 -84 63 33 110 198 87 172 -84 -301 159 18 118 -81 -120 -134 38 -34 52 -93 11 -39 64 72 -92 -89 14 -108 -11 115 -48 -17 -273 137 99 -76 138 -90 114 -16 -237 21 -107 -54 -262 74 161 -23 198 46]
[19 111 12 88 47 -25 80 48 -42 8 -22 -114 -168 124 -367 72 -225 224 -86 39 96 -39 -101 -310 -146 -112 -38 154 166 82 144 77 -67 -87 79 -123 27 -30 -199 -65 -156 -236 28 -245 155 -59 -82 -10 182 -91 179 -72 217 -11 49 -61 57 58 173 94 6 23 12 159 123 -64 230 58 2 -75 41 -256 18 198 145 -165 -80 71 -19 -13 55 235 118 163 67 -44 3 -69 -195 -7 -20 -103 1 -107 123 -135 -31 -162 164 55 123 -164 -36 -11 -83 -142 -59 66 92 -25 129 -135 368 148 18 217 42 189 -118 -58 8 138 -122 -73 -122 2 87 76 -100 -81 -72 211 178 -36 157 -163 50 -120 34 81 102 67 45 98 151 -268 337 -180]
[-99 -156 114 -111 31 16 99 178 111 -51 -60 -123 141 -18 176 6 45 -71 160 44 -170 57 -14 96 72 4 -49 -219 -213 -6 -67 -61 106 26 103 59 49 -76 171 66 -160 155 57 167 -216 92 -136 2 -114 47 -19 -29 -53 68 214 -286 68 148 -60 69 18 -12 60 -285 -34 -36 98 46 -5 121 -278 29 -208 99 -148 124 -95 -190 71 -273 -105 -80 36 -124 -29 -26 -72 -132 -13 -48 135 -140 -78 29 53 156 -274 270 284 -100 69 164 43 -11 -29 -1 -28 74 -214 -20 -153 71 93 75 130 -9 55 -141 -3 -108 -28 -277 -124 241 -58 120 -90 31 141 182 -74 115 -54 -135 -209 -31 74 123 -87 52 3 99 25 1 74 89 -102 43]
[229 -125 164 -135 -176 42 -14 30 7 4 99 -124 -102 -132 109 -20 292 -76 -144 -184 -53 121 -103 -79 -1 -65 186 -58 -83 -210 -70 -125 -67 -208 102 -177 -78 -135 16 -31 32 31 45 -62 -90 -36 -132 -9 264 -109 -18 167 81 -143 303 -207 -236 -6 -56 -21 -157 -30 35 -307 31 73 -97 -21 68 54 29 106 32 -135 -118 183 112 229 -41 13 -139 52 95 -118 -179 86 103 -49 109 44 128 -78 -89 148 51 -14 144 102 99 -101 159 -4 134 -254 53 -127 -181 -70 137 45 -95 -93 -79 -67 -70 -26 -90 -111 250 243 75 6 -42 -85 -15 33 125 2 17 -97 256 -8 93 -49 42 -105 -215 34 184 -108 -43 -108 27 152 -174 110 67 32]
[70 52 -11 -113 -146 -72 -10 -21 -37 124 215 125 218 -156 -62 -114 139 -133 -13 -5 288 -216 46 27 -166 5 60 23 128 -71 -285 138 126 -48 -82 14 145 216 154 -191 192 229 -72 -15 -10 -32 24 -33 98 -75 37 78 -94 84 -148 -116 3 -72 -85 -70 158 -107 -33 -14 130 61 -153 84 243 -99 -109 -158 228 191 -91 -68 -10 0 -256 191 38 7 64 162 -108 149 -140 277 72 111 -26 86 28 82 -151 181 -15 -128 -251 -36 63 -21 -76 -152 -125 -107 -142 -128 -90 19 73 117 158 -134 -193 140 40 -25 -13 -4 -6 24 78 -144 -30 -224 26 64 68 139 330 40 93 167 -193 -121 20 154 -149 -99 -107 83 29 -193 -78 -24 33 182]
[-12 28 93 391 -63 118 -178 59 26 -167 84 -11 -20 23 -12 242 -32 334 105 74 25 -17 -81 45 -92 117 30 -4 -40 -152 63 -98 48 71 -172 233 93 60 -266 29 -61 -154 -114 5 47 27 239 118 -180 144 -20 -96 -144 21 -107 228 -100 117 208 142 -42 -1 -12 158 107 -60 55 -63 72 55 61 8 -98 -75 -50 -85 114 -114 6 -184 -118 -28 33 178 148 41 179 -81 -144 -127 0 63 0 -258 -19 30 -56 108 171 -7 -212 67 -79 9 126 173 43 -45 -167 -101 -132 76 26 -79 116 -36 132 -72 -17 148 -74 -6 67 -156 150 -50 80 81 130 60 -130 -114 -110 -73 -29 133 -42 10 -234 -79 -117 66 -176 80 -76 5 54 13]
[-9 96 32 135 -86 79 49 38 39 -32 80 -82 -39 138 -82 291 80 296 61 -47 -156 -32 -67 -261 12 45 -65 27 87 20 78 176 62 -97 2 310 -77 131 -183 106 -26 -155 -168 -74 -109 69 92 108 -52 76 39 -113 -183 274 42 116 16 236 297 -31 103 -105 -80 199 69 -118 119 -51 141 52 -86 99 -22 25 -185 -119 -97 5 81 -156 -241 -50 -94 -189 17 214 218 41 -175 -252 63 65 -74 160 181 -170 -87 12 243 -18 -178 26 -60 71 -54 95 -82 114 -83 -184 -6 -30 64 32 -97 5 168 51 118 177 -169 -41 25 -59 140 148 119 247 -88 -18 -110 100 -22 -109 -183 208 -23 61 17 112 -21 14 -107 20 11 -44 49 -66]
[-23 211 -200 -200 163 -322 -34 -76 -123 267 -80 128 26 29 36 -271 -159 29 -33 60 -173 -31 106 53 -88 103 95 -28 57 16 -100 -40 67 125 -140 -282 -276 71 28 -129 139 54 -13 179 150 147 -206 -235 10 -5 196 -146 309 -188 77 79 32 -157 -206 -184 157 117 -106 210 -82 262 -2 13 -105 -62 -97 -239 62 -66 351 21 45 218 -135 180 153 185 133 -54 -157 -74 -421 -182 -4 1 -30 -51 -59 63 -30 111 -117 -24 -328 -176 151 -231 86 77 -7 -181 -84 -24 143 63 11 -108 -13 -21 145 175 -101 -37 -12 -37 26 -127 104 169 -72 1 -212 -68 -207 -6 25 -102 116 4 172 -107 -69 -153 -62 -58 31 106 28 -111 -109 47 -159 -84]
[31 -98 81 -41 -60 -112 263 63 244 63 130 149 169 -100 231 -22 88 -39 -78 44 -315 15 -182 -130 144 -259 59 -26 -122 -79 -94 117 -18 -206 85 -191 -176 195 130 -117 84 -2 -45 98 -77 64 -89 -105 -158 58 -15 144 -62 282 215 -59 65 172 36 -239 -19 -140 -153 -12 -299 40 -88 21 30 193 -92 228 107 -85 -191 243 17 287 93 31 -181 -175 40 -158 -16 279 37 168 147 17 -59 -12 -47 225 -101 122 109 -45 211 1 -132 -191 268 43 -237 88 -90 250 -62 9 -104 5 -145 62 -163 59 -143 139 284 78 71 -51 44 -47 85 134 63 -33 64 -33 -17 64 134 1 -244 88 31 99 216 -49 25 60 57 4 -84 -219 10 -28]
[235 -185 -17 -1 -238 -209 35 70 163 114 30 216 284 -177 2 -95 -71 15 -193 -102 -354 -205 -24 234 139 40 160 -212 -52 -19 -151 -115 -2 -44 113 17 12 192 131 -192 -22 25 -25 119 153 2 102 114 -216 -8 95 59 7 142 148 -261 89 -27 -31 -34 -18 -110 -137 -32 -7 -72 254 0 -68 -9 168 243 -37 49 288 -57 55 105 -1 -84 -267 -135 177 108 -285 181 -13 -181 45 62 -83 3 13 211 -26 -5 78 18 177 -157 -82 -120 190 127 -153 24 72 -127 -90 -228 76 64 -69 -164 51 -61 -47 -272 111 64 -34 -356 186 -286 11 -73 -81 -2 196 2 -75 87 -138 46 7 184 51 -32 -85 192 0 20 -74 53 -248 16 -56 -111]
[1 36 138 52 -83 54 46 243 252 -174 -77 -51 -24 -41 32 395 -37 11 -182 19 -28 -4 116 -90 41 231 -73 6 -30 12 227 66 -26 156 2 117 157 -46 110 119 -123 18 6 -64 217 148 -90 37 -59 -102 14 10 113 12 7 160 203 -32 163 64 -190 27 50 -83 130 -198 37 -45 -199 -252 -95 -121 113 117 81 -65 23 -31 -30 -333 47 -144 -132 174 51 6 -46 -151 32 -69 -169 -235 114 -191 154 10 -250 20 146 -29 47 29 -20 303 72 0 -55 207 -97 174 -41 30 -151 54 -78 73 51 -87 -145 14 -162 1 -55 34 -77 -106 12 -6 -159 -58 -350 137 48 -37 33 -155 -112 146 0 151 18 46 -114 -44 206 -200 137 -147]
[52 -19 40 70 -58 24 92 82 68 -5 -157 176 101 35 10 274 -297 109 101 -174 44 109 -117 -74 96 -63 -25 -18 -45 -142 -160 206 -40 -81 15 -4 76 97 46 -15 -203 181 22 8 21 185 3 6 -250 41 -78 -25 224 -59 104 -126 195 87 184 105 132 -35 -8 -180 -186 -129 143 -17 37 6 19 -11 -64 50 -145 -6 24 -133 171 -8 -84 28 44 132 -117 87 -46 -159 -236 -172 205 207 -34 117 -76 129 -224 13 242 -78 41 -200 -90 112 -183 -4 202 -60 149 55 -81 140 93 191 68 -134 139 -65 -85 -274 -73 -142 40 -109 164 -20 -208 257 81 64 -72 184 109 -180 -276 64 130 12 29 29 -93 77 -105 121 140 -17 106 -249]
[42 172 -30 -108 -196 7 47 172 315 85 335 45 -45 133 -185 125 -73 14 -281 62 -99 24 -78 177 -124 -69 -372 72 -83 -18 -23 122 46 -67 3 109 -49 60 -30 -107 -48 -103 50 -228 66 -46 -224 -62 -278 148 -5 -13 -19 169 -48 -34 128 89 -91 -19 -75 104 75 -161 -120 -95 -70 71 -27 -237 59 -226 107 180 -34 78 -46 -148 -275 -24 -55 -21 159 168 177 -18 -39 -81 40 11 -47 -77 10 132 87 168 40 -140 -240 -125 -27 -170 -61 49 -73 78 2 124 -112 -45 189 165 85 129 156 305 87 107 -51 81 155 -192 -74 -295 156 -104 -1 -25 143 30 -189 355 25 -134 -144 163 -69 -23 -63 13 118 258 5 127 201 -395 323 -43]
[10 129 117 17 -169 -238 17 -19 -37 108 126 126 303 43 -123 110 -28 -25 324 94 -164 -212 -254 36 25 64 -41 -124 -130 6 -61 118 -7 -142 2 183 197 28 229 -243 17 197 8 265 -65 7 36 83 14 201 -271 -28 80 2 -38 48 156 38 31 -29 207 -248 49 88 93 -122 37 -86 97 88 -269 -72 21 -11 -44 111 14 -66 121 157 -182 -11 111 -63 -82 5 -23 59 -208 -112 9 444 -88 213 -142 -88 -289 21 12 -111 185 -58 6 -3 -179 -53 -71 -5 91 -17 152 227 127 277 -91 -101 8 125 144 115 -54 -127 45 -84 84 212 -111 207 97 -69 -1 -59 150 -166 -113 -56 -243 -130 84 -102 -114 243 -15 72 171 -106 71 -142]
[217 -80 -41 -154 -64 -87 54 127 119 107 -5 -121 287 92 83 -132 60 -77 212 117 79 -47 34 3 148 -3 233 15 -169 42 -89 44 -65 -107 55 7 221 69 229 -9 -32 52 -107 192 -50 78 88 31 114 157 -69 -71 -25 -84 12 -154 132 6 181 -52 262 -310 -29 -128 20 127 101 -101 -86 73 69 172 -62 18 146 -202 51 180 201 -151 -339 107 179 29 -131 149 -147 -59 91 -247 16 150 51 -11 -164 -66 -79 106 400 -85 7 -38 37 48 48 -40 63 47 -170 9 54 53 225 106 7 -38 -256 -130 -9 -42 -37 -243 52 76 -238 114 61 48 128 77 -38 37 -38 14 -13 -33 1 15 32 103 -62 -26 -12 -85 32 101 -111 125]
[25 -13 0 85 178 -156 -88 117 102 -90 128 219 -128 295 -138 3 -9 300 224 136 271 59 71 -21 174 32 41 8 -40 55 142 -68 -36 -236 -86 48 -7 -70 -175 183 -270 -227 42 -98 -255 115 -10 -141 259 205 -223 -52 31 -150 229 22 112 15 65 -14 -3 230 10 24 9 31 68 138 14 110 -127 57 132 -46 -208 -97 -87 -108 -62 -95 131 132 80 98 -58 -196 -82 -8 48 -78 31 50 -35 -101 -97 -18 16 -33 -23 -49 -46 134 -84 -86 -60 -81 149 159 -93 222 -314 -205 214 -33 15 63 -42 160 -9 -93 7 -120 -73 150 -92 162 -6 -107 25 -20 -128 -217 163 198 239 -173 -95 133 59 -261 -57 45 172 20 55 100 -18 -91]
[74 -27 151 -240 159 -28 94 -81 -58 -21 206 94 -11 -331 17 -159 181 -55 -189 -129 -11 66 -171 -193 -188 -284 104 60 -56 58 -269 -6 22 64 128 -339 -66 88 -126 -82 81 5 -174 -206 56 -84 -131 144 197 -256 155 173 -118 31 108 -275 -54 -118 -264 -136 -75 152 -19 -95 12 -159 -97 66 104 132 -219 25 -161 193 9 218 -58 81 -141 -161 -362 -38 -42 -1 -85 47 71 203 -25 220 23 -203 -39 196 85 -35 141 47 57 -129 65 -105 98 -214 -180 -17 -185 154 239 45 -144 85 -72 67 -31 211 -1 11 125 12 -115 -77 -156 11 -165 84 -167 123 -77 -70 71 76 312 -125 -10 -214 88 -65 176 225 277 -96 150 200 -237 -122 -76 49]
[-78 200 184 -85 255 -16 52 199 74 -66 21 45 -180 -30 -21 19 -225 26 -54 -56 -15 66 -135 -172 30 -101 224 -69 41 218 110 -133 -106 111 -93 -134 225 -22 -92 60 -59 19 92 -36 -2 -62 79 -79 130 19 197 -65 -6 -111 125 184 34 118 152 -136 148 196 -55 -155 49 -88 158 13 -209 180 -17 97 122 -2 180 -1 142 220 16 -121 -124 -236 35 -168 -3 -13 -85 -129 -38 -68 -114 -26 -45 -117 135 -278 -180 104 206 -152 83 -124 77 140 94 127 -60 84 157 96 -234 -34 -144 54 118 66 87 -34 -29 -35 -247 1 -169 102 -55 39 32 87 -5 120 -205 -279 87 -78 -46 -11 8 -120 13 153 -164 -86 -17 6 -7 -183 36 23]
[-150 76 -110 -161 -158 134 -60 -145 35 -35 24 62 140 -249 195 -45 -79 -167 -117 -17 -5 -71 115 367 -104 169 -128 -12 36 187 84 -42 141 210 52 54 140 -227 127 84 158 261 121 36 -18 74 49 77 -152 -166 -69 -87 71 66 -93 30 105 78 -31 -65 -86 48 -84 -3 -137 -403 126 -146 -1 -117 60 -118 141 127 74 25 -81 -140 12 -97 194 -130 113 -131 -186 -139 -96 88 -23 42 -55 -72 10 251 -49 148 -82 -77 -188 78 207 51 101 182 -74 53 10 -131 -161 -262 285 59 -172 108 10 -250 76 -77 -278 36 -170 -56 -21 -41 -23 -161 -153 -12 -39 285 -55 19 -98 -13 -15 113 113 -51 -45 111 -253 141 -12 2 240 -191 -1 -37]
[-51 6 -92 -206 -31 -67 18 -42 -193 -130 -33 -180 115 50 209 -322 -69 -172 258 184 26 -62 138 -68 -43 26 42 -36 3 182 -180 61 -24 123 222 -23 211 66 358 -44 143 58 -120 155 -60 -148 1 96 56 26 -152 48 -91 13 -252 -56 176 -328 14 -109 107 91 76 99 25 158 -49 109 -45 -12 -186 112 -62 48 163 -62 54 151 -71 -1 30 94 -189 -214 -138 -12 -17 189 -14 105 58 16 -55 85 -280 -125 102 -64 -57 114 -26 -64 240 29 -95 -7 -10 82 -62 83 -12 -67 102 100 -152 -100 -40 -147 -6 -29 -60 137 -23 236 -171 98 -70 -231 -112 159 244 -192 -172 111 -146 20 88 27 -18 135 166 -184 215 -258 165 112 -141 161]
[0 -129 159 105 -139 14 -263 -66 88 -33 127 -122 21 -40 56 41 -54 299 240 154 189 51 87 220 -82 0 -222 73 114 26 -3 -45 -29 -118 -32 275 11 -152 -203 -70 -182 -137 -49 7 5 65 -177 145 -75 -54 -112 -127 11 183 42 -175 -49 -111 -116 9 -178 73 55 83 91 -45 59 -2 77 -62 -7 7 -199 47 -78 34 -408 -132 -235 -159 -25 240 -54 141 -1 -4 115 159 -21 -236 113 -283 -68 -92 -10 55 -39 -55 -33 58 113 125 -61 -88 -20 127 128 202 -258 -33 -94 133 168 94 -14 154 6 198 0 -180 103 -149 62 -181 -174 -14 -60 36 21 -68 -199 331 160 -40 -66 -63 87 -136 -182 -94 138 89 -77 52 65 13 123 -71]
[-81 106 135 8 -103 112 -39 -170 -144 48 -177 -114 181 -74 170 159 241 198 222 -122 120 -140 -35 -134 -130 310 160 123 -171 -38 137 29 71 27 -54 101 42 103 -2 -86 -104 289 -285 283 -185 -5 59 103 112 47 -139 74 -78 38 115 31 -90 310 28 -254 167 -177 -127 -3 102 -97 25 -50 201 41 -167 -167 14 -15 -177 135 -132 -49 33 -125 -114 -32 95 -89 2 113 248 130 -116 120 151 324 0 80 -137 64 -140 189 228 -31 10 180 -68 -308 -15 -157 -240 -73 -153 -64 -102 -111 7 55 -31 -89 -179 -119 113 238 -103 98 64 101 -84 77 -116 -7 -244 -9 121 -144 -147 -272 -193 75 -161 21 51 -149 -409 217 15 -92 -100 46 -170 99]
[-122 18 40 206 244 203 -90 164 32 -278 -196 -189 -165 -93 22 108 -27 10 146 -78 105 101 -151 82 -75 127 -148 22 -46 112 103 -79 130 105 17 19 -50 -228 -150 229 -48 14 9 32 153 -94 11 -121 -172 3 17 -95 108 -254 9 79 -116 -42 119 205 -125 151 -115 41 -36 -289 59 -64 -102 120 29 -236 110 -82 128 57 88 21 310 -53 -105 -59 -28 151 22 -96 1 -396 -71 5 180 -130 239 -196 41 -198 97 276 69 -104 80 251 -126 -85 101 112 140 75 212 156 -200 14 25 85 263 -72 -163 -6 -312 -52 86 265 -78 157 -220 171 -116 67 -210 -9 -280 -35 -112 -207 232 -57 81 -68 66 84 -68 -52 13 -25 0 69 -264 -75]
[14 -119 -142 -123 -36 -186 -44 122 -4 -31 -260 -121 148 105 -138 146 272 -160 186 166 13 -87 123 -21 -67 147 95 -107 -142 -95 109 -155 -32 -179 147 13 93 -36 225 293 -11 -24 36 82 -228 265 -102 70 530 -56 -123 57 132 -149 38 -25 127 -193 -27 237 -235 -58 -51 -97 94 115 -84 -134 -10 184 -69 174 -32 -43 27 -220 -87 -4 168 -56 6 252 44 -122 88 -215 157 19 -4 -172 160 135 -174 -14 -54 -23 -222 254 179 -4 94 0 33 38 -26 -202 -190 205 -118 -20 1 -140 76 -43 -258 -105 242 56 1 28 -92 -224 -193 213 -51 11 -142 14 -39 -179 39 -48 -110 181 106 -376 -349 196 15 -141 166 -188 167 167 163 330 99 -14]
[-67 -147 -23 -163 147 106 181 32 63 289 51 249 180 -30 -148 -205 -203 64 -44 -126 -160 -16 -76 -199 253 -169 205 90 -145 142 87 10 -22 -166 109 -291 85 70 -109 -54 -146 -112 187 -166 -121 103 -49 -229 -81 255 -267 174 -189 47 126 -70 270 120 -102 70 68 129 -176 -267 -151 -72 240 41 -4 55 134 209 76 -26 7 -25 161 -98 176 -39 28 -272 27 33 -47 -248 -8 -220 86 97 136 25 98 315 16 -53 -17 -71 95 111 -98 -159 34 -123 11 -1 67 125 -20 2 -102 106 -89 12 201 -55 53 -15 -168 -2 -75 -174 13 -113 226 310 -18 -44 66 137 -154 -87 -129 -24 112 319 83 182 249 -16 -8 139 87 104 -74 -162 -61 -57]
[148 -174 -126 -93 185 232 13 -75 -42 -124 -1 165 -106 18 162 -82 6 -44 -144 -13 -63 8 -20 -270 -45 -168 69 192 192 15 41 -343 59 -15 -77 -322 109 -45 -40 -116 18 -302 205 -85 84 -210 137 -211 266 -90 42 -71 -152 70 1 -160 35 95 -97 233 -119 76 -236 -198 -8 18 231 31 70 87 122 183 245 -13 160 129 -2 93 -31 -295 62 -102 55 -179 55 -180 -62 -96 55 176 -75 -152 -59 -44 9 -91 49 173 -101 247 36 156 213 29 -56 -25 -161 -40 -87 24 159 -144 161 -122 136 95 61 -6 -317 5 85 105 -9 -98 -105 102 87 -66 102 31 -56 -244 -22 259 240 -182 85 77 59 13 -145 -109 -3 231 -94 -151 -47 214]
[-129 -172 153 109 -43 11 21 50 27 47 -221 -56 -133 132 -186 68 -2 108 165 -192 219 303 -79 1 -116 -63 -204 -38 -99 26 146 -25 144 -157 -120 249 -103 -79 -177 72 -79 -68 72 49 -309 71 -28 -64 57 305 45 -103 -188 15 102 -56 -112 233 -87 208 266 102 14 -408 155 4 300 114 127 95 51 -268 -85 133 -144 -39 -37 -455 27 84 90 91 92 29 137 -237 92 197 -112 22 218 149 -196 -29 168 79 -152 90 231 -129 -116 44 -272 -211 33 -287 103 -177 -123 16 107 -76 90 -185 -35 -20 2 64 138 -218 348 114 -124 -103 -22 137 -31 192 137 -46 -31 271 -24 100 4 -24 101 47 -40 -133 -80 76 -62 125 99 203 277 -3]
[52 -49 132 182 -131 -89 -37 -18 59 -178 -6 -59 3 -24 -55 13 -62 74 106 91 55 -63 -36 173 26 -55 -204 84 -107 218 42 -47 -55 -50 102 93 65 -94 72 15 -149 70 -102 187 -61 103 158 197 -47 -17 -218 -160 17 169 -66 -154 104 -117 -27 112 84 32 65 -97 115 -287 214 10 62 -95 -12 46 -61 69 -34 126 -309 -185 18 44 -14 79 -86 156 222 -57 384 -34 -44 76 104 -14 39 -24 -80 -36 -93 -48 37 187 228 15 -145 35 -171 208 -124 88 -184 38 7 204 221 69 23 82 5 219 -100 -217 38 -194 -133 -76 -44 -99 -395 -40 179 -82 -77 100 -24 -102 20 -123 -35 -98 -231 30 174 -127 23 107 167 -11 151 -139]
[-33 149 388 -4 -15 -110 -8 179 156 -131 72 -15 -115 15 32 -26 -212 34 10 58 23 97 85 206 103 -58 -388 63 -28 -40 47 -178 -123 -25 -74 228 -95 21 -12 -216 -199 -76 189 63 181 -197 -157 -148 -104 60 -213 -209 -74 132 63 -92 -12 163 -94 -5 10 60 -113 -350 -176 -1 -5 301 -20 -85 163 -69 -18 36 -62 204 -175 -111 -105 -141 210 18 -50 63 261 -15 -216 -168 -21 120 -52 -40 -17 -93 18 96 5 -85 -264 91 -57 -233 -29 29 -11 39 -79 1 -92 22 -51 145 11 53 162 199 21 117 -152 -208 310 -183 23 -107 -65 -21 -89 -124 206 125 -54 61 -145 255 -308 -87 67 -263 -111 -262 20 -5 221 95 262 -60 264 93]
[158 25 -193 -16 145 153 -28 -39 -31 89 -92 45 33 64 -38 34 -35 72 24 -33 -8 -95 6 -171 -103 -160 192 93 44 53 203 -118 -57 -147 -34 -58 149 -38 34 344 -59 -211 -27 -48 117 81 12 52 165 -12 64 5 13 -46 10 -80 -50 -15 153 233 -76 77 82 -65 4 -4 -5 -323 -101 6 158 186 -101 -63 119 -56 -97 172 164 -170 -405 -47 27 194 45 -114 129 -11 -28 -280 -62 -40 206 -99 34 -167 -189 229 126 -72 3 218 -12 195 240 219 -40 66 -3 156 68 102 111 10 69 -84 153 -32 -240 -96 -253 43 -149 -64 -10 43 91 79 -35 77 -149 -136 -57 6 198 198 92 109 169 179 -57 1 -38 106 -70 -86 -74 -123]
[-22 -18 243 35 83 -98 -8 100 56 113 -162 57 136 -134 52 89 156 14 -12 -266 -25 -219 -16 -70 12 33 -157 -148 43 23 185 -38 -37 -58 -29 158 -26 176 30 41 -2 162 -102 186 -89 7 -88 102 -7 -31 -10 106 67 10 101 -91 -127 161 -43 7 -126 -138 -143 -71 29 -185 -2 -23 25 115 30 176 49 -101 153 90 99 82 25 37 32 -210 -1 -58 -94 31 129 -205 28 32 4 92 -159 -96 177 -122 -49 224 110 -290 5 -21 128 37 13 -13 -144 -8 143 -190 8 112 -160 -256 -110 185 172 -39 222 155 -73 -49 92 -73 119 107 -156 70 -60 -211 -117 130 -36 -3 -149 -140 -268 20 -117 71 -54 13 -85 83 -179 104 130 -5]
[-50 -224 -29 180 155 12 -1 -79 25 -26 33 182 270 25 37 13 -88 211 -67 179 -230 -164 -244 -116 54 83 32 115 31 -133 45 -104 -20 62 -48 -314 159 -21 -67 -77 -184 11 40 -128 -9 77 217 -124 188 -48 -64 30 103 -64 14 -28 112 82 1 81 -253 111 -188 116 -126 -132 206 -68 136 153 -113 45 33 -91 179 -24 60 -50 168 0 -79 -105 211 -8 23 -156 159 -152 -136 197 10 88 73 127 -13 55 -47 185 102 105 29 -29 163 -110 -206 5 63 240 -18 88 -112 -6 12 -35 155 -168 82 115 -181 10 -148 -203 -131 80 10 -35 -136 70 30 -86 -115 -195 -95 -51 181 -34 -47 56 37 -19 -25 188 169 124 -157 -8 -142 -31]
[207 175 -258 -120 -225 -48 163 -3 109 55 237 30 77 160 68 -18 194 -282 -82 160 -213 -25 93 166 -57 -7 -132 166 -228 -270 -24 118 155 -42 -104 114 -38 144 287 -209 56 -11 -71 20 124 -45 28 -71 -126 -74 -44 -69 -129 80 -63 -24 40 206 22 135 -176 -235 19 -97 -123 70 -190 -92 15 -147 -53 5 -30 -108 -86 41 -190 -4 9 -41 -231 -93 38 -109 2 164 1 237 41 152 -156 88 120 3 -92 254 -46 69 -37 171 45 76 -116 224 -195 31 -286 -16 -141 -30 192 218 -40 202 -194 -96 -190 54 -113 -81 85 -257 51 -19 91 -78 240 -13 91 -44 -90 128 71 -86 101 295 10 -171 42 -84 -77 134 18 135 88 -203 14 124]
[87 187 36 355 2 -55 34 -49 -124 -103 -6 -59 -232 -88 -151 55 22 256 87 0 140 160 -59 -23 -263 -105 -92 65 -36 -44 164 87 49 -232 -201 80 -208 164 -314 -56 40 55 73 37 183 114 -8 -69 -6 20 36 -311 222 -3 9 197 -317 107 42 269 39 110 -54 47 -90 -161 143 -67 44 20 -53 -278 128 -131 13 118 -85 141 94 259 -44 -24 1 40 76 173 297 148 -126 -91 -99 97 186 -147 120 18 -213 -103 126 40 112 -86 56 117 126 52 -116 -24 -20 138 -34 137 -82 -56 -80 93 -37 63 130 -91 -12 296 81 -158 -148 -85 -28 76 -8 -31 -46 98 244 -18 149 113 -46 -153 -94 -204 -92 12 -21 20 97 -143 208 -172]
[51 -278 -244 -118 -150 277 -204 -203 210 39 -43 -6 -9 169 108 -94 249 -286 -86 143 -311 -45 -14 145 -76 -35 -102 -140 -168 322 0 -110 -183 -93 15 80 139 -190 8 241 -81 125 -17 144 -12 58 45 112 138 -119 148 22 33 182 79 -74 -12 -71 -25 32 -26 -100 106 142 232 49 -27 -130 48 55 -126 39 -162 -58 41 20 -184 -82 23 56 95 -45 151 -79 -150 -31 187 257 81 65 -14 18 -24 148 80 116 -41 -22 11 -112 -202 141 60 53 -134 140 77 -48 -115 -126 75 -61 -56 114 -56 -74 -58 -144 -26 33 -94 -40 -88 -38 20 13 -5 -79 224 -29 -34 24 -266 -19 -9 38 -83 22 55 275 15 147 78 27 -26 94 -127 161]
[-75 17 121 205 -119 -210 172 183 70 -234 5 -59 -80 -60 72 86 130 -122 -44 -72 2 67 -93 52 -84 130 -2 -169 -20 -113 -137 -56 159 -106 -50 55 -26 190 -53 45 154 -80 148 -10 -34 -20 52 -106 183 -71 -156 23 16 158 25 -38 148 125 -23 -39 -209 22 -138 -128 153 60 41 98 3 -107 66 20 -101 -17 -98 -98 16 -178 64 59 -91 -52 53 120 21 76 120 158 -12 75 136 136 -35 40 32 -95 54 4 -7 -9 -192 -155 24 132 -66 -134 -185 -2 -74 -106 188 50 50 -135 -248 -50 93 24 9 27 30 30 30 -21 -70 -96 -9 -19 147 -62 194 -60 -144 181 -178 -288 -127 16 68 -186 57 -117 -12 35 58 159 231 36]
[-47 55 261 134 105 -38 -6 366 158 37 60 87 -213 8 -187 113 44 2 -70 -65 206 -52 -67 -113 238 -35 8 -126 154 32 140 -34 -209 -3 -3 136 -27 18 -18 365 25 -52 35 57 28 -53 -18 76 68 -151 249 -44 80 -136 154 34 -62 37 168 1 48 -34 29 93 193 -68 -69 -110 -150 7 83 155 202 5 24 -189 180 50 5 -41 59 126 20 186 48 -93 -107 -95 6 -275 -69 25 -75 -405 154 -131 11 -135 205 -167 38 91 -127 143 181 -44 50 43 184 147 -158 -21 61 -102 -114 18 208 -61 -9 -1 -170 108 -139 261 -77 -182 156 52 118 -100 -19 6 89 267 144 -322 -129 80 -78 226 54 -190 10 -85 2 -13 267 -46]
[-152 -19 -102 22 -141 -113 114 -99 69 -55 -163 -56 88 236 -113 164 -76 107 -52 4 -183 -49 13 49 42 56 -284 157 32 -79 117 225 292 -33 -33 -22 -289 -133 2 150 -111 -184 -242 -182 -7 59 -118 0 -98 57 -31 68 -19 107 -79 14 193 34 77 -131 -183 -50 68 184 -83 -167 36 -201 4 -143 -194 -195 108 -17 18 34 20 -6 36 73 141 -18 -9 152 44 -138 103 157 21 -16 76 -32 116 140 13 124 32 -62 -1 74 -245 69 -97 50 -205 -110 43 223 -212 108 -64 -160 -7 40 -22 -73 38 267 -31 -81 173 -20 -195 -81 193 152 53 20 -182 -159 -189 174 141 -265 182 65 -193 7 151 163 -8 199 170 18 115 -308 -182 -216]
[20 88 -313 -30 -2 -58 -32 -216 -110 -58 25 -132 -35 204 184 131 37 -92 -217 143 -28 157 161 -21 41 -71 131 238 114 -148 78 -36 58 -15 77 14 -88 -26 -11 250 150 -298 9 -93 80 -58 106 -92 29 -263 126 -213 31 -2 19 195 15 0 43 226 -58 41 -74 340 -98 71 94 -178 -12 -17 4 183 122 -20 -176 -98 -62 63 176 -10 -209 196 -153 -150 -82 121 307 183 -153 -136 84 31 140 197 141 106 18 -15 112 342 -57 162 -20 222 40 44 6 80 48 263 162 -61 -56 58 39 -223 185 287 -246 156 -42 92 -122 125 99 -77 169 183 98 93 -131 -121 126 -253 135 147 29 102 48 -14 -123 -62 103 57 -50 -168 -154 54]
[15 -265 -178 -18 9 23 -53 -34 82 94 19 18 17 -141 -106 21 42 -188 -61 54 -243 28 2 145 186 93 118 -229 -41 -96 -124 -56 -121 -127 102 -57 23 -70 79 -220 -127 -28 -35 -131 15 75 48 15 10 -135 131 123 -16 -25 -37 -145 -37 -160 -114 -51 -179 -227 35 274 117 66 -108 -48 82 142 -58 213 -76 -55 -80 -4 -123 -41 37 64 -117 -15 -20 114 -161 135 78 41 -52 185 -108 -73 28 -39 144 115 232 92 -25 -103 -118 75 34 -175 -104 -141 158 40 28 8 -278 -49 -43 136 -41 74 -167 -26 97 204 -110 -35 31 0 90 -105 104 -80 89 -17 14 89 19 -13 124 112 5 116 -22 215 115 7 186 -47 -287 28 -174 -59]
[-326 126 60 -25 10 24 -157 -51 -152 -33 -36 -173 79 -133 -15 112 -95 218 73 62 -17 -139 91 -48 112 188 -222 46 -84 23 5 198 160 214 -160 174 -129 -13 142 -13 -63 52 12 147 36 150 54 98 -275 135 -107 -199 -146 -50 -8 -53 17 99 92 -152 183 -76 32 185 -40 -122 -98 49 45 20 -98 -179 129 -162 -113 89 47 -168 -128 2 170 -40 -57 -134 25 45 -38 -4 -5 -82 131 -19 69 -12 -108 162 -52 32 -172 -57 -175 297 -106 5 50 -30 48 -54 0 -80 -112 198 -19 -87 199 1 -38 30 -136 139 12 -80 -76 19 322 82 -34 129 -113 136 -89 -10 5 -149 109 17 -47 49 -132 28 -97 195 -159 37 -11 80 -156 -123]
[116 -106 101 135 -80 165 -196 9 -26 -144 47 38 -123 81 -23 219 -21 48 -59 -14 325 132 151 207 -65 38 -131 118 -70 173 -153 -205 -45 135 132 -20 151 -238 73 -83 0 103 -95 13 52 -18 251 91 -48 -116 -17 -70 -95 142 -62 77 -38 -309 -67 281 43 39 232 -301 246 -120 105 133 78 -150 -32 -18 -195 187 -140 92 37 -115 -52 -70 4 135 -184 11 79 -2 79 66 68 316 -22 -152 -107 -43 47 27 97 -22 -57 -143 81 69 -209 -129 -160 84 -70 -185 11 206 -53 -68 -43 16 -98 -5 -164 7 195 -57 223 54 187 -265 -207 -235 -69 108 81 -79 -67 105 -10 93 -126 -133 142 -78 -204 -190 144 -54 -105 -46 -44 279 110 162]
[-30 120 87 76 191 -54 -178 158 33 13 3 115 -45 8 102 12 -54 -5 76 11 60 -79 33 -41 94 -106 126 1 132 52 39 -258 -172 36 -21 -15 90 -77 -80 111 -104 9 160 18 40 41 81 52 184 -197 21 -90 120 -58 85 -62 -139 105 133 91 -110 145 65 -43 59 58 81 -311 -35 41 97 226 -99 -136 39 18 -95 -30 88 -226 -59 -118 136 29 -70 -161 -68 10 49 -185 -44 -61 -66 -272 56 -145 -250 93 46 -47 119 131 -49 136 191 56 -87 88 94 -64 -57 146 23 44 25 -40 275 -84 -92 4 -372 -135 -79 359 -61 -84 26 -25 149 58 -84 -176 9 182 82 8 -20 -9 -26 96 -63 50 78 109 -5 111 -79 -69]
[12 23 173 -182 84 -48 -55 13 13 219 133 175 160 -131 -26 -84 51 -1 1 99 160 78 -83 -200 -9 108 -42 185 -115 1 48 92 0 -83 -200 42 57 151 77 -88 35 95 130 17 -93 76 111 -175 59 183 -282 11 -127 -73 144 -200 86 280 -65 8 450 -63 -39 -147 -57 7 25 278 159 -16 18 -158 71 6 -269 108 101 -6 41 77 129 -42 91 -251 23 -80 -6 14 87 -63 -67 142 43 45 -153 -12 -137 -153 23 -40 174 35 -16 40 10 16 -25 81 111 -48 232 291 18 45 57 142 -23 -95 -17 44 -149 -2 -7 151 275 59 -148 22 254 148 235 5 -57 98 -199 -112 127 -18 161 -167 101 152 -81 112 -25 -31 165 210]
[30 154 129 -106 5 -49 33 125 -99 133 -186 80 -70 -10 -66 72 87 213 -375 -124 36 75 259 -25 12 277 66 67 90 19 176 -122 -57 36 185 -31 -22 -40 -142 -165 -133 -98 -74 -141 12 53 -56 31 136 212 20 146 198 -256 175 80 72 9 252 18 -133 12 -152 1 -115 -219 147 98 -91 54 86 35 311 215 96 20 33 84 -37 -289 110 -60 -24 99 6 -81 -134 -529 -87 -21 87 -107 -24 4 176 -160 171 64 117 33 71 -79 90 -7 -38 -123 41 63 42 102 -143 -195 20 -153 144 56 81 -201 -91 424 -137 109 47 -36 -84 60 -37 -116 -241 -43 -234 -149 -93 -114 182 -36 -94 294 32 15 -61 -165 5 124 70 -99 61 150]
[-142 62 215 216 -122 17 331 153 -43 -196 12 -64 -97 -13 17 21 185 299 90 72 -188 -16 -192 -419 215 108 -40 -78 -20 -143 42 37 63 -42 -13 191 -45 258 -137 -27 -186 25 -233 -112 -107 -22 -57 17 118 125 76 -59 45 -118 154 -113 -243 186 213 -276 33 15 -82 -146 -27 136 58 52 20 90 -174 -118 -61 -23 47 -49 38 -74 82 -44 -198 -162 -14 -126 16 96 143 -14 -170 151 -54 144 -9 57 188 -131 25 62 233 -46 -122 -200 44 -129 42 -46 -135 26 163 65 -93 -116 85 -135 -66 -151 -16 -97 144 61 -39 83 -100 214 56 43 -5 109 -15 -121 156 -51 55 -15 -110 46 -125 32 158 13 14 34 95 84 -1 132 78 -184]
[-56 -9 207 21 -92 124 56 -49 103 -20 209 -103 -396 185 -40 -9 -83 147 34 26 -54 174 -302 -291 191 -66 -234 -109 -4 20 -56 131 -39 -20 -123 60 -26 -49 -29 -80 -198 112 -41 -104 17 -25 -27 0 -102 63 122 -56 -104 -3 8 -209 -54 176 64 -116 141 68 254 -242 12 224 -89 317 -35 -57 -65 -148 -90 -47 -234 -12 -41 -20 -284 158 131 -26 80 52 192 83 -118 -97 -76 161 -48 -136 -41 -267 63 171 -37 -99 -297 -127 -37 -53 -41 -76 55 95 112 -94 -17 76 -157 -98 218 67 111 170 -207 88 69 -307 209 28 -209 25 129 -79 235 -127 90 87 254 -61 113 -23 -115 -69 18 -24 53 58 7 139 -10 -27 162 -22 29 -104]
[90 100 -225 -333 48 -111 53 -191 -52 187 107 139 -57 102 126 -432 199 -193 25 101 -282 14 152 134 -2 65 63 89 -29 -123 61 116 -10 -23 51 0 -117 72 61 12 66 -50 8 100 18 78 -70 -148 10 -66 -69 101 14 -203 163 11 227 -25 -149 -104 -158 -12 72 293 -260 174 -250 84 -80 23 -73 99 25 -173 14 27 -156 305 -167 61 77 186 -81 -80 -106 42 -142 78 182 10 11 -116 168 122 -45 198 72 -109 -221 94 -107 111 108 61 -68 -58 -48 186 10 231 -111 -119 -149 92 -22 166 -98 38 -16 -16 -35 -13 0 154 -66 57 220 65 -205 -8 39 -85 -71 -203 255 1 -68 146 130 -30 69 36 36 -173 -91 -187 -223 76]
[-53 -120 -52 103 -28 121 100 -48 98 -163 -72 -90 51 -82 108 93 -187 24 -152 -12 -39 28 17 229 165 -6 169 -160 172 74 -99 -224 33 214 48 67 85 -13 -164 24 -421 -25 -148 47 87 75 76 -56 -249 -215 85 -202 -19 296 -23 -161 94 51 -93 -228 197 -96 -288 81 99 -85 369 62 132 72 51 105 -175 231 14 -147 0 -265 99 -277 -281 35 11 220 -53 247 70 -125 -119 -66 80 -146 34 260 144 104 -50 -140 100 63 -155 -307 -202 -87 -14 70 117 -17 -172 -121 -65 -32 -42 173 202 -91 84 136 -109 29 12 -267 79 -18 -43 -135 -204 157 128 206 -96 -21 -280 -171 -238 153 197 13 -244 82 -150 -18 35 -132 -177 104 -130 -116]
[-105 -36 255 205 -101 -201 157 -54 -69 0 -240 -149 130 15 60 258 -80 207 -215 -162 -190 -122 -62 -42 226 233 79 -139 -4 -176 83 -255 94 136 198 70 -54 58 -88 -114 -154 -57 -60 80 167 -96 174 39 -287 -74 141 39 97 -37 153 119 36 -52 95 20 -105 -181 -71 8 -159 -32 63 100 -122 -25 279 -96 -65 -44 228 25 177 132 66 -251 -53 -122 -90 -160 151 -44 -169 -468 -88 -164 -37 15 1 250 84 -202 1 177 241 55 -118 -179 78 5 45 64 -62 -94 80 -16 92 -305 -45 -224 194 -125 59 -113 275 164 189 -60 305 -200 -65 -64 -123 58 -47 -253 61 -157 -305 -206 -282 57 -184 16 -75 179 14 -97 -144 58 -155 -9 11 -84]
[-174 41 -51 -177 -84 63 -38 -204 -130 -34 -124 -274 74 -70 75 86 51 -222 100 -39 -88 -105 18 -73 -299 -3 -125 109 -40 268 144 184 280 72 10 136 161 -54 65 -89 206 229 -154 9 -236 -8 -49 155 -5 158 -179 105 -168 200 -338 121 161 -95 -40 20 -58 34 91 102 27 -84 -124 107 -48 -122 -247 -110 -34 209 -17 -3 -107 -280 -12 66 297 -127 -93 -235 78 -12 26 233 27 145 176 -80 -69 14 -107 27 -58 -25 -92 223 -155 101 112 171 -60 105 -130 26 -267 -47 30 18 -52 76 -155 -155 -57 22 104 -84 -109 100 -74 -31 69 151 -29 -189 -209 31 28 112 73 -168 77 -73 -7 -16 143 13 67 130 -43 -111 207 -248 -168 201]
[50 -104 -156 -202 208 -72 -142 -291 -320 11 -139 101 156 118 -44 7 -109 -1 92 63 180 -10 66 -467 127 -51 86 81 208 81 -199 63 -178 -65 26 -324 177 -82 1 -155 24 132 177 6 22 99 81 -125 140 48 -26 -4 4 -162 -74 -65 135 -252 -109 -20 120 59 200 57 56 242 -156 284 130 -15 -120 131 78 -75 -145 -17 -124 -124 -142 196 277 214 -28 -242 36 -30 -87 -94 83 44 268 2 -31 -4 -155 -10 -37 -172 -305 93 -91 84 26 -83 -112 -53 105 -67 192 168 -25 -117 171 -94 -9 182 126 132 14 -50 1 72 -19 22 241 -43 -215 78 -116 -57 284 -50 277 83 -25 -296 116 99 8 -204 180 112 -36 -54 -141 196 -121 41]
[-35 -27 -48 -21 171 6 33 -79 -130 -61 -230 -129 -25 60 180 156 -152 152 -274 -168 141 10 178 -41 36 -209 1 -3 -6 -154 -93 34 -25 64 85 -247 -41 90 -99 -95 -248 85 44 198 -131 88 -111 52 -195 93 -110 57 -5 146 -92 -159 10 61 0 -179 -31 -91 8 -173 -230 226 -100 167 114 3 57 244 -102 -133 -182 68 -86 -80 -25 175 159 -30 74 -90 41 227 78 -41 126 -86 303 -24 37 27 -176 228 26 14 38 153 -187 -218 18 -145 -90 129 118 -102 -62 7 -208 97 -11 -262 -81 19 -10 -60 142 18 67 -55 113 16 62 -110 -92 24 -26 -49 206 42 -16 -99 -165 222 -37 12 -94 -35 -17 -83 76 -103 -59 155 82 33]
[174 -99 61 50 88 -24 67 71 96 -68 -55 148 -45 35 -38 11 -128 -107 -290 -24 7 36 78 87 43 -43 369 13 77 5 -2 -78 -243 16 -67 -183 99 40 -5 -155 -76 -181 100 -163 26 -190 140 -109 34 -25 -6 -12 51 39 0 58 113 122 45 -75 117 -19 -274 -105 19 114 207 -5 38 68 147 204 171 203 161 -82 2 146 44 -57 -36 -75 131 88 -175 238 28 -23 -62 14 70 19 120 -65 -68 -87 117 -49 364 170 15 -287 -1 36 -175 1 247 14 -20 -15 -78 23 -9 -171 69 -62 -62 -97 -166 64 -76 -13 86 -65 -133 -210 174 -44 127 179 -14 1 -74 101 55 159 33 -82 -94 -15 -194 -251 63 67 -7 -179 142 59]
[68 -68 -162 -40 -190 -140 184 -93 -22 -66 -29 -25 -44 -54 3 -50 108 -293 -167 -36 -208 203 -118 48 -126 47 -58 -86 -36 -229 27 37 270 13 -10 81 -146 26 -97 58 316 -93 -14 -100 20 104 -155 -70 -10 -91 185 188 -119 25 7 23 173 -51 -164 61 -196 -1 -28 99 80 149 -59 50 -104 -132 -4 -197 -82 65 -9 -133 -42 -112 -69 124 -18 153 -16 147 -7 69 -2 111 -51 149 45 -87 58 232 86 100 77 74 33 14 -159 -71 85 143 -71 -272 -47 23 -11 54 278 -271 -110 -84 -201 -70 -142 95 131 -26 252 117 -58 -76 -35 63 147 90 -54 -192 71 259 55 -58 83 -96 -25 8 164 -12 122 95 -118 -68 -79 -243 163 68]
[-45 -69 -5 -72 127 8 55 -11 142 100 21 71 48 -164 184 32 -131 64 -25 -137 -14 13 248 -10 29 -390 -52 80 -83 96 -125 247 136 -82 99 -11 -177 69 69 131 19 -173 -25 159 166 149 -33 -93 -276 64 -206 -127 -254 151 10 -200 -21 -28 6 42 210 -72 14 -146 -309 12 -70 27 135 -54 223 169 143 91 -296 194 -7 68 122 -254 -87 193 -29 -45 34 -29 -207 201 178 -89 -89 -164 -76 105 -71 252 46 -118 67 97 -235 84 -136 -81 130 62 -34 15 136 105 4 311 44 8 71 46 -23 176 -107 -106 184 -187 88 -139 172 158 17 348 20 89 -126 132 184 49 -38 -95 246 21 180 -163 -42 -38 -63 5 -101 21 20 -110]
[158 -134 55 138 39 112 -55 -14 117 119 49 -159 -116 -34 -33 62 267 -64 63 29 13 100 1 233 128 -24 200 -161 19 -42 357 -26 -170 13 104 85 34 -9 -115 133 -22 -44 -113 -102 -17 -118 20 61 -18 -36 104 -21 13 -255 88 164 -286 -25 107 183 -63 -6 152 176 -49 -35 -218 -74 -15 146 51 44 78 62 -103 -78 37 95 59 -107 -212 108 -30 94 58 1 64 -215 5 -90 -131 29 -47 -227 72 -81 159 88 302 25 -29 169 -78 -113 256 97 90 63 147 303 -195 -246 -72 72 99 -157 -199 -140 147 87 7 11 3 9 -170 -114 229 80 -84 -141 -114 -26 105 -150 51 -78 -183 19 65 -62 -77 -142 -89 -114 -97 -33 -36 64]
[-78 257 -77 8 58 50 177 -115 107 -132 137 -93 68 88 25 501 10 134 -298 27 70 101 162 200 -504 31 -259 79 -97 -79 -54 50 165 248 -61 -29 -119 46 -258 277 -69 -202 -50 -207 36 103 -121 -150 -9 -171 143 -102 96 -54 -143 176 -70 61 70 160 -85 97 -17 -74 12 -32 -68 -37 153 -184 130 -371 -13 254 -94 -42 -34 -17 0 -160 -185 141 52 120 55 125 -3 48 -138 -149 -76 -13 -36 87 131 92 16 170 -22 -89 -148 -94 -177 70 41 4 -31 207 61 128 67 125 28 41 -50 -47 79 134 -178 -143 -31 -44 -20 -93 -198 -147 -64 125 -194 -124 41 74 64 -82 -27 -271 2 -172 99 22 -52 -12 12 155 180 -128 140 36]
[174 37 134 125 -93 77 -68 122 -92 -373 53 -178 -364 92 8 -75 8 242 235 66 -77 107 -145 -234 74 -197 -144 -202 326 -36 51 64 -150 -203 -243 325 54 -48 -259 -46 -29 -57 2 -110 130 -128 -172 254 -117 -25 218 -196 199 -26 58 45 -288 137 216 -80 -194 -22 88 106 -37 143 -240 18 -58 70 -199 -62 -98 -164 103 129 -378 3 -122 -43 57 -142 -90 81 22 285 -58 -88 -167 -249 12 -145 20 -353 184 21 -5 59 35 198 2 6 139 185 274 178 25 -14 -122 37 -203 38 204 -5 -85 157 130 62 -82 -151 -22 -63 -102 -21 112 -79 126 28 92 26 -29 166 110 -100 183 60 -108 -84 -124 80 -88 -69 -68 39 124 -84 114 -87]
[24 -69 240 33 74 -48 -60 10 -60 -106 -53 -286 -190 -109 -40 -10 11 143 153 -101 97 163 -150 -163 -177 76 -241 30 93 51 161 -12 47 46 -59 65 15 -2 -181 -3 -20 -50 -53 -84 -40 80 -15 23 190 200 27 33 4 -149 22 -36 -125 -40 70 114 -44 278 -54 5 109 -35 39 131 -28 146 -74 -381 -10 135 56 -76 -6 -240 -103 136 97 -18 -4 211 80 -102 -131 -20 -87 89 3 -78 -85 -164 148 -136 -3 109 2 -163 85 -7 -27 -200 194 -143 14 56 99 127 112 -215 96 -90 97 -3 -193 244 46 -93 253 99 -193 77 -194 94 -56 171 -126 -105 -175 180 -21 49 11 -199 -123 1 67 33 54 192 -128 -23 85 23 207 49]
[8 65 14 -70 4 -102 34 118 -114 -45 -27 121 79 64 -141 -59 -107 -36 120 209 71 91 94 -51 57 304 193 221 115 -181 1 -66 105 -73 -17 150 70 128 -210 -45 69 -250 107 -137 -122 -31 67 -203 368 -15 120 -184 78 -351 59 139 81 -26 -12 52 90 173 67 249 35 241 -49 44 16 -135 -103 -114 86 115 63 -132 -70 -9 17 53 40 129 -116 -40 -146 40 -97 108 -180 -130 -48 113 102 32 62 -161 -43 27 -2 68 6 165 -17 -40 158 -153 -10 194 66 356 -130 -171 114 14 162 -105 90 -55 -180 -119 -141 -35 -91 327 -130 11 -24 -162 23 109 137 -148 109 -17 106 -85 92 56 88 -94 -13 -2 5 -102 -19 -134 -105 67]
[-141 194 127 136 -4 74 30 88 48 -104 -108 -149 -149 -37 98 127 94 145 -127 85 27 90 81 -74 -88 205 -160 -49 -87 -60 102 63 4 182 -233 21 -120 -53 201 247 19 84 -52 50 2 27 -203 73 35 -155 -41 -116 49 16 57 -126 -89 164 133 22 -177 60 -132 -14 139 -178 43 -20 -99 -149 -212 -20 -177 56 -62 -89 -56 -170 -55 -179 44 37 34 106 160 -65 52 -32 -51 -39 26 -48 7 -261 168 -46 -176 195 14 -94 197 10 -46 135 9 -124 -128 45 -40 -15 7 76 165 -32 -105 -40 -49 -183 -190 10 -150 48 -169 342 2 -77 58 -60 -51 -20 -55 75 -40 74 22 -172 -70 47 19 33 -57 -123 -36 88 225 72 250 -29]
[-109 -74 -126 245 -57 47 158 -135 38 -21 -110 77 -21 88 44 -129 -52 -164 -10 -46 69 111 17 -111 89 -172 282 -31 -194 6 -16 254 7 -133 -86 -28 -177 -82 -213 54 31 107 -160 76 189 86 144 -261 -133 76 -68 -194 -71 -183 41 50 59 80 13 74 10 -105 109 86 -73 157 60 51 -50 -174 138 -46 117 15 -74 4 174 25 54 49 9 106 246 127 8 27 -52 133 -83 84 53 -116 239 -17 9 126 -21 -190 53 76 -222 -50 -144 47 30 135 153 -14 72 192 -75 -59 95 -31 106 -169 -96 -187 39 -81 69 33 201 -16 -79 97 211 39 -28 -5 128 88 108 -186 233 78 32 -25 271 -183 -165 23 -24 -108 -27 -1 -145 -93]
[-90 -207 -254 32 -217 -6 162 35 240 -65 108 -42 -32 56 121 52 266 -45 20 56 -136 27 0 200 -108 -52 -97 -292 -16 -32 -285 41 -29 -83 127 107 -70 -81 -138 109 35 8 -242 3 -47 -1 -245 100 -79 -17 310 106 18 276 -85 -98 -134 -75 -146 -66 -314 -113 -85 157 125 169 -179 -241 72 88 -86 185 -195 126 -96 -100 -159 -192 -67 29 -90 92 173 191 -19 94 182 151 -180 -32 180 -81 -266 62 141 197 178 37 -37 -55 -332 -78 -11 -264 -256 -6 60 -35 -332 -187 -115 18 64 8 -240 -19 114 -8 147 11 191 -65 -80 -150 -8 -12 43 -73 -76 -23 72 238 14 18 52 1 17 77 -265 41 49 -72 85 44 -73 297 -151 67]
[57 -78 18 -130 103 124 -109 124 122 151 -57 138 -314 30 -38 -235 -142 157 42 -54 195 105 14 -54 162 -36 -107 -53 124 121 97 27 -136 126 -80 -84 2 -120 157 -8 -151 183 -104 28 -42 33 -121 -14 -56 51 50 -20 -44 59 -191 22 -49 -30 -139 -36 50 227 271 -194 64 -2 -2 99 -69 -38 2 -19 107 -15 -14 -14 145 37 -223 77 339 -112 -176 214 96 -272 -67 4 195 216 -33 -171 -185 -276 106 59 1 -130 -200 -137 41 -73 -127 -274 123 -29 159 16 62 229 -166 -71 -66 70 30 224 -139 -88 54 -136 94 304 -131 2 2 -75 141 -102 -177 -13 -202 -5 -16 120 -242 133 6 114 -120 62 46 -17 -75 -269 32 189 -98 20]
[-13 137 -51 -86 -129 3 122 -52 -73 -116 -142 -255 -143 -107 79 -160 137 -274 208 -82 89 252 -38 2 28 194 250 37 4 -168 -19 241 167 46 -7 43 -134 102 62 -1 210 95 -71 25 -151 54 10 -94 -60 -74 -130 63 -113 -156 -81 -72 137 90 58 -119 220 -148 -91 170 100 98 -139 131 61 -29 -140 -124 79 65 -170 -206 80 -6 121 204 -11 55 -158 28 -72 121 51 162 14 -60 143 54 219 131 -152 12 54 -69 233 117 -11 -84 -84 24 84 -142 27 -62 -33 12 9 -177 -88 71 -83 -38 -190 -115 -17 -25 -76 268 65 286 -85 9 123 28 -68 114 210 -61 -18 -274 -248 117 -56 85 181 67 -94 -183 -109 -318 131 -79 -95 131]
[-37 72 -196 -111 -91 7 37 -32 144 10 32 275 -163 -3 73 -105 18 -310 -117 27 -70 102 46 42 252 41 60 108 -61 -110 -67 -86 -197 23 60 -30 93 -6 -9 57 9 18 202 -43 -52 -22 -28 -163 -97 -244 -76 138 27 29 288 165 113 -198 -73 35 -38 -80 7 73 51 177 -101 111 50 -82 96 243 -86 0 -28 -81 80 58 2 60 141 -14 -235 -217 -90 137 49 35 246 60 -19 -73 4 360 172 -25 3 -228 -326 216 13 -101 46 144 29 50 94 -66 64 116 61 -27 -141 14 -257 -21 263 48 -16 35 -38 -6 70 11 132 -124 114 51 182 -14 175 83 -115 -39 -1 33 109 56 71 5 144 -232 -18 -163 -31 47 -5 9]
[-76 68 -292 27 -53 -138 34 59 245 -3 -222 -19 61 77 139 163 -223 -124 -329 103 -72 136 238 246 -4 94 -140 83 36 25 56 -157 -115 147 -84 -129 -9 -150 157 287 12 -62 184 -97 19 122 -112 -164 51 -231 136 -67 153 95 136 -44 244 75 63 104 52 100 -34 0 14 21 223 33 -18 -75 321 34 112 49 -59 -185 60 -94 -2 -49 76 349 84 140 -59 -94 85 -92 24 83 -110 -126 -20 129 163 160 -36 -48 -212 -26 155 -12 -32 202 -208 -134 122 -96 -59 -80 382 -91 100 52 -77 -51 111 123 -380 -20 -59 -107 -55 70 187 -288 114 159 124 44 -174 217 -206 153 -77 -146 113 -38 -50 -107 -67 31 39 48 44 -26 143 -33]
[11 90 48 -46 -142 145 -14 2 230 128 2 -179 -71 -114 -16 -87 161 -181 -92 2 -233 3 74 148 -182 87 -46 -256 -162 136 -49 41 135 41 -6 92 -151 37 162 109 147 156 -54 170 -19 91 -139 -44 -129 41 147 87 -89 40 -46 -128 -74 -57 76 176 -4 -90 178 -69 192 145 -338 234 151 16 -99 -232 48 127 -36 -50 184 147 -251 173 -32 57 141 52 60 52 -110 98 176 159 -258 -235 -56 -89 37 186 34 123 -128 -312 -171 -52 -121 -65 118 83 -104 -112 -23 -97 -34 57 -81 -37 89 70 -149 -345 169 52 38 -75 50 -4 -88 -146 204 -72 28 117 193 92 -73 2 -151 37 -167 -111 -85 120 -62 127 -338 -288 58 50 14 113]
[88 87 -86 -10 -88 -48 129 32 86 -151 -73 74 -64 143 111 220 -14 -237 10 -7 235 63 150 -16 -88 -73 17 77 -207 -29 -89 -116 -93 139 -80 -5 144 80 -93 65 97 234 9 101 74 40 -74 -62 102 -208 69 -226 159 -37 99 147 -87 -57 -133 -75 100 86 -79 -228 9 99 123 -119 -63 -66 70 -109 -7 81 163 -101 -5 -106 38 -8 -64 -6 55 -73 -174 226 6 17 -90 90 82 177 -40 120 8 49 -189 -6 -37 1 11 -181 6 173 -14 109 -151 -178 87 -110 8 -204 -65 -92 -144 -160 86 -129 -63 -142 -60 -102 97 50 -182 -152 -107 -165 73 68 55 28 86 142 3 -93 157 -83 -166 -48 -178 -145 181 -6 28 194 33 101]
[191 -34 195 90 130 -25 -58 -136 -199 -100 135 -193 -8 55 -100 47 -93 257 -237 75 -218 13 -91 -147 -153 -81 -156 -58 157 -12 19 -127 116 -72 -146 -165 47 -60 -135 -242 184 -114 138 -202 27 -17 -11 78 106 101 -16 -100 57 64 -69 50 -95 -91 110 124 -174 73 -51 28 -136 38 -11 106 -13 -34 -31 -148 -23 -161 -139 241 -159 321 -105 83 -34 33 -16 -270 201 136 32 -247 -97 68 -56 -70 36 -46 -34 -17 56 243 10 251 50 -91 297 235 168 123 -170 143 -59 131 5 -34 25 -58 181 82 -101 139 147 -24 82 -17 -14 -219 -5 -35 -90 -8 14 -168 143 -211 166 44 -19 -99 -183 -161 45 -156 120 31 -67 107 -112 -216 212 68]
[-143 20 134 103 -60 -149 -10 131 -37 -53 182 -24 134 -67 -17 -208 135 124 347 272 125 -154 -91 230 7 61 -157 -88 143 24 -189 66 187 104 98 130 -241 52 72 45 131 42 -388 151 -80 -165 19 42 -163 -9 46 -319 12 48 -71 60 -198 -197 -185 54 114 10 83 217 -22 -113 -158 -155 78 32 -298 -143 -6 52 -4 103 -6 -3 -37 -44 -25 56 -154 92 116 -82 15 61 -115 -102 -9 67 -227 -147 -52 55 104 -6 -8 125 54 152 -126 1 91 120 -66 84 -114 35 -149 136 184 86 -43 -73 61 -51 155 -229 72 -81 0 92 -78 -100 -219 -98 38 25 60 23 51 -9 -17 -242 0 -15 -156 -118 132 -35 4 -41 108 183 -187 -33]
[51 -62 98 -62 -49 76 34 -51 -7 -13 65 120 -120 6 -30 -11 -61 190 -116 -125 -141 -41 -253 -137 26 109 -199 54 -71 -14 -117 34 -156 109 98 -148 87 -60 115 -213 -371 -26 -170 156 219 -77 176 125 -197 -1 -46 146 -17 29 185 -252 -9 35 39 -60 119 -81 75 -34 23 -289 316 72 29 121 -108 -2 -103 100 50 129 76 -105 9 -45 86 -29 69 154 -60 42 110 -362 -38 242 37 -84 -56 13 129 -151 86 -161 -26 -300 120 52 61 -204 -278 14 52 -221 277 -172 46 -70 251 38 108 50 26 75 -53 216 62 126 -70 -176 178 171 -164 61 -75 -107 -179 73 -102 -125 49 -176 108 38 -27 283 -45 20 39 200 -15 55 23 -174]]