[[1601 0 0 0 0 0 0 0 0 0 0 0 0 0 0 0 0 0 0 0 0 0 0 0 0 0 0 0 0 0 0 0 0 0 0 0 0 0 0 0 0 0 0 0 0 0 0 0 0 0 0 0 0 0 0 0 0 0 0 0 0 0 0 0 0 0 0 0 0 0 0 0 0 0 0 0 0 0 0 0 0 0 0 0 0 0 0 0 0 0 0 0 0 0 0 0 0 0 0 0 0 0 0 0 0 0 0 0 0 0 0 0 0 0 0 0 0 0 0 0 0 0 0 0 0 0 0 0 0 0 0 0 0 0 0 0 0 0 0 0 0 0 0 0 0 0 0 0 0 0 0 0 0 0 0 0]
[0 1601 0 0 0 0 0 0 0 0 0 0 0 0 0 0 0 0 0 0 0 0 0 0 0 0 0 0 0 0 0 0 0 0 0 0 0 0 0 0 0 0 0 0 0 0 0 0 0 0 0 0 0 0 0 0 0 0 0 0 0 0 0 0 0 0 0 0 0 0 0 0 0 0 0 0 0 0 0 0 0 0 0 0 0 0 0 0 0 0 0 0 0 0 0 0 0 0 0 0 0 0 0 0 0 0 0 0 0 0 0 0 0 0 0 0 0 0 0 0 0 0 0 0 0 0 0 0 0 0 0 0 0 0 0 0 0 0 0 0 0 0 0 0 0 0 0 0 0 0 0 0 0 0 0 0]
[0 0 1601 0 0 0 0 0 0 0 0 0 0 0 0 0 0 0 0 0 0 0 0 0 0 0 0 0 0 0 0 0 0 0 0 0 0 0 0 0 0 0 0 0 0 0 0 0 0 0 0 0 0 0 0 0 0 0 0 0 0 0 0 0 0 0 0 0 0 0 0 0 0 0 0 0 0 0 0 0 0 0 0 0 0 0 0 0 0 0 0 0 0 0 0 0 0 0 0 0 0 0 0 0 0 0 0 0 0 0 0 0 0 0 0 0 0 0 0 0 0 0 0 0 0 0 0 0 0 0 0 0 0 0 0 0 0 0 0 0 0 0 0 0 0 0 0 0 0 0 0 0 0 0 0 0]
[-755 -285 -777 -174 180 -60 -199 378 261 -72 -26 119 -135 -180 117 140 21 26 9 136 -55 -52 -134 60 51 -65 -319 10 121 -127 100 -207 191 -56 93 252 87 -72 -31 -56 33 1 -268 -60 -45 30 143 95 87 135 -62 129 -217 -95 -72 -5 -96 248 15 -59 5 -56 -138 89 -224 -174 112 -37 44 64 -157 -67 -16 124 85 29 -110 -212 38 -70 -113 192 15 -160 -14 248 -79 14 -104 -156 -20 129 -61 151 54 2 -110 -177 -295 89 -35 76 -211 -32 -70 60 114 -53 2 -339 180 288 26 -128 -178 114 -109 -57 214 224 -107 -49 -89 127 74 117 36 12 -24 -42 -25 154 65 -26 -64 -20 245 25 223 31 -54 -47 117 -83 31 69 -59 75 -44 -24 -45 40 97 136 109 -31]
[0 0 0 1601 0 0 0 0 0 0 0 0 0 0 0 0 0 0 0 0 0 0 0 0 0 0 0 0 0 0 0 0 0 0 0 0 0 0 0 0 0 0 0 0 0 0 0 0 0 0 0 0 0 0 0 0 0 0 0 0 0 0 0 0 0 0 0 0 0 0 0 0 0 0 0 0 0 0 0 0 0 0 0 0 0 0 0 0 0 0 0 0 0 0 0 0 0 0 0 0 0 0 0 0 0 0 0 0 0 0 0 0 0 0 0 0 0 0 0 0 0 0 0 0 0 0 0 0 0 0 0 0 0 0 0 0 0 0 0 0 0 0 0 0 0 0 0 0 0 0 0 0 0 0 0 0]
[0 0 0 0 1601 0 0 0 0 0 0 0 0 0 0 0 0 0 0 0 0 0 0 0 0 0 0 0 0 0 0 0 0 0 0 0 0 0 0 0 0 0 0 0 0 0 0 0 0 0 0 0 0 0 0 0 0 0 0 0 0 0 0 0 0 0 0 0 0 0 0 0 0 0 0 0 0 0 0 0 0 0 0 0 0 0 0 0 0 0 0 0 0 0 0 0 0 0 0 0 0 0 0 0 0 0 0 0 0 0 0 0 0 0 0 0 0 0 0 0 0 0 0 0 0 0 0 0 0 0 0 0 0 0 0 0 0 0 0 0 0 0 0 0 0 0 0 0 0 0 0 0 0 0 0 0]
[80 716 779 -267 -592 -317 208 -123 -203 -229 192 -11 175 270 2 -94 122 51 -186 -197 95 31 -133 -204 -39 245 256 124 -42 206 -133 -21 -29 -15 106 -92 30 -125 215 75 125 -129 200 87 -50 -21 -134 124 43 -130 18 -16 61 119 -98 -192 -95 -119 -80 14 200 85 -71 180 364 -66 -45 20 177 51 -103 168 47 -246 -36 -107 217 -193 -2 -23 255 -76 -152 -86 148 -90 164 -168 -9 186 -161 33 57 -27 -57 38 147 102 149 -265 -112 95 106 -42 -33 122 -137 49 42 305 -230 23 -59 -94 193 -57 52 -21 -191 32 -167 -9 -110 -63 -216 -126 -77 110 -74 -81 75 -53 -18 -47 -103 -144 -302 -179 -135 -119 155 68 30 317 121 -2 -2 171 47 -10 -29 -55 279 -28 21 -6]
[0 0 0 0 0 1601 0 0 0 0 0 0 0 0 0 0 0 0 0 0 0 0 0 0 0 0 0 0 0 0 0 0 0 0 0 0 0 0 0 0 0 0 0 0 0 0 0 0 0 0 0 0 0 0 0 0 0 0 0 0 0 0 0 0 0 0 0 0 0 0 0 0 0 0 0 0 0 0 0 0 0 0 0 0 0 0 0 0 0 0 0 0 0 0 0 0 0 0 0 0 0 0 0 0 0 0 0 0 0 0 0 0 0 0 0 0 0 0 0 0 0 0 0 0 0 0 0 0 0 0 0 0 0 0 0 0 0 0 0 0 0 0 0 0 0 0 0 0 0 0 0 0 0 0 0 0]
[64 194 602 549 -86 611 -370 -442 -280 -24 -125 -5 -117 -50 -94 15 250 -279 76 115 2 126 2 136 1 -118 -54 -4 -185 59 78 -179 2 53 -127 -182 -48 -91 89 192 -106 6 210 26 199 73 1 -69 91 182 -206 -305 -91 -55 203 187 70 169 190 -68 -122 55 174 -90 54 194 5 -101 -169 -138 319 -10 -117 -68 -40 -30 204 145 229 88 -269 -115 78 71 -124 -221 -228 62 216 79 78 -270 180 125 49 67 -144 -134 -19 31 -64 -119 -88 -109 96 -225 -32 -114 10 84 85 -133 -13 1 -53 197 33 -114 -101 -118 8 39 109 -94 235 -144 129 -273 55 -29 37 -59 92 -210 162 169 -53 -72 -59 -50 -43 81 -11 -245 49 -15 -131 -195 -241 -66 81 22 -54 233 -15 46]
[392 -684 616 -529 -586 -368 -381 339 371 124 434 -59 25 78 22 -205 -345 209 -111 0 -146 -169 -36 -220 1 -288 117 90 123 -71 -142 171 -92 112 -37 50 0 -10 -294 43 -116 17 93 53 -209 131 -106 -238 15 18 67 57 3 99 97 -113 -150 -122 -35 192 -22 -11 -65 9 32 28 -156 -22 63 -52 -172 -121 146 -42 0 -55 -87 -127 7 -16 20 -14 -73 308 -55 98 219 164 -136 -70 -29 -31 -73 -66 -110 14 58 92 156 -32 116 65 146 -13 -37 -94 -113 56 103 173 -8 16 -51 74 90 -15 -178 107 4 13 92 88 83 -155 67 89 -31 75 -232 -9 -12 -131 -4 228 47 120 -172 119 -254 -92 74 52 -122 159 -111 -234 71 -45 172 28 247 -78 -155 -50 -185 -86]
[-159 799 -109 393 223 -828 483 12 10 -24 -36 160 -70 98 151 275 121 -35 -109 -7 103 -45 -62 3 11 114 237 138 -34 353 109 -40 29 -231 -167 88 -185 -131 70 -203 196 -73 -102 -43 225 -31 -21 104 121 105 29 153 64 -220 8 -225 31 203 -84 -148 -196 -74 109 29 12 -136 198 -31 14 -3 14 61 -65 -87 11 123 -55 159 -18 25 224 116 -13 -140 209 72 99 -19 -84 54 123 65 -180 80 -13 204 -76 75 65 102 11 -46 -120 101 9 154 218 -30 -149 -99 -10 137 3 -87 -57 83 156 17 92 -10 -233 -79 -117 73 22 -114 -330 97 236 -88 130 5 51 106 -317 -273 -68 -162 301 128 -43 -198 3 -64 170 -80 100 112 -46 31 -130 -140 221 -133 -89 -114]
[-709 642 310 -441 685 85 -19 0 2 -115 116 110 0 7 42 -97 185 -165 -325 44 -66 150 -230 -343 -178 -177 278 155 -187 177 26 57 -4 -19 -100 -124 9 -395 162 253 -217 -217 259 -23 -48 170 -89 -124 106 203 -169 -219 -108 -122 22 23 -250 -3 250 -26 217 83 -144 115 321 59 -106 -224 104 -76 104 168 -80 -263 -10 -90 290 -29 448 186 40 26 -150 -18 35 -265 159 -174 -21 205 -87 -216 9 38 -124 -34 77 -39 187 -37 172 179 -112 -131 115 125 -118 -77 80 175 -120 48 -162 90 -173 153 -155 -76 -84 -253 -66 -166 26 -125 -80 -112 37 230 -25 28 16 -260 90 82 4 58 -199 -378 -245 -135 -135 -53 -142 111 77 -125 -59 93 27 32 -121 -59 -17 150 -63 75]
[-104 791 -79 -453 20 660 175 91 229 -53 479 -82 -116 228 40 -39 -30 279 -71 103 -33 -290 -94 -272 -32 -39 -128 17 -45 365 199 -292 -121 -181 -93 -148 -16 -254 -36 -73 -84 86 -114 -159 155 138 -184 -14 167 292 -49 -200 117 -136 -31 -6 -76 -67 32 -39 -86 8 -62 69 31 -13 -59 -202 2 -221 105 85 -28 -201 148 -5 -48 -69 289 61 -67 15 -154 207 -22 -132 229 -58 -132 -38 54 -166 75 215 -73 68 7 -126 151 -49 76 -88 116 125 86 196 65 129 46 158 20 64 -99 124 -39 68 -158 182 -55 -35 -20 99 19 -30 144 -42 -104 -59 74 -2 -18 -160 188 -52 18 67 -199 -142 -161 -32 -58 -159 -101 18 -2 26 -130 13 184 30 225 82 16 18 -353 -39]
[361 -733 662 -140 -455 -722 -40 -160 -192 98 116 -219 111 -125 -218 -23 36 278 279 159 194 -33 -131 68 -18 222 -205 -93 -247 -68 88 -275 -28 200 -87 -80 184 202 8 -96 -57 -41 -34 -134 85 -229 -68 89 10 70 -54 -221 -31 96 -166 235 124 8 101 -124 30 77 -35 11 4 -23 89 -188 -104 -8 39 115 45 -82 -6 85 -108 41 148 -24 -90 -230 182 -43 74 -133 -203 -56 243 130 226 -153 131 72 214 -69 -22 -111 91 -116 -167 -120 142 142 94 193 -64 -11 48 203 -60 -104 -103 189 98 -42 17 21 -143 216 -7 142 114 91 -20 -320 83 13 202 142 32 159 82 -215 251 216 -78 -48 -150 1 -6 103 16 41 54 115 -205 -36 77 -97 -98 238 -8 12 -12 -142]
[139 -327 623 -43 -688 -740 216 -219 -262 40 -291 65 60 59 -20 231 221 178 351 127 140 15 -192 203 -44 215 -282 83 -165 -226 -166 -199 72 -87 35 127 -11 30 27 -32 197 30 -155 -178 388 -269 15 148 173 162 -135 260 -105 116 24 139 -34 80 -17 -219 87 138 -66 93 -123 -301 21 -136 -108 25 -204 -12 -123 61 -58 -42 -145 -110 140 -231 114 -64 218 102 92 164 -254 212 76 53 149 69 -32 84 158 -45 -154 -45 -143 31 -149 -127 -125 33 -34 47 171 -179 -1 -176 -8 188 168 33 208 159 63 -84 144 225 -217 204 -78 246 22 -145 19 -20 126 -132 36 249 -17 -113 -72 -156 -80 20 197 94 141 -10 -3 35 19 34 -350 -61 -191 60 -179 60 119 -136 -81 -187]
[561 249 19 -61 510 -606 -581 -315 -392 34 168 -258 329 132 -94 -77 -159 121 271 21 81 -22 -74 118 161 -122 106 123 -7 -125 -283 123 -14 385 2 -91 -93 58 -31 132 64 -97 145 31 -314 79 -68 -115 159 -16 -78 -51 -77 159 205 108 -48 -75 66 6 86 185 -9 -70 172 82 -48 -45 -48 100 -265 -77 82 -14 -296 -126 84 107 61 107 5 -119 53 187 -10 119 -104 407 210 135 33 77 21 101 66 -72 -105 234 360 -248 -71 -67 10 -25 -123 -229 -127 -83 -3 204 -157 -176 199 195 47 34 -53 -184 -77 190 -10 24 6 29 59 -87 188 -118 -24 -20 -184 37 -106 68 146 84 -190 222 -172 -87 81 101 69 285 -39 -45 97 -281 -59 -25 83 19 -194 -306 -40 -208]
[152 -503 535 624 439 -646 10 9 -497 93 -764 12 -212 89 -35 55 -59 -96 103 103 -61 49 94 5 142 -34 25 188 75 10 -69 273 36 0 60 -128 -129 11 11 69 10 30 -197 63 -66 148 77 109 -160 37 -178 224 -50 1 121 -31 73 79 -80 -12 59 112 43 -239 -142 130 -9 95 -230 106 -137 -9 -246 163 34 -39 -152 126 -89 82 24 151 -90 47 -127 169 75 119 -66 -47 -87 156 -115 -79 -34 -68 -136 28 98 49 242 -16 -96 78 -49 -60 8 -111 -209 -67 14 35 155 -29 -111 -33 -38 -66 61 46 215 -22 -7 146 12 132 -132 100 102 -150 41 129 -86 55 -216 16 197 197 340 107 -113 -125 109 -37 -26 89 217 42 32 157 -40 -100 -125 38 56 -13]
[-741 314 392 521 -563 134 638 35 444 170 172 -16 39 -200 -43 -104 179 147 120 138 17 185 -162 -48 -302 75 -80 -111 -290 -280 -26 -108 59 -147 35 190 192 -118 -128 11 -71 -81 -29 -97 72 -146 80 -106 -175 41 -35 -160 -54 154 -245 365 -81 -87 23 -132 189 -187 -6 191 -214 44 -142 -89 -14 -52 8 -93 6 43 31 121 101 1 84 101 -47 -125 151 -12 121 -137 -3 -84 319 97 127 -199 134 -162 193 -164 52 7 -270 257 2 -5 70 -20 70 48 153 33 -53 -131 147 -72 -39 57 -9 -44 175 -19 106 -47 109 -91 68 117 -208 -127 -78 127 53 182 213 14 -6 -160 82 35 55 40 -95 85 27 115 -4 64 50 109 -169 208 32 -7 -145 216 21 -77 170 -35]
[537 668 -357 -37 -283 489 -79 -17 -334 129 -499 32 175 -126 -26 77 -193 74 90 69 -27 196 224 -70 104 124 132 51 -63 -453 -165 466 -77 207 -235 -194 53 329 -115 -2 28 -19 75 -103 150 -451 -36 75 -240 -153 122 291 -83 234 -93 171 19 -302 -108 160 105 150 166 -211 -102 -29 -100 -111 33 1 -28 113 -86 116 1 4 -190 357 -42 -192 148 -15 266 50 136 196 117 -141 116 110 86 -64 -91 -204 58 -112 -51 0 342 74 18 26 139 -149 -46 70 -207 -13 -5 -22 -211 -87 -49 430 148 -52 120 81 24 -51 138 63 48 7 166 -255 -189 243 42 -66 -31 74 -224 357 -17 -167 -154 -40 121 88 -14 -38 -240 21 -39 -28 -129 -13 -92 61 -376 -198 -170 -99 -99 -153]
[-447 798 177 -541 -437 258 317 -397 -534 -190 -570 -40 163 206 -131 -30 372 -49 114 -72 89 180 259 69 11 246 209 175 -85 -295 -117 -159 -75 107 -79 -301 100 205 29 262 -6 47 332 -13 200 -420 -79 269 139 -21 -39 37 -17 356 -17 192 118 -40 -46 -21 202 164 187 -99 55 -69 79 -13 -152 -16 13 184 -6 152 -164 -51 3 66 25 -214 25 -308 257 -122 14 -76 -346 -289 219 107 -51 -45 201 -232 275 -117 -3 -162 -74 17 -262 26 49 -308 14 -64 -142 -122 77 149 -249 -29 -150 -40 245 -93 98 -165 -246 96 -75 58 211 -64 186 -387 -19 -114 -99 -180 272 126 -96 -60 32 -116 -276 32 -134 -18 209 165 102 12 -103 40 -247 -4 -213 -53 -160 -139 54 400 30 -128]
[-405 426 685 419 -370 635 -13 300 -8 4 -224 240 -54 -111 69 172 -102 -121 164 75 -185 43 -30 -9 121 -122 218 258 -20 112 -92 262 65 117 -124 187 5 133 -184 92 -39 -165 -114 149 -16 -205 89 -34 80 278 -69 70 -128 53 -74 20 -93 97 179 2 -187 18 243 -239 -290 -180 189 -180 -117 88 4 -52 51 287 -119 45 -237 193 -22 -243 57 25 227 55 164 175 -273 75 -25 62 184 -156 -198 -52 210 -133 -155 -164 102 338 251 61 -162 -44 0 77 91 -231 27 -39 -80 25 -104 93 -113 -55 -154 -144 128 281 -11 213 170 -55 121 -282 -101 203 54 -73 171 75 -177 297 -95 50 131 -27 97 72 -131 -27 40 -142 -121 -301 97 -70 -202 -27 -59 -161 -185 300 18 -255]
[553 -556 -215 632 670 422 63 48 62 -198 371 -229 227 139 29 -22 -164 176 235 -47 -184 169 -106 -89 161 99 -109 -90 -47 -3 150 8 23 -96 95 52 16 24 -118 -66 -26 -162 -74 40 -397 -22 -74 -28 -37 -99 -54 -429 76 71 -242 124 -32 -292 85 -27 -22 -149 81 229 -53 295 67 -134 209 75 -219 52 125 -24 -129 8 71 193 -287 169 94 58 1 -114 143 60 -10 -59 119 52 52 -222 63 35 133 -62 62 82 269 110 139 45 189 58 -46 98 -35 293 -176 169 -122 -227 -47 324 -113 15 -24 -62 -7 149 53 -198 211 -37 -26 -133 35 211 63 -24 -144 26 -107 -30 95 113 145 -5 -119 -39 -52 -175 177 166 73 226 56 138 157 12 58 109 -108 -147 118 -127]
[92 188 -723 478 -252 142 -278 20 188 65 309 -158 -150 101 -20 -30 109 274 -48 32 123 -299 43 10 21 -88 100 -43 48 -36 -50 -183 -60 132 -49 -150 -39 326 -196 56 -63 134 -14 -133 -96 34 -10 -26 107 -63 89 213 241 55 82 -181 239 275 -164 -50 46 63 -171 -188 151 -64 187 89 -193 -44 96 -28 195 102 104 19 -236 -245 224 -82 -90 -238 122 259 -142 -29 -138 159 -3 -51 20 157 33 -9 39 -167 214 -45 -17 -33 -157 -172 13 -83 8 -166 -23 -52 91 93 68 128 85 -102 50 -41 -15 -103 74 7 106 186 241 207 -2 94 12 -61 -103 108 108 115 81 -42 4 -46 -36 319 -133 51 176 165 -63 -22 -111 -209 107 -187 212 -108 312 -10 19 -19 -2 -48]
[-798 -205 472 -84 -31 -676 -288 67 395 178 270 -60 -22 -14 182 -9 -76 -55 128 -102 9 94 -10 122 -72 76 -228 -189 133 -411 137 22 32 -196 137 29 46 140 -108 -167 -4 -52 -180 -90 -184 321 172 -175 -164 -347 -15 98 101 -7 146 -15 127 51 -149 55 99 -237 -242 12 -54 242 27 189 42 188 -125 -251 117 53 9 69 218 95 -283 361 43 60 31 -179 -62 208 -148 41 -14 -176 -27 173 -167 -46 -72 -115 325 390 -340 42 -6 -67 89 111 -134 -215 72 232 -183 -247 289 -279 198 -106 -155 -28 21 -145 276 -87 162 -356 49 115 -227 385 119 -183 -36 69 -74 7 155 -71 75 -29 194 182 37 -90 5 -90 254 10 -96 109 180 -69 172 44 281 204 -273 -406 326 35]
[-690 -127 -471 -399 636 485 -232 -54 15 -9 51 224 -119 -184 94 213 20 -11 78 110 170 15 -102 -91 -84 198 -271 76 -98 -28 291 -100 -32 -212 -55 -210 2 -87 277 -92 -16 -91 -129 -209 78 -28 15 237 -159 -78 -123 -190 -134 -52 -90 262 55 -7 -101 -240 162 -52 -183 -21 -258 48 8 -108 2 104 -50 164 -189 -164 74 51 55 178 195 263 -8 35 -133 -306 98 25 -5 -210 15 6 45 -132 47 77 -35 -100 -11 22 -15 117 -2 -118 138 36 -213 72 -188 161 -179 -203 166 -1 -20 130 -127 227 126 -103 100 -110 115 -88 -264 243 -75 28 -85 112 258 89 -163 -14 125 -36 64 -10 22 -146 199 -54 -323 -238 70 -34 126 145 -9 59 108 107 -235 128 64 -149 -21 142]
[566 533 333 -2 272 -773 169 -180 -304 76 -218 -134 107 309 70 -173 -91 -178 -84 -70 86 85 181 -43 -26 -121 202 131 159 -185 -310 199 2 109 183 -355 79 -122 -49 205 -1 -98 105 71 2 145 -27 -111 32 80 133 88 -59 74 213 62 -32 40 -127 194 236 205 -57 -223 99 73 -206 184 -70 159 -183 -198 -81 97 68 -5 249 271 34 164 5 128 -1 6 -73 247 65 74 85 189 -138 185 -90 32 9 10 -66 219 -42 -151 163 81 67 0 -153 -160 94 71 -147 -28 164 -35 260 -211 80 -109 31 102 -89 98 19 -333 30 -157 15 23 -269 -291 -294 -212 214 -87 26 -4 -49 -62 -269 138 122 9 141 -53 158 87 63 111 274 -2 -112 -18 100 -197 -107 -35 145 -202]
[325 -47 130 192 729 337 -226 -158 25 -25 -602 117 -224 -64 196 125 249 -234 48 136 -128 404 152 147 -181 -76 -427 -225 -24 -225 177 32 -65 -252 31 -79 -33 4 52 103 -101 -84 -141 -95 153 24 139 -90 -92 -9 -51 118 -170 -196 -68 31 134 94 -8 32 150 -33 -32 -93 -113 -25 -64 -22 -6 -148 113 80 -139 76 -56 2 -86 323 -45 159 -15 300 -60 -48 -165 60 -114 -185 -33 7 -18 -27 -67 1 52 -68 162 21 -138 346 51 21 -251 4 4 47 46 49 68 -266 287 -17 203 -1 -149 86 69 96 190 -213 92 -303 25 -103 -15 163 154 89 -19 15 -56 -106 -12 78 -4 -27 221 -132 191 100 -36 -192 114 -316 163 124 -77 -17 -17 2 -279 -30 -140 200 165 135]
[0 0 0 0 0 0 1601 0 0 0 0 0 0 0 0 0 0 0 0 0 0 0 0 0 0 0 0 0 0 0 0 0 0 0 0 0 0 0 0 0 0 0 0 0 0 0 0 0 0 0 0 0 0 0 0 0 0 0 0 0 0 0 0 0 0 0 0 0 0 0 0 0 0 0 0 0 0 0 0 0 0 0 0 0 0 0 0 0 0 0 0 0 0 0 0 0 0 0 0 0 0 0 0 0 0 0 0 0 0 0 0 0 0 0 0 0 0 0 0 0 0 0 0 0 0 0 0 0 0 0 0 0 0 0 0 0 0 0 0 0 0 0 0 0 0 0 0 0 0 0 0 0 0 0 0 0]
[-175 685 -719 428 690 398 283 -237 -317 24 -702 48 -154 14 -70 82 14 -122 -71 188 -77 179 141 194 158 -165 290 243 -72 278 -18 98 24 230 -291 -44 -355 16 37 141 -167 -19 283 29 43 219 -19 -115 177 217 -221 211 -65 -41 214 -240 66 281 269 118 -180 196 63 -215 164 28 104 -4 -254 -174 197 53 26 53 -203 7 -219 174 24 -46 -260 21 -56 239 -130 -29 -112 148 -80 -10 -61 168 -186 127 130 192 -259 -87 133 -8 -126 148 -455 74 -6 92 6 -384 226 113 -261 -44 72 -219 -103 31 -67 -73 -142 -38 -136 -8 28 -208 212 13 257 -101 200 -83 176 -141 -176 174 -7 212 104 85 -44 48 -30 231 22 -239 112 -211 253 -244 -134 -84 -85 -186 -125 243 -7 -59]
[466 598 346 555 -697 77 -17 -154 -206 -193 -172 -136 11 43 -94 6 10 19 172 69 -94 174 -169 135 145 -3 -303 47 -6 -50 -48 -39 176 169 63 -61 -86 21 133 233 66 -46 66 30 48 0 -15 18 188 -37 -121 -14 -196 81 171 -106 -66 -156 17 -62 277 201 -7 314 209 0 -72 -113 135 -60 -73 -57 -37 -195 -14 -161 101 -247 103 -185 -159 72 -126 65 -105 22 31 83 201 -91 -109 -90 78 439 -21 174 -160 -27 296 -277 -229 9 -152 39 -94 47 -172 -39 134 217 -150 134 128 83 210 355 16 116 -104 -112 -268 -23 -97 -173 159 -76 220 9 -55 -134 -270 3 26 -44 21 114 -52 -148 -192 -75 132 211 -120 52 277 206 -156 -233 -29 -49 -122 -143 98 -68 -214 -93]
[-278 -61 -47 -822 233 -407 -843 -111 211 -76 185 -107 -17 105 57 -114 344 -168 61 -117 21 -158 86 147 0 -78 21 -155 144 93 133 -184 3 -11 358 -201 -9 -5 10 88 66 77 -105 293 -60 17 230 21 220 -43 243 -96 10 -97 73 27 -49 -102 -63 143 82 -212 139 -64 11 -129 94 27 80 -157 117 -209 93 251 -172 21 229 28 -2 46 -159 -158 -13 109 -193 -89 -314 -14 90 -189 -91 -117 198 88 97 -49 231 -1 -168 26 -187 -124 -180 -164 -124 -318 60 -30 73 -117 175 -5 166 -146 -121 -152 130 -74 41 -115 -166 74 -105 -137 28 205 187 -287 -170 63 -42 -95 10 25 11 -13 22 144 -217 16 169 180 221 -16 -85 60 32 -232 -64 -216 312 -98 -64 271 -81 -6]
[-535 539 -415 -144 -17 423 -228 -316 401 -80 98 133 62 -128 -12 -20 114 66 333 32 72 -36 135 269 116 -78 -263 -55 -6 -49 -23 -171 -42 -197 59 242 -115 3 -37 51 -115 237 -87 -151 -26 59 39 -151 270 -83 -116 13 20 93 220 126 144 50 0 -311 104 -102 22 198 -144 37 -97 34 -202 60 -6 -153 37 306 -134 -52 -198 -163 -36 53 -213 -50 -101 158 2 61 -174 100 33 -210 102 103 100 -12 95 -89 -138 109 -317 4 -218 -166 -74 9 53 -218 177 -32 -81 -242 136 -25 292 -168 23 -85 100 -17 124 -168 131 85 -92 179 151 184 184 -319 -65 145 -222 -14 -125 -184 79 -10 79 288 36 31 35 144 174 -89 -224 229 37 -204 -30 -36 148 239 -61 -338 -34 67]
[-358 -737 -286 -200 -289 -283 -570 432 364 -87 471 172 107 90 47 64 -242 -72 -138 -187 81 -118 -188 46 -266 -3 123 48 101 318 -238 -25 66 92 -102 251 -6 -112 109 -36 71 -95 308 -77 90 94 -11 -81 -50 5 103 -39 -8 -105 -156 -280 -125 131 77 -102 -149 -36 -150 -100 -82 -338 138 198 127 120 107 -54 250 -275 77 180 -96 -214 -58 -195 80 43 -62 -146 306 36 -26 92 -144 247 74 50 -138 110 -132 116 32 144 -235 -68 -45 222 -150 279 -75 225 -17 -139 250 -32 51 49 -146 -387 103 -73 173 -63 -56 148 -211 31 -204 -37 -313 -44 76 61 73 76 171 -82 -13 5 28 -95 41 -125 -142 -190 -106 235 -120 26 98 -423 240 35 11 -84 10 78 407 -169 200 140]
[-551 -22 559 -738 631 729 -583 63 -2 -61 95 224 -233 -483 127 151 13 -54 -141 60 -90 -241 -163 0 138 -308 198 61 -206 312 241 103 -57 307 -170 96 -178 -86 10 -39 -176 -161 -69 182 -393 155 96 -55 168 109 -187 16 -117 -104 70 -234 26 468 176 -90 -252 38 -134 -124 128 -27 272 -62 -73 116 168 150 80 53 -27 -13 -360 -19 237 -32 -59 99 -138 2 -168 -199 172 50 -126 5 -85 55 -41 40 75 -30 -103 -189 257 42 12 86 -234 -139 230 -23 -24 -208 140 77 31 270 -88 69 -407 -93 -140 -11 66 113 76 158 18 -33 -47 -99 156 275 129 133 -140 -30 -20 165 -58 74 84 -17 111 52 -195 183 1 -48 99 -261 173 2 -50 -69 -121 5 7 211 -66 197]
[405 -685 164 7 -359 -782 41 419 31 167 -92 -19 -200 -374 31 9 -285 98 -15 271 32 -14 -122 -15 -134 -26 -99 113 -96 82 194 -38 193 114 -224 -1 19 -179 44 9 -225 -76 42 -116 -16 308 -17 58 1 190 -200 10 -99 -3 104 -41 29 355 19 -144 -4 79 -210 174 -20 98 49 77 -209 227 234 3 -151 57 275 54 -241 -244 246 12 -243 61 -219 -122 -75 -55 239 128 -60 -26 3 112 -136 208 76 19 -86 -131 11 -135 -36 196 -160 196 13 189 157 -52 -73 -98 139 265 -178 -105 -185 192 -125 147 -56 124 36 -199 -14 24 -106 -59 96 58 240 43 -27 3 247 -234 -79 124 270 68 70 3 -166 -26 31 -37 188 91 96 149 67 57 -191 167 74 -4 60 174]
[238 -652 211 64 282 479 40 -207 -352 227 -166 -32 269 264 -66 146 -132 41 84 91 175 -39 -16 129 -137 -91 278 209 -52 -177 -423 122 -121 89 -107 -82 -75 -254 -91 -106 130 -239 135 -276 85 155 -164 -5 -131 173 24 253 -29 109 22 71 -106 82 -108 -46 -143 174 -90 -226 -184 -76 -111 70 -148 112 -142 -34 -60 -156 -56 206 8 477 -5 392 137 48 16 -61 81 94 321 100 148 234 70 287 -121 -51 172 80 -399 262 82 -99 107 9 76 263 64 -6 47 -95 -241 -41 36 -189 71 -37 -39 -113 254 43 53 202 106 -291 -124 166 -16 -18 -274 -26 65 31 364 25 79 49 24 -121 -197 78 128 56 -78 -35 3 208 164 -107 232 107 -50 139 -340 57 105 -341 -16 -255]
[603 -692 642 -296 -708 -393 -620 314 151 -28 85 152 -122 -229 190 -50 96 -65 214 114 -229 -100 75 65 17 -136 -252 -196 188 -90 38 124 39 273 102 179 29 189 -156 147 -5 -129 -434 43 -489 82 156 -58 -198 -81 25 107 -51 39 -185 -46 19 -24 -140 61 -19 5 49 -167 -467 -61 122 62 67 18 56 -134 188 223 59 8 -250 -52 -15 -22 -19 232 -123 -108 -303 69 203 -130 64 -196 -16 34 97 141 28 -196 -60 -89 131 317 243 -57 13 -79 145 -56 -299 74 10 31 124 100 -83 179 -228 33 -101 133 250 -10 408 42 11 128 10 44 50 349 -159 211 -113 190 -24 124 -43 33 415 237 -25 -34 -195 60 76 -31 -23 -15 131 -20 177 10 -44 -37 -143 200 22 87]
[-396 505 -481 -731 641 -413 -88 -177 -257 -21 36 0 166 245 4 -207 -238 -16 -78 -5 301 -54 220 -248 -73 390 -201 150 269 -11 97 -93 6 134 -34 -400 75 -14 323 -33 143 152 239 41 110 7 -111 189 -257 -65 -22 -179 -174 78 99 125 43 -81 -116 344 -24 -116 57 -236 -64 123 -99 234 235 -209 -57 44 19 -193 -124 69 224 58 -156 60 -11 -13 -211 -55 -31 185 -13 -69 -39 19 29 198 34 125 -183 116 49 119 -26 -150 -287 49 228 -41 -344 -12 -389 189 66 55 -23 -214 -84 -82 24 154 117 -48 -372 8 124 15 -441 -4 57 -13 -47 -370 121 -142 10 -101 -61 -67 14 -50 -55 191 23 -211 -67 -121 160 144 120 95 33 -81 -49 135 176 112 -15 11 49 162]
[-674 -388 -324 -602 396 -762 -445 262 671 -20 279 168 5 -97 73 -43 55 -191 -352 -92 238 -96 70 -223 -177 -55 267 270 275 -67 7 -112 72 -244 -33 -92 213 -261 126 78 63 -84 37 112 66 -222 62 48 257 129 252 -77 -474 -89 -30 165 -166 66 45 78 241 -242 119 -8 67 -141 -120 -92 192 -102 -192 65 -27 25 -163 141 245 132 310 71 21 -21 44 -225 142 32 -134 -172 -106 -13 77 -20 -224 -86 -50 -94 137 -58 -113 86 -86 128 -61 -288 -212 -66 100 39 10 -229 17 237 -147 -134 -149 122 -69 -44 -157 -65 -260 -140 -60 -103 68 -202 -276 -149 -154 35 76 -271 102 329 -104 -127 -257 -283 -83 -62 13 -366 81 46 37 -76 -129 69 -28 30 -174 -245 -88 164 -108 -112]
[-598 -610 481 -285 295 -682 -273 -40 60 -138 -117 -88 -166 -189 -4 52 19 133 -193 235 -255 -93 156 73 180 -180 143 -8 64 -279 75 24 184 322 24 18 -100 21 -102 45 -64 87 49 74 -299 211 103 153 -114 -243 -98 358 -37 167 14 62 41 149 -129 272 -45 -39 -25 -22 80 271 -148 90 7 55 190 -150 -9 308 186 -121 -26 -215 -40 82 -482 -184 -47 312 -297 108 233 77 130 -240 -376 148 186 -22 191 1 -83 -221 -155 -237 -224 105 -119 -352 -189 -311 -14 -77 -75 -185 85 -9 153 6 -289 -173 96 -192 121 89 124 -68 36 135 208 272 124 -172 -106 58 26 76 -54 -48 -11 170 262 338 165 142 187 333 -48 78 -1 194 146 -8 -61 -186 46 20 88 37 129 -10]
[275 219 605 750 564 -319 -499 94 -117 22 -297 90 -37 -59 19 115 70 -135 80 72 -155 277 -260 -86 19 -56 -95 -15 -154 73 30 214 -60 -258 -47 180 87 -53 -47 84 -67 -112 -144 -102 21 162 82 -163 142 202 -338 48 69 -159 240 -110 37 104 214 -269 77 21 -98 167 215 -131 -45 -111 -100 10 255 153 -120 141 -216 -141 -68 -57 77 72 99 85 136 134 21 -96 8 9 -64 -47 40 0 -151 -67 -19 -358 207 94 61 -17 207 47 -214 64 372 99 267 -251 -51 -125 86 -130 237 155 -252 38 -141 -143 335 -24 113 17 116 176 -88 108 155 118 15 83 -101 26 59 -127 -111 -189 225 -202 25 83 -94 -277 122 -62 -349 -168 -28 -106 -112 108 -15 250 -199 9 -9 86]
[-215 -780 188 210 -609 67 154 1 -127 -24 -28 -5 -39 119 78 336 110 -167 226 156 35 -18 -2 168 67 72 -433 -83 296 -3 254 -322 195 46 68 -19 89 140 -143 -53 182 -24 -205 -128 382 -229 -53 79 239 204 -42 -49 -275 -290 148 230 43 142 145 146 -246 -62 91 -258 -283 -162 121 -124 169 -131 100 -117 52 119 -35 183 -15 372 -109 -19 -130 113 345 -99 -103 301 -451 -53 56 -93 305 -124 -37 254 163 105 -81 -118 -217 61 106 -44 -143 178 42 -42 67 -119 -182 -263 143 76 71 -30 -88 196 65 -86 118 314 -205 26 205 30 278 -180 -68 -219 104 -99 186 304 149 -180 2 107 189 -81 145 59 38 -213 141 -319 21 12 -123 -283 -316 -167 42 -49 -85 290 -34 -315]
[-405 -320 -478 244 688 -118 403 252 -9 298 162 -80 11 114 24 -162 8 214 -361 53 -172 -275 49 -174 -154 -301 400 -162 -3 -206 99 -2 -162 89 -121 -85 -206 -97 -294 -197 -196 242 101 40 -199 86 -65 -38 1 -75 72 37 209 -199 -24 73 -114 -266 -16 136 -209 73 -151 -194 -85 -150 -94 59 68 -115 -192 -46 -30 -5 119 146 -202 -79 190 -57 90 -127 129 97 -325 -116 313 -125 -189 -26 -176 -59 15 -185 -195 174 57 -43 -36 100 264 281 199 -249 7 81 -196 70 64 61 -83 210 -227 432 -148 -115 -86 179 -64 -211 -38 41 87 -26 222 89 -86 386 -97 66 65 -123 38 291 43 109 -217 90 -222 -75 -165 -138 -318 177 -279 -308 -99 283 324 52 -27 -71 47 68 -425 238]
[550 -561 325 426 475 -462 316 85 325 -157 -283 189 -70 -12 115 -13 112 -1 51 -31 -67 -79 290 -38 -31 202 68 41 -190 182 352 -47 -164 -265 -170 -51 50 214 -83 -149 -115 148 -227 -146 49 -59 200 -89 36 -84 73 30 320 14 -20 125 187 -60 -71 -89 -78 -223 80 -95 -320 -69 228 -19 -104 -41 104 -111 177 382 -126 107 -419 11 -199 -9 41 -172 -110 -21 55 -30 -90 -305 -236 -167 54 -69 26 -146 82 -175 152 172 -222 388 35 -52 -136 95 72 307 121 -31 32 -191 172 -163 5 -108 -118 -275 69 28 218 -114 161 18 11 173 -127 127 -10 67 224 73 116 19 -114 103 -54 -159 233 157 99 113 -138 77 223 -165 -334 -45 108 59 182 -19 138 84 -156 50 42 93]
[79 -476 -522 -405 -810 185 494 -309 261 -220 51 57 68 294 -62 116 492 -73 -226 -235 73 -23 9 -60 -471 -96 524 29 -121 169 -202 -41 -185 -295 44 -2 -86 -220 24 169 24 -197 255 -57 187 -129 -192 8 23 115 -1 -161 135 -100 -294 -145 104 288 150 -258 157 -259 -61 39 259 -71 -36 78 68 43 80 334 140 -227 -261 250 -145 267 168 124 322 -128 45 147 119 -242 -75 -175 -28 265 6 -83 -56 -214 -24 -203 177 77 -152 182 175 45 45 53 186 44 200 -4 22 31 -80 -77 -113 -282 26 -106 317 -101 -59 -140 -84 -166 171 72 -353 -206 -269 194 40 228 315 -163 -42 -42 -107 -75 13 -260 -105 63 132 -148 11 38 71 -187 173 142 168 52 -188 -2 247 10 44 -34]
[218 -699 170 636 -475 241 237 153 -88 -169 45 87 186 -116 455 258 236 -229 -190 -214 -107 118 -182 -7 28 94 -21 -178 158 -104 43 263 280 227 569 -61 -4 109 156 141 152 -289 -293 -21 -214 -142 151 181 39 -137 138 56 120 5 -159 -24 -182 -178 29 243 270 177 -450 -6 -43 -358 127 103 442 146 6 -132 178 101 88 -64 391 -77 95 -215 69 346 180 -359 -227 115 -101 -424 43 -103 -330 291 -21 345 82 -269 210 -128 6 34 107 197 -151 -226 -258 200 -65 55 90 -375 -87 389 61 176 -370 -57 -1 -24 377 -110 -79 -194 -185 113 -328 160 172 175 -121 110 -230 -12 -131 64 -45 -213 389 -191 -32 -74 -38 54 -68 49 52 159 172 -105 -259 -108 -272 -121 91 16 31 53]
[401 12 569 -372 -687 -67 -631 -350 -33 -192 296 87 9 50 9 -116 229 233 322 -33 128 53 -385 -63 286 370 -468 -140 -114 68 18 -286 64 13 152 -14 -47 173 -7 -86 -6 -159 -205 77 -201 -36 -3 180 -130 -4 -251 -394 -87 244 -280 -124 88 43 -12 -97 -69 -99 12 186 -186 42 141 -76 -11 -92 -47 190 116 -169 -7 -11 40 -225 -69 37 -86 -58 109 -141 22 -91 56 -346 265 18 118 -146 311 258 189 47 -201 -249 81 -1 -334 -255 325 -93 122 66 -285 204 -58 288 85 1 -11 87 -91 50 193 14 61 193 238 270 -165 258 126 -219 -14 74 -64 92 -1 45 -3 -359 93 4 91 -23 -50 -127 -5 53 202 63 94 238 -47 132 232 -47 96 253 367 136 85 84]
[-502 715 259 -674 378 -507 48 216 148 -103 220 -229 51 298 -143 -80 -421 147 -13 -222 25 -192 -240 -125 84 58 -314 30 289 -258 -22 -26 140 219 244 -89 -12 310 -151 62 -70 99 -144 -123 -201 -26 -3 35 -25 -203 -92 39 -13 11 168 -90 11 -25 56 11 281 78 -461 -77 47 43 31 40 266 214 -554 -174 179 -169 172 26 30 -302 -184 -167 223 163 135 0 -29 218 -410 231 -12 11 103 144 -175 1 -195 -107 230 130 -20 -150 32 93 71 184 -190 -13 -143 152 -63 34 -86 -13 -7 -61 122 49 -49 -203 61 50 -83 -30 278 59 -208 104 124 73 -147 -157 -51 172 70 -54 46 178 79 107 -158 -52 63 131 -175 155 -50 80 16 -141 248 -5 294 25 -10 -227 139 -149]
[56 -291 -411 -260 -141 722 507 -138 -302 -8 -401 5 -94 167 179 265 312 -327 -166 -218 -129 227 66 158 -176 150 182 -170 118 0 208 69 -77 28 72 -74 -141 201 61 171 119 -283 -22 41 85 96 61 11 25 -345 -15 304 148 -88 39 -365 194 193 -135 236 92 229 -56 -113 289 11 74 51 125 78 65 83 115 -122 52 29 17 305 -162 29 275 217 100 -190 -87 124 -88 -335 -7 -114 -64 29 -167 -132 -155 14 365 203 -28 -2 100 72 75 13 162 -128 -257 71 -47 130 -132 -61 -78 -204 212 -35 192 -10 166 -127 -177 -232 205 -245 -153 -114 -150 55 -120 -87 160 102 110 66 -103 -48 -133 -320 95 -44 208 120 11 -196 110 53 50 -31 26 -110 -22 -363 -36 104 65 -81]
[-515 -629 682 333 -776 -638 -113 -58 -435 2 38 -261 30 23 -150 -206 -119 -30 -29 236 200 -139 -94 -106 8 -86 159 12 -67 471 333 -111 57 298 -241 -89 -14 -87 188 -85 -249 -28 98 20 28 171 -244 -179 190 188 -40 -407 187 -482 171 16 104 217 163 -67 -156 184 -192 127 375 99 202 -78 -44 124 85 102 -33 -103 69 41 -212 4 270 124 78 -99 -250 -9 42 -21 85 31 -280 183 116 -269 12 276 -372 274 -103 76 218 -313 290 -55 27 337 214 332 -121 59 -64 362 108 45 25 58 9 209 -122 222 -261 38 -137 -155 37 57 -21 -75 -25 132 165 -37 -185 161 256 -286 62 210 -78 -256 128 0 -248 -193 -68 -115 -5 77 162 18 218 -10 59 -31 -42 41 -145 58]
[234 565 -584 -187 438 -98 251 -2 -42 430 294 -195 -7 -34 -175 -148 -125 171 30 14 -187 -96 -67 82 -142 -145 357 -302 -125 -119 -155 138 -73 204 -240 114 -93 149 -252 -54 -133 -119 201 99 -1 145 -78 -225 -67 40 33 -70 356 15 42 -90 6 -75 137 180 -199 115 -72 23 126 -73 5 12 -100 -100 285 -94 12 70 75 -120 -100 69 215 -150 -115 -231 190 359 -144 -236 221 345 28 -118 -85 -149 54 38 -141 103 94 -42 219 117 170 -58 219 1 310 -25 -12 99 96 306 -55 -137 -8 352 103 171 -119 125 -83 42 94 157 223 -39 27 11 102 46 -55 34 -63 18 126 -54 187 184 -86 7 -408 38 72 -67 -359 6 -189 -272 -70 -164 31 -1 119 0 -268 -20 -180 70]
[-70 176 580 -420 233 -79 167 53 -7 -285 243 24 168 -71 156 88 200 -36 -99 78 -45 -64 -90 -14 -48 55 153 102 -170 225 81 -235 181 -111 288 58 487 -267 239 21 99 -276 -129 169 100 -107 99 211 161 114 131 -237 13 48 -107 113 9 267 -36 16 -60 -109 154 344 108 -126 178 -136 89 197 198 -303 -30 227 141 16 271 -141 135 -8 -197 -77 -107 -199 106 -62 0 -181 211 -109 -24 -129 137 272 365 116 -42 -351 -186 -69 -100 11 3 -109 -21 244 357 211 -165 -49 257 147 56 10 -209 -171 -22 218 -76 308 -33 -166 -38 -32 29 -239 -260 -232 6 -107 135 2 120 -256 -112 58 -10 -205 210 -25 88 100 156 151 260 420 31 179 -260 -179 -51 231 273 175 47 -267]
[149 389 -211 -872 -66 -879 24 70 -244 -176 160 -205 222 179 110 238 -86 129 86 13 32 10 -242 152 -57 -17 -382 -107 38 -31 2 -245 67 -198 59 251 50 -146 254 -70 122 159 31 -186 -30 169 84 17 262 -70 36 38 241 -325 -63 -85 -21 -81 -91 -447 -58 119 -326 167 187 -271 223 115 51 148 -107 115 -76 -40 53 -123 -30 -510 102 -15 117 60 30 -176 154 19 -269 377 -120 98 62 155 24 127 -95 -79 204 -75 -173 -145 -19 128 -132 -46 -77 119 95 40 71 -224 -44 139 161 178 12 127 -115 -210 119 56 -258 -170 -44 221 -107 189 394 67 31 -32 -370 56 62 -84 18 -222 119 -27 127 52 -54 -116 -148 25 -38 -4 -157 71 70 79 -85 224 267 -297 63 234]
[68 -635 -432 53 332 43 183 -251 -298 -152 -367 31 199 101 -109 267 17 -81 193 -122 -181 -74 296 294 -3 63 -333 -178 171 93 -45 106 -363 -60 140 102 36 82 150 -86 351 289 -30 -63 262 -421 -84 162 -126 -278 344 34 89 -70 -66 293 52 -665 -107 155 -327 -50 320 -206 -459 -167 -116 102 123 -311 216 78 -40 -37 -179 -215 -118 311 -328 -153 -134 -92 95 62 -137 -173 92 51 -1 -185 52 -215 290 -5 -3 20 3 -67 20 85 216 -202 103 39 -18 -35 -124 -86 72 -89 -107 -169 167 250 316 -217 224 75 40 -143 151 330 -107 105 140 120 126 -119 194 130 -253 -1 -290 155 174 -6 111 -77 -41 35 -33 -111 -225 -92 -160 -32 -178 -287 -168 25 -222 -42 -59 -131 -461 59]
[-414 753 93 671 38 -542 -449 295 -10 -76 146 187 -107 207 182 27 210 -271 -204 -18 4 81 -177 1 -171 -31 -219 -68 142 -397 -145 -229 208 -37 -23 66 -42 173 -149 72 -21 -141 329 -191 105 167 6 -105 51 -69 -44 137 -55 -46 257 -157 -47 236 20 346 -98 147 -318 -77 -17 -85 -86 131 287 35 -64 -273 126 -90 229 -144 243 -291 0 0 -127 70 103 182 -194 321 -188 101 -280 -18 -156 27 -1 -5 -98 217 124 211 -407 -91 33 104 -52 -61 -122 -217 -193 -170 57 -143 419 216 72 -307 78 275 85 -224 118 230 -163 57 122 78 85 216 193 -84 -422 -235 208 275 117 -327 17 41 50 56 39 -149 275 64 -1 -111 -35 -238 -64 -66 -237 -106 312 -83 124 102 286 53]
[-132 -544 -523 -4 -685 -190 -604 -44 -145 -60 127 -154 -252 224 -126 244 -51 -229 42 20 9 -78 -105 269 -22 -186 -168 87 236 0 161 -120 -190 248 11 -218 -81 214 79 -22 -39 -114 105 -105 -72 53 19 21 115 -55 161 -302 -150 -152 138 -150 219 47 39 28 -94 -27 -94 -172 -18 227 193 -126 -2 -75 43 48 148 -307 51 -79 116 245 238 206 -289 -85 12 41 -158 -1 -218 47 -44 -141 56 -255 21 357 -117 67 33 17 235 -4 73 -186 133 43 -238 -274 -308 81 42 268 211 -181 24 -15 -44 314 68 -158 74 -45 7 -100 127 -54 186 7 86 -193 -150 46 -170 -154 358 134 363 400 24 -381 -206 -164 -13 -312 -80 -168 227 -200 70 -400 212 -1 53 -141 -110 38 -221 -191]
[-243 -112 -350 -229 -148 -132 -514 -49 -268 138 -155 49 309 -176 -50 -163 -207 152 96 -109 14 93 50 -111 127 112 -75 42 -15 -280 -124 335 176 187 -58 -222 -215 67 -2 115 -161 77 199 82 -64 -26 -96 240 -211 -112 -207 157 -145 170 -12 126 -257 -291 170 102 365 62 -148 2 -157 -60 -160 64 113 97 -243 39 -229 -5 -17 -44 30 100 -75 -186 165 144 9 -56 -50 66 50 85 68 163 -91 151 -28 -2 -57 73 -253 -44 229 -70 -144 214 -66 -24 -95 128 -165 -2 -27 -108 -399 25 -183 202 135 52 -14 22 -287 -102 -70 63 -288 -167 20 -69 112 198 152 2 -232 8 -247 155 -81 92 33 236 -288 0 -98 130 -157 258 86 210 -109 81 -116 76 -305 -79 -54 -65 -105 129]
[670 -625 555 539 460 279 305 -25 -84 398 -367 67 -90 -75 -10 -201 -235 -72 71 8 121 188 -86 -113 90 139 4 -174 -39 106 -260 383 -184 -85 -28 -79 -263 318 -20 192 -221 33 45 28 36 77 23 -231 -289 -303 -85 9 110 -106 31 -187 206 -184 -15 27 241 281 -165 -290 19 -158 -45 88 -249 62 33 188 -204 106 81 -122 -291 50 52 28 208 180 19 148 35 -20 -46 36 -173 136 196 -200 -83 -332 -283 -186 476 199 157 35 229 -10 133 144 74 21 -260 59 -58 152 -120 39 94 142 194 -86 89 52 102 -309 356 214 170 205 -214 77 183 383 73 -51 -142 -64 -256 -23 -52 -52 13 -14 -22 -50 -135 -74 -166 -120 -325 17 149 -38 235 -38 9 36 -142 -129 97 357]
[-166 418 -65 432 -373 530 469 -41 24 74 74 -52 60 328 -124 106 221 38 188 -131 -98 47 -113 -79 -110 26 278 61 -156 -206 -94 156 180 -130 -13 152 17 94 -107 -69 124 -142 -108 134 175 -199 -1 144 -236 69 -4 254 237 80 -219 29 -217 -285 -93 2 114 -147 107 133 90 127 22 -133 68 -4 -93 -147 -67 -27 148 -58 405 -57 -27 28 328 -286 283 167 263 -89 -122 96 164 171 -27 -146 -6 -158 38 -138 50 -22 60 78 180 -163 112 -66 -2 -64 274 97 -92 110 47 -316 67 255 -9 43 -61 -250 40 -87 -175 13 137 85 -170 11 -251 159 -171 -89 108 131 100 78 -181 -108 -98 -145 12 225 44 -111 -339 69 65 -71 -130 -2 -39 158 73 -97 -77 -184 -39 -290]
[758 48 -425 -374 -38 312 160 -179 125 -320 393 110 -224 114 386 306 -71 100 -28 170 -195 288 -121 -197 -58 115 -511 74 -195 -241 -34 -196 -17 -398 119 -183 176 -134 64 166 93 -10 90 -278 181 -11 -64 -47 -60 65 -229 -177 21 268 -24 271 0 42 -101 -47 121 -11 -244 50 -103 7 -109 -45 106 -42 109 87 83 -64 -85 -127 241 -176 74 27 -39 84 -98 187 -91 100 -117 -145 -10 -52 -292 -88 118 76 213 -294 45 -7 -264 134 -118 19 6 -259 -324 -119 30 75 185 -240 155 -38 70 61 -85 247 -95 -137 320 34 162 -76 -88 16 -127 150 214 -105 -53 -118 24 -151 -115 -86 156 -225 98 2 80 -174 108 -31 230 12 4 -67 -239 -54 -321 112 68 248 84 23 164 103]
[-560 176 -500 -713 -655 582 376 -222 -160 -398 -286 -47 -335 310 -188 -22 59 -11 282 229 -291 33 -105 73 161 248 -318 51 20 259 -38 -356 211 -65 -191 388 -161 -308 130 92 314 232 -255 -10 254 165 81 122 34 283 -376 -168 -75 -173 15 197 28 -152 15 -331 16 -81 281 109 -420 48 -90 -77 -82 -195 -52 11 -170 57 88 -122 73 -262 -55 -114 -174 136 -53 57 125 118 148 145 227 -139 -26 -255 297 279 -181 190 -448 -79 -122 90 57 -13 -71 40 -56 96 148 52 -108 -141 -31 -176 52 -19 -70 311 46 -145 87 142 -168 -10 -154 243 365 -103 -100 -207 168 -297 -22 88 -6 -241 -141 -61 140 -9 318 222 -49 -92 -46 -183 -209 300 -156 18 -4 48 49 87 240 -21 9 -40]
[-214 379 22 160 -218 -869 -164 -248 -311 44 0 19 40 224 16 187 51 -77 -53 -76 60 208 -120 24 42 158 -158 80 -44 359 62 -4 5 -261 50 141 -237 111 40 -98 375 28 134 282 377 100 -25 102 99 27 9 52 81 -220 95 -262 29 -143 -15 -123 -36 -81 148 158 169 -396 38 47 47 -106 36 215 -19 -104 -252 -24 129 119 -333 32 271 10 17 69 132 147 -227 78 -57 73 139 59 83 -92 -32 213 79 200 120 -56 -92 8 77 175 -13 -15 36 -125 28 -43 -121 -142 125 -132 347 192 58 -166 -35 185 -387 241 -153 -183 29 50 -51 -18 64 -4 16 14 27 47 -96 -65 -52 -171 65 253 289 -94 133 -70 -14 -53 -124 -28 -211 -49 -73 -12 153 214 -158 -4]
[688 650 156 -337 -598 603 -69 735 705 42 116 151 -228 -170 -116 -104 -72 -147 32 -187 -75 -173 -277 -42 -78 -320 -253 175 186 -86 -159 73 55 -37 11 409 230 -39 -148 -72 -43 -101 -113 37 100 185 76 -2 -226 142 -125 39 -277 75 -7 -273 -236 157 59 57 -10 -342 -16 95 -439 -4 83 5 -47 -116 -57 -87 -10 -318 51 -66 46 -345 -203 121 23 104 -210 -253 117 23 130 -149 -176 -171 5 5 -71 22 -242 82 -21 14 -248 62 27 -52 1 293 88 -33 -129 -77 137 13 334 11 -355 -356 -37 -145 -143 -25 101 39 264 128 -266 -36 -167 335 -45 -74 -84 165 -78 -55 65 -4 22 204 93 -147 -225 -199 -129 66 -34 -114 6 -265 190 -18 187 161 138 165 6 81 -46 61]
[784 205 702 -727 -309 655 -100 -171 -246 -37 111 -60 157 14 -37 -110 -209 116 58 66 -97 60 -23 94 284 26 -46 -166 -69 -217 -300 61 -69 403 50 175 149 468 -54 -69 -32 -75 20 -51 -306 43 -155 -202 -205 -328 -93 291 85 147 -108 -240 205 303 -24 202 -111 100 -212 -194 131 -152 176 155 78 176 -136 -95 289 -7 -23 -29 -245 -120 -224 -231 91 72 23 120 34 394 -121 -5 -1 159 -33 201 -154 216 4 34 -91 31 -90 -207 -101 42 -5 92 -39 183 -218 91 86 233 -75 -212 143 -26 23 -147 -17 55 40 265 173 32 99 77 -27 69 199 60 32 20 32 171 -215 -41 246 171 76 117 112 -183 3 209 60 39 -6 -188 236 -102 -44 -196 150 156 61 -186 358 -186]
[689 179 624 214 -41 290 112 10 -155 -15 -463 142 -290 5 -179 210 -138 -325 168 -34 144 -74 62 207 115 132 10 287 -33 -70 134 -293 13 -249 -109 236 -64 92 18 -41 -16 136 -113 263 -154 -88 272 136 51 -80 -207 -92 -280 78 244 3 252 304 -19 -288 -73 -74 167 -23 -244 209 219 154 -210 327 -357 -168 -193 324 -39 65 -245 -111 -108 -98 -14 36 36 -194 -20 111 -260 71 -138 -119 15 45 -88 -297 47 -117 -77 111 -324 178 20 31 -81 -88 57 -263 202 -73 -229 -114 266 83 94 -264 -190 -27 94 -252 -7 230 37 130 193 280 107 -204 -219 -9 -4 -237 125 215 -26 -103 -150 -2 82 75 446 -42 -161 -188 268 -73 -137 124 -128 101 -214 219 97 133 -8 40 27 43]
[99 404 347 -198 348 271 117 8 -385 -149 15 -126 7 105 -247 151 -60 183 294 221 3 32 -97 -43 433 -7 -36 -3 -80 225 92 83 -131 160 188 -89 -15 10 -6 66 73 -3 -138 -124 -214 -38 26 67 -108 123 -5 -103 -4 -11 -140 28 -23 -106 -80 -242 -11 19 168 -169 -87 287 108 -274 -60 -209 -21 231 63 -64 10 18 -23 85 17 165 -63 -1 55 194 211 -17 -16 194 267 -15 261 -166 204 -15 94 -211 -140 -238 504 97 97 -167 33 -17 -89 -177 -273 -55 -237 122 -234 -193 26 163 -68 102 158 -278 185 -33 156 149 35 160 71 16 -9 74 85 -15 -46 228 -117 48 89 99 64 208 134 200 -134 121 -43 -24 216 -4 141 -142 175 -70 89 -59 58 2 71 -279]
[325 510 67 -216 534 495 523 0 40 -41 -209 125 102 -275 -297 -331 155 -415 -294 -50 24 -87 -100 15 81 -8 122 -309 -16 50 24 -85 -135 151 227 55 159 -159 183 8 -287 124 141 54 -40 -116 58 25 -98 112 199 -143 150 -247 95 -88 -88 20 256 254 -246 -129 -60 103 50 -64 237 11 218 -281 361 -93 74 -80 72 60 461 -70 -4 -97 -179 60 -91 -187 -110 -416 -102 -215 38 -176 0 7 167 76 -142 260 -66 -243 -180 -100 -163 58 -217 -98 318 -7 -78 -105 54 62 -57 -11 -288 -49 -274 -39 43 141 -149 -494 -55 0 -127 -107 180 182 300 -134 -84 46 -13 -97 71 -156 162 -20 198 -155 -289 -99 -166 288 -295 -99 -65 -8 -125 -98 -232 -105 49 66 73 310 -41 116]
[-21 243 -246 -272 161 62 -109 -444 -77 276 -26 -86 1 9 -96 21 105 116 -120 97 -17 221 -103 113 -371 -195 -58 -154 -107 -376 15 -167 -227 99 -127 130 54 -48 -47 45 -57 -108 269 -58 99 -143 3 -266 54 170 67 62 -101 -2 135 290 -34 -122 139 130 -97 173 -3 3 262 -48 -338 -260 -137 -368 -3 177 127 -183 -256 -49 182 222 68 153 -16 -313 225 164 -218 -339 -183 72 152 47 17 -55 98 -367 133 -16 106 59 -1 6 -64 -4 7 -60 222 -231 -118 -248 221 183 -53 -216 42 180 163 66 -170 -58 -2 61 -177 5 219 -204 15 -75 272 29 -234 175 219 -128 126 74 349 147 -339 -120 -306 20 230 26 -200 7 -83 -258 -482 -205 -40 -39 -205 132 -230 180 -119 -70]
[-249 343 -519 127 -228 320 152 -143 -206 -148 25 -254 -231 256 205 -58 -195 -16 -67 139 -43 -22 354 -100 -14 -88 8 194 -123 208 -16 -241 -130 136 -413 -622 -225 -176 -196 138 -85 12 122 11 210 328 -80 -58 79 158 -62 -183 93 87 64 51 78 339 -261 250 -254 221 190 -383 -183 209 13 157 -344 49 184 -25 -65 -30 1 -3 -199 258 91 124 -152 -3 -109 188 -118 209 256 76 65 182 -6 -213 159 360 121 184 -104 83 98 80 -121 -137 80 -1 -196 -109 39 45 76 222 214 -33 -135 -145 84 -4 93 154 -146 204 66 -120 88 -272 294 -325 -146 -410 112 -143 131 -333 66 -7 151 23 -307 164 1 -20 116 44 166 -137 65 -50 100 5 -151 -35 174 -171 13 183 -123 -75]
[266 516 -432 202 -209 -32 -246 98 -22 -211 -231 -168 63 -61 -103 6 27 -25 -191 -109 184 -175 -15 28 323 -124 -104 -43 166 351 329 -285 -75 -128 317 59 -12 -156 242 -191 23 -1 -332 134 -361 -20 2 248 148 152 246 -136 25 -361 -104 -247 30 253 -60 -69 91 42 -136 322 119 -155 130 -22 67 42 -360 339 -70 -44 -121 15 -82 14 -54 97 160 229 -185 -271 -22 70 161 -228 -171 -167 -157 76 28 177 -134 93 -268 -255 51 -292 4 -148 -151 132 49 141 245 121 -94 -85 79 193 149 -241 -87 -47 78 204 96 159 -313 -210 -294 -35 94 249 -117 3 -88 86 -151 66 87 -145 -112 -75 -1 -225 222 81 -110 -296 256 -29 105 355 249 119 84 -39 -123 -49 289 280 -168 -83]
[-429 94 369 361 226 -114 -98 -207 -252 75 -299 122 -107 -105 -188 -50 223 -59 117 -285 -132 -312 93 60 -126 -191 -40 -290 -133 337 39 47 -26 130 320 -104 -206 -212 294 13 -12 166 -220 107 -231 155 244 183 -34 169 64 -245 -9 -150 -94 97 -103 -235 290 -101 204 40 1 -335 -24 72 50 -45 -254 -30 72 145 -140 117 38 -77 16 80 242 94 -189 -2 -84 -31 -227 -463 -5 120 -10 -142 -211 49 280 -124 -91 -293 -50 -184 91 -47 231 -50 -141 2 240 -144 170 -78 139 -161 -66 -18 57 62 -409 -249 -273 -209 -46 -115 150 190 -93 126 -207 212 296 59 99 75 -213 -113 34 32 -16 -54 194 102 -32 38 -284 125 -92 50 -235 183 30 -163 26 68 112 240 -206 46 65 447]
[501 200 -766 486 -648 -426 -338 270 -95 72 -162 94 161 -24 232 4 -25 -138 -128 -230 -38 -14 145 -61 259 -7 130 -47 204 176 112 274 14 234 153 -197 136 6 -150 15 21 -134 -156 69 3 22 89 26 -68 5 254 209 -41 -146 -78 -201 -222 -66 -69 404 -88 -3 121 -225 -100 -64 68 84 86 53 65 -7 74 19 84 -47 55 215 -160 98 91 136 141 -241 -10 144 103 -276 -12 -135 58 -88 -36 88 -42 50 34 -85 12 -292 265 57 44 -17 113 -71 -70 -41 -203 -43 -37 -77 -139 -118 68 -343 39 180 173 -57 -100 -162 -126 -338 97 -81 -253 -158 3 -46 152 -23 39 204 -154 -41 -109 -111 38 -182 -108 137 146 -62 -165 71 308 -10 -42 -305 187 -314 25 137 -182 -283]
[-134 293 -351 -423 -357 716 -408 -112 195 259 234 -69 132 -78 -43 -233 -60 -299 80 124 98 24 -155 117 310 -332 148 -280 84 252 -262 187 286 165 271 59 -10 -108 -117 165 -31 -26 102 244 -65 102 39 -256 49 232 138 -383 -173 -37 141 121 -170 -109 226 159 -189 -153 416 97 -5 170 -66 7 58 -139 332 -452 101 167 -16 183 321 -24 -59 224 -430 30 -35 109 75 58 102 71 171 108 138 -45 146 290 2 192 -245 168 43 -203 -93 10 -190 15 45 -393 82 -76 -121 -139 362 156 273 -121 -284 91 97 176 -14 -172 -12 99 -206 -43 167 200 -13 -291 -206 1 -139 -71 -127 -257 33 -50 302 201 56 -127 -20 203 103 -112 5 47 304 -223 -194 -230 357 -30 0 -111 74 38]
[-661 324 656 642 -483 -623 -376 -200 -132 -33 -99 448 -10 -539 50 110 184 -67 209 -54 28 239 -228 133 62 466 -170 26 -243 -471 -53 -117 237 106 -21 335 124 -24 210 -148 84 -244 140 216 332 -31 1 83 -94 -70 -375 101 -393 327 -23 12 -192 163 133 89 64 -10 -185 179 -25 -46 -120 -19 97 242 -110 148 -49 -73 43 -127 72 -129 -32 -317 2 -65 284 -341 42 178 -147 -138 -34 13 -235 -141 -34 43 -35 26 -100 -245 -468 -154 -182 156 179 -161 -147 69 -199 -14 192 -206 -100 10 -153 -243 231 185 -52 -139 20 423 -259 139 -303 40 -107 -168 140 -78 71 -68 -1 194 0 -235 85 34 -70 -112 201 -137 47 157 177 -144 78 38 -251 79 -283 13 -174 112 126 306 279 112]
[434 321 -82 -45 -500 499 464 -141 49 295 -498 -57 262 -320 -183 -249 -170 84 168 -86 120 -77 148 -6 2 22 89 11 16 -298 -141 326 -188 114 -94 81 56 -18 -199 -102 -238 -43 -157 -132 -281 17 126 -68 -21 13 -31 55 34 208 148 82 -25 -114 -2 -223 89 -4 -77 2 -141 15 -121 149 -153 79 -57 -99 -56 146 -131 10 -151 19 -113 170 -170 16 18 -174 -80 -186 266 46 165 -143 88 473 44 -281 132 -158 -47 150 25 78 -37 9 97 28 407 5 124 -124 -47 -133 -1 -96 75 120 -117 -277 53 107 -56 -203 394 -154 -10 192 -74 -26 -49 -58 -175 276 -36 -57 20 101 37 -42 73 195 -109 171 -72 122 -49 182 -255 7 144 17 123 180 -184 149 -278 -154 -115 9]
[-417 -282 393 408 -231 -285 244 279 499 257 -120 161 24 -191 190 90 -31 -106 10 95 272 115 226 -69 -204 7 223 77 21 38 216 128 -182 -91 -177 226 -77 -57 -75 -99 -98 -153 231 -75 -21 -66 18 -285 -79 -71 140 -70 -116 -229 -107 -200 116 105 -158 -132 38 -297 16 25 128 60 52 145 136 -7 -4 126 72 -40 -136 128 -213 142 18 245 83 16 -126 -28 140 112 43 -304 -271 69 91 121 -8 -289 -111 -125 428 412 -121 41 41 94 -91 47 5 65 -16 -119 103 -103 205 111 41 -172 -121 -108 311 19 53 -216 21 -304 -61 173 -281 -118 -68 257 92 118 60 -86 -78 99 -80 -157 23 -166 166 -86 -180 -87 90 -140 -38 -211 267 15 31 -40 -75 -11 -38 -225 13 -6]
[383 -685 470 794 749 498 -364 8 57 -29 426 156 -220 -54 259 102 -43 202 -570 -18 -167 141 -135 -391 40 -22 263 -219 -171 316 145 167 104 22 92 -106 -250 -100 -91 -200 -68 -163 33 221 -116 88 14 -53 34 -148 203 -71 108 -178 -63 -11 -120 128 -72 403 -82 55 18 53 158 48 14 -68 133 -54 135 1 -35 71 340 -210 -63 68 53 -56 -22 8 -134 176 -7 52 571 -66 -114 130 -248 -113 122 116 -29 415 -5 82 25 51 190 193 81 -248 28 16 55 31 -213 245 162 355 167 -39 25 43 100 153 39 121 -103 -41 12 -101 -207 0 -361 288 -154 -81 183 -61 -142 -24 -184 -16 -119 -46 176 208 314 -186 -91 174 267 -18 148 339 -9 -218 40 -248 155 -67 130 111]
[-676 220 507 672 -288 -160 246 45 90 249 149 87 15 -405 -16 101 -113 -163 17 5 45 94 -198 -44 -317 -213 35 -1 -132 -365 -86 14 -92 51 -256 42 121 -113 68 138 -101 -19 466 21 110 -30 85 -140 83 34 -94 -155 -209 -12 82 214 -111 62 107 -117 137 69 -233 -242 -58 -160 75 81 -141 137 106 100 -124 -142 -94 65 98 141 290 -23 -176 -23 225 -285 100 -158 -215 71 100 88 17 -195 -56 -204 29 -75 23 6 -374 70 -67 154 27 -161 50 -107 -73 -153 172 -137 -71 77 -292 -20 70 -138 -27 -222 -73 27 -104 -11 36 -193 -33 -197 143 43 99 81 45 -139 -54 122 165 74 -282 -107 -219 -87 -55 237 -157 -30 -88 -185 -132 -66 -205 38 -177 132 -246 23 109 165]
[-242 -496 -180 -279 273 544 -152 110 -51 -275 152 10 -104 219 18 239 -303 -32 -111 197 -168 -50 178 151 115 -248 -358 293 471 259 8 -305 92 124 133 -105 -10 -93 187 153 -39 128 110 -128 -262 231 -22 294 172 235 -95 -110 -261 71 -88 44 84 231 -92 18 -381 267 282 -267 -143 83 -124 -61 -209 -44 84 12 -155 116 125 -124 -40 -93 -15 -16 -574 101 -287 44 -153 183 -277 245 -20 -59 -56 185 -29 255 259 -54 -250 -349 -1 -47 -220 56 10 -213 -484 -207 -238 53 -122 -59 116 -61 -98 -120 -31 29 -51 -199 -107 404 74 6 -96 -51 516 86 47 -514 -245 32 1 -96 74 -19 143 212 223 128 133 -75 -110 -184 187 -103 244 108 59 -33 -109 -88 102 -8 262 316 47 3]
[332 6 -638 31 666 485 12 -110 31 -15 -54 -86 96 180 -56 -64 395 -94 346 68 219 38 -87 139 51 7 -569 -101 139 -24 -13 -423 158 -404 344 240 109 -116 131 -78 163 247 -166 -40 178 -46 -58 128 21 26 -26 -214 -99 -100 -85 268 -146 -284 -67 -336 137 -30 125 394 -237 -205 -152 66 -43 -68 -75 -61 -165 -150 -141 106 360 -311 -194 160 8 -32 -45 -425 -118 -249 -120 -322 7 -112 45 113 252 -31 2 104 -173 -34 -428 -90 -112 -207 -25 164 76 94 53 -28 34 -149 104 168 54 -211 4 -44 -60 13 27 -47 -18 71 -70 199 -3 362 205 61 -78 119 -73 240 137 -424 -8 -93 170 36 -50 -53 -120 -46 109 -31 -48 362 -372 62 -17 114 -198 254 111 145 -18 224]
[24 471 -10 -679 -202 -128 318 197 -61 44 57 -220 246 -116 -154 -292 -207 222 -118 -141 42 -24 361 -158 65 247 80 93 -50 -111 -21 -80 -177 -100 -120 -111 427 219 -130 -83 13 164 188 -42 -170 -14 -127 98 -221 -362 64 -177 109 171 -141 130 217 -25 -161 -20 12 59 91 -28 114 202 -25 263 -179 117 -99 157 -48 40 16 10 -245 -60 -180 133 40 -218 -3 -240 -68 33 263 -138 -175 -9 -51 42 161 -336 -36 -75 228 101 -56 -199 14 202 441 -22 90 174 -228 195 -74 213 -184 -156 -197 40 474 -252 -103 202 -398 165 287 -68 203 48 36 -125 -199 -30 39 -45 94 185 -122 -115 148 127 -198 190 -60 -163 -44 -27 263 205 -189 37 33 410 241 -19 33 92 -11 24 13 125]
[180 386 83 801 301 438 491 -230 -174 131 -124 -26 219 81 -12 -31 95 -46 39 -140 206 105 141 149 -251 172 371 133 16 -29 -196 252 -11 170 -78 176 -255 12 26 -74 141 23 212 130 165 -139 -101 73 57 -143 117 187 -77 39 52 -181 -27 -144 126 62 83 -136 -120 121 167 53 13 161 42 86 -113 22 -35 -45 -200 -50 -105 83 -72 -28 351 -118 17 -4 53 109 51 92 -185 232 58 246 -120 -93 -109 93 196 258 99 -8 -47 181 -85 72 -128 82 98 -50 67 44 -202 70 32 -79 161 -35 -20 -15 -186 -123 -153 -94 -11 18 -223 -81 36 136 191 -8 -54 -150 -161 163 -150 79 -162 -97 -69 -66 137 -217 -62 180 16 -199 25 103 51 114 -303 -25 19 -255 -102 62]
[-296 620 -226 474 -658 486 -230 -51 -273 -182 -15 -78 -77 -19 -206 -50 49 -115 -104 5 -15 -245 104 -51 264 -248 276 189 94 400 121 49 -48 334 -215 -108 134 92 123 39 111 126 88 76 -164 -120 41 -28 30 -33 -161 -307 -105 -18 129 45 237 332 172 -18 -298 -46 506 -413 42 203 106 -144 -9 -192 228 -34 125 83 -81 37 -211 225 28 -73 -205 -20 42 253 100 161 42 72 124 -54 118 -238 120 -90 -173 103 -197 -96 317 75 -32 -203 33 -139 146 -198 -240 -88 -26 163 63 -142 91 48 -112 -9 165 -122 -185 235 300 373 -37 -5 434 -264 -319 -197 94 -110 15 250 -81 -31 -21 148 -48 91 169 6 -5 199 51 -86 -14 -150 241 -165 -171 -149 325 -80 -7 347 64 -65]
[244 715 346 328 -519 -489 -48 155 -75 139 -20 -162 -271 -45 -33 71 -88 -41 111 179 249 139 -183 19 73 -1 -12 85 -27 -94 -11 52 214 -81 -208 -172 12 161 -59 -48 39 -146 228 -112 35 42 -110 -163 -140 -51 -135 -200 -72 -83 171 -27 254 520 -71 -76 -191 -46 58 -15 131 350 204 170 -75 91 107 110 -46 -159 75 144 -73 205 74 243 23 -45 35 -8 90 161 -63 179 45 73 230 -241 -187 130 -165 56 -75 114 85 -196 106 -142 89 138 44 -207 -115 -2 -252 157 156 22 106 -141 109 350 316 -94 70 99 114 -153 124 174 15 -77 -149 45 256 -163 154 283 59 -335 -99 -42 190 103 278 -58 -92 -125 209 -201 217 -63 351 26 34 69 63 -99 -74 -214 262 -54]
[567 -386 252 -183 -307 289 -426 384 -72 129 111 89 -293 -188 56 205 -40 133 45 116 82 -86 -168 60 237 82 96 200 -92 -102 31 -101 63 76 98 -23 -84 217 -68 -226 175 7 -105 -35 -290 -74 159 181 23 -214 -203 333 -127 109 89 -266 -20 302 -207 -107 140 117 -368 167 242 16 221 -80 -77 285 -433 -50 28 -84 -33 25 -112 -300 135 -91 151 -46 16 -24 -48 112 -4 0 -96 -229 -216 138 -213 -24 84 -110 22 1 -83 -236 -350 85 -146 -68 -261 -43 -52 -119 71 96 -166 221 -5 -225 -67 80 -124 -119 216 84 -217 162 -29 55 -133 175 193 314 152 -239 34 160 -15 134 -149 -30 -129 212 189 -151 -130 270 160 134 91 -288 105 80 124 -55 42 11 204 -84 54 -17]
[-579 607 388 761 153 -51 -221 191 615 341 698 198 -65 -471 22 -135 -30 152 2 217 -3 156 -139 21 -29 -24 -124 -131 185 -281 -22 150 1 103 -79 471 -45 189 -162 -228 -113 -4 7 41 -176 79 -62 -311 -166 -279 -37 145 -192 148 -105 76 -104 -26 -30 160 -97 -236 -106 143 -124 45 -221 28 -8 53 108 -9 186 -22 -92 -89 -79 68 -217 19 -89 -171 153 96 45 172 159 141 11 -51 153 -97 -100 -105 -48 -60 46 53 -196 109 -40 -133 244 -54 -55 -227 -173 10 -87 -31 104 -162 59 -101 138 69 5 -42 193 82 242 182 -58 30 -99 186 58 42 -90 397 -29 98 96 20 127 289 185 146 -83 -51 83 -83 217 -12 0 -202 55 85 149 -79 -85 162 -161 -52 140 10]
[26 17 175 117 310 509 -651 29 -163 355 -131 -361 -56 155 -89 -51 -169 178 -188 3 31 102 56 60 10 -252 233 23 -79 -83 -322 144 -12 73 53 -161 -89 256 -161 320 59 -64 142 110 -126 214 66 -18 -98 119 142 273 207 119 145 -33 125 239 -79 77 192 228 9 -124 135 -59 -107 110 -368 -96 -103 -99 -38 119 15 -45 21 -63 121 36 -137 -70 91 309 -137 -32 -83 415 116 194 -86 294 -122 -52 191 -187 44 78 156 -61 -60 40 -169 24 -203 -90 209 -163 70 0 -37 54 155 -228 207 -64 -87 -59 32 184 -72 36 115 -62 -175 138 29 -192 -98 24 175 -36 -174 -23 -14 83 36 407 -146 227 305 41 -49 35 46 -68 233 -199 -13 -87 55 -108 -218 -64 90 -188]
[-440 -232 -13 -544 784 483 596 118 115 32 -108 84 4 -58 64 -38 212 14 -43 -157 181 -207 203 172 -138 -66 173 -274 65 68 139 -65 -224 217 -69 172 -184 -61 14 -294 -163 94 89 -235 29 -83 -95 56 121 -201 242 384 179 -251 27 -322 165 251 -80 22 -70 -51 -190 -106 92 -34 220 32 -26 99 117 96 247 39 22 131 -201 257 -165 43 332 107 107 -142 61 20 65 -172 -159 48 -2 229 -120 -256 -41 199 141 110 -148 -74 -169 5 -280 256 181 98 205 -70 117 -155 16 86 -99 -343 -136 -461 149 125 -73 -70 -97 -107 69 -66 -168 65 177 15 6 152 35 -20 169 37 -87 -233 -206 100 -51 96 24 271 -131 -66 46 -92 126 -67 -51 -145 -192 11 105 -43 86 40]
[292 -582 636 167 -395 -84 318 -510 12 -236 123 359 -116 -92 137 196 157 -3 -123 69 113 90 -170 55 273 145 -221 -104 187 123 -171 -109 187 -32 304 282 -222 -126 333 155 125 112 -163 125 -140 1 -119 100 -96 -169 -283 45 -237 -45 -117 47 -148 -41 153 -219 296 276 -401 109 122 -194 -207 146 53 180 -100 164 -87 -51 90 -290 87 -160 199 -229 -34 114 171 -75 -77 72 -78 164 -92 225 -309 176 86 130 -119 -229 -23 -295 -431 -146 58 98 -184 -218 -280 -82 -47 -68 22 -225 -128 284 601 -223 107 202 -190 -257 99 -17 -111 220 -133 377 -231 360 309 109 -45 16 -191 157 -323 -315 16 -4 176 176 312 -115 -168 -116 117 -55 6 57 45 -49 -88 -156 22 69 258 -64 283 327]
[-660 427 -320 -263 -635 -433 821 33 86 242 -175 -168 -172 205 -187 -107 95 102 -228 133 7 5 31 23 -327 -81 146 194 -56 210 91 -129 -151 11 119 -53 -114 12 91 203 -90 79 91 35 -71 151 -104 40 -163 -63 27 12 80 107 -157 -206 61 -185 -198 132 116 156 -63 69 28 245 -106 11 -90 -207 -202 -47 -22 -270 25 9 75 -185 53 255 -196 -136 -336 -54 -241 -262 253 -252 -25 -80 -65 177 -18 -5 60 34 86 112 -3 4 -7 196 204 145 -210 198 -227 151 107 388 -133 28 -272 -240 160 -7 -14 141 -164 -285 52 -175 -56 -93 -125 76 -208 141 -20 53 338 -215 184 136 23 329 0 -1 -172 -50 -3 158 -101 113 431 101 118 118 316 51 -111 -84 20 220 -156 -39]
[-1 53 -16 -604 802 -915 -245 -276 -147 -2 -284 349 -131 138 167 152 424 -179 -29 -132 185 -94 -144 -12 35 178 146 105 -168 147 -58 20 -115 -29 39 -5 -380 50 32 -105 108 22 248 18 292 63 11 155 -131 22 -98 360 -49 28 -145 -383 -60 150 21 -85 82 -101 -231 -218 -82 -188 326 205 -147 -64 216 358 138 -180 -32 154 -244 39 -26 28 318 102 -68 -60 33 44 92 -199 -256 241 -107 156 77 -27 -77 -3 18 -3 -117 170 -149 24 -173 74 131 -77 -88 -208 159 -44 -75 191 -40 -375 17 -132 148 -214 132 -39 25 256 -76 114 -264 136 7 215 263 -30 207 43 -167 -74 -241 -290 40 60 46 -5 67 183 61 -38 124 -267 147 46 -26 134 -54 69 320 148 27 218]
[420 524 554 161 316 -455 641 -306 -440 194 -406 116 -45 -112 -10 -77 333 -425 -76 3 106 140 139 50 -30 -38 269 58 -125 42 -230 64 161 144 -82 -104 3 -123 93 151 -33 -9 57 43 190 81 208 -214 -101 -3 -146 -44 -231 -73 109 369 -152 42 358 346 82 -37 135 -400 -96 12 -131 -162 -192 45 102 -208 -119 294 68 -84 269 180 302 288 -160 -125 167 136 -16 -81 -346 41 81 33 236 -225 71 -342 -23 48 33 -40 -231 -15 279 -34 -111 -93 155 -220 76 -272 -164 -80 -110 -109 -53 -54 -255 -198 -238 -187 -52 -53 238 208 120 -16 -32 -165 189 -112 228 -49 92 -24 -143 -16 47 374 -25 -35 51 -141 -55 111 2 -151 -340 36 -15 -65 -217 -171 34 112 -271 156 250 71]
[-609 -67 -318 -655 -402 293 -147 214 49 270 -324 -247 175 36 -3 -225 -25 219 223 47 237 180 132 -36 -216 101 72 189 260 -26 44 340 146 166 -348 5 -68 38 31 -110 80 -136 44 -109 -61 67 1 -32 -243 -13 -25 267 -48 -106 -49 -134 -2 20 -60 59 236 -64 -25 67 198 56 10 326 -137 91 -42 54 64 -288 -260 121 59 227 -161 169 168 -130 -1 -125 107 -78 172 208 113 39 195 306 -256 103 -51 74 3 273 151 -219 -42 -153 -101 332 16 288 192 -129 103 165 -182 -269 93 -119 14 -77 -8 -18 -255 -54 7 -364 -21 -11 -279 -117 43 76 307 164 111 -24 131 173 -192 -10 162 47 -136 56 -109 -58 72 172 101 61 256 -42 365 80 -266 -3 -340 -429 103 -127]
[784 -652 609 -546 -23 -109 68 -28 82 223 -101 -119 361 239 -87 -21 -183 -26 289 -74 -14 9 -34 4 198 -333 291 158 16 -374 -259 290 96 -66 -43 21 -292 -35 -557 -143 -62 46 126 114 3 35 -61 -156 186 107 -100 241 87 -119 246 -17 -169 -40 -8 -42 -135 -57 27 15 -53 56 132 19 -90 154 -252 -145 -36 393 -114 254 -239 262 -110 121 337 -10 221 203 146 269 -96 276 121 79 280 31 -242 -150 189 137 -232 127 -10 62 152 132 138 -23 216 -376 321 -8 -371 13 -147 -100 29 282 -99 -78 161 -82 42 5 16 -164 351 -114 208 -41 -191 33 -74 -142 104 -14 -186 167 -199 -210 -129 233 27 296 177 -174 -107 94 1 -25 206 52 -33 146 -16 -64 -163 -305 -137 -181]
[-53 266 460 -713 -116 660 -262 -436 -288 120 -213 68 347 -440 -231 10 -60 -144 -53 4 315 208 81 153 -34 210 20 -147 183 -276 49 56 287 301 -147 12 34 90 439 31 182 -150 238 72 -19 -110 133 161 -82 -288 -79 93 -464 50 29 93 42 37 125 -144 240 109 89 89 272 -43 -232 103 156 36 41 106 -205 -113 -269 32 71 -116 116 -97 -115 -97 129 -205 41 96 -69 38 294 65 9 142 -34 154 -101 71 -96 -136 112 -250 -514 37 -113 -127 -77 -8 -392 -34 -70 -166 -295 -38 106 139 90 268 278 -100 -251 -80 -122 -20 -485 189 38 -191 153 -119 112 291 -258 17 -24 -87 212 91 94 -97 -79 -99 -15 101 -48 164 98 200 -101 -126 -109 -73 -372 39 184 -143 57 102]
[263 -5 62 -578 85 -121 393 -211 -124 -16 -396 434 -112 -189 162 154 -134 -27 -331 -24 142 -9 209 -199 162 263 93 -125 127 98 -8 164 -159 -66 -358 -238 -166 -55 185 -203 41 -22 -137 -113 -89 -7 -64 198 -278 -108 -98 377 -289 -118 -137 -435 93 94 -75 75 -83 56 -103 -212 76 6 -208 120 114 72 147 361 -147 -266 52 199 -240 296 -34 205 153 425 -121 -223 -13 145 589 -338 -167 -24 -192 346 -239 -16 -36 170 -102 -39 175 -136 -117 127 -14 69 152 187 -94 108 -65 -57 -182 10 16 52 -223 -59 -22 328 22 -284 125 -149 -276 11 202 -58 -201 348 109 -2 11 -172 -101 141 -258 -182 20 -62 315 -120 -240 -144 61 20 169 42 238 141 164 51 -278 -39 297 9 -27 217]
[532 -188 -98 596 533 -752 -221 23 182 318 157 -272 -112 153 -236 -334 -67 199 -67 -28 -39 -172 220 -44 -18 -52 83 -339 21 110 -292 -3 -98 -164 331 6 109 64 -88 -133 69 162 -111 212 46 -53 36 -117 -212 -54 327 78 144 86 -243 9 43 -421 -124 297 -141 149 248 -91 97 -47 -405 99 -7 -366 -118 -192 -184 -28 190 -99 159 -98 -201 -272 -23 -55 -220 368 -199 -149 239 48 13 -54 -326 65 161 -152 -152 45 36 -57 157 -122 103 -140 192 92 -15 -42 -5 127 129 263 36 17 114 117 236 -321 80 314 -153 34 52 279 -10 -131 20 146 -180 -128 -204 -37 100 8 -5 -58 -8 64 -304 93 -118 18 245 102 -182 109 -10 98 -226 130 -59 -45 198 -75 48 -34 -143 14]
[-33 -326 523 -581 669 481 131 -566 -145 24 103 -10 84 138 -104 -253 186 90 356 -8 236 241 -289 -43 -287 213 -233 -104 -390 -91 -91 -184 -149 -353 71 -446 2 -96 132 201 -260 -235 197 129 155 167 -46 -186 298 146 -200 -232 -20 150 181 123 93 36 179 -170 331 233 -197 229 216 51 -177 -215 -86 75 -187 133 -154 -107 -72 59 -43 -81 255 132 148 -179 -293 152 -70 -319 -187 -60 55 315 130 -131 -141 76 165 86 -32 159 74 -45 -94 7 140 203 156 164 -74 78 -19 487 -21 -2 -10 -2 186 144 60 244 -301 13 -121 52 157 -179 -223 -321 155 158 -28 -15 60 -174 5 -296 134 169 -439 -106 -307 -23 141 -52 200 297 250 123 -311 181 354 58 -18 135 -9 -116 88 174]
[-94 328 373 526 -668 33 242 291 102 -257 67 -71 317 -60 19 154 -337 -60 -142 -242 -107 -32 147 136 15 44 26 -39 316 -4 -231 48 -60 260 -118 173 49 227 84 51 351 -103 21 145 -333 -149 84 177 45 -217 239 100 -193 -25 -154 -319 165 243 -89 26 -202 41 194 -151 -31 -479 189 219 169 154 -117 263 240 -12 -370 -64 -423 -95 -421 -242 339 100 138 -222 74 192 -228 37 -102 54 59 240 -75 -165 -35 -175 274 82 51 -213 -265 221 -28 -157 -48 -112 -108 -66 195 44 -81 -36 -141 -41 52 -223 64 -4 77 441 -134 -30 25 -46 -86 -199 155 94 -47 76 -98 89 -257 127 -18 -279 181 13 127 -110 26 30 231 107 -189 -246 142 56 -53 -196 -113 -51 299 77 47 42]
[200 766 718 138 -71 842 225 -324 -287 -314 -196 -17 153 119 195 151 249 -245 196 -147 -103 128 144 281 138 40 -3 -131 0 47 -34 42 271 239 -74 -83 -210 247 203 129 257 -140 -3 -18 61 9 258 -41 172 -67 80 -199 69 62 -179 -13 -40 -221 119 62 -79 51 201 -20 -27 60 161 -5 186 -59 206 -63 205 89 -251 -10 -8 157 -34 -130 -155 6 175 -79 -65 8 -86 -110 162 -53 -82 -50 112 484 126 -133 -202 -70 266 55 -190 -30 -152 -60 -126 160 -181 -16 140 -69 -161 -84 -36 92 -215 68 171 -77 74 -5 -36 37 -110 -24 -15 -105 246 -79 117 -6 -265 -16 -204 -4 5 -139 321 42 -23 66 77 254 17 -233 101 230 101 -300 -165 -57 -143 -4 -23 -70 63 115]
[-523 88 778 -260 -153 -528 401 -56 105 23 177 -115 -137 115 43 -211 43 75 -179 -75 89 -141 -120 -94 26 39 210 215 -205 852 170 -76 -196 -141 15 19 -75 -99 272 17 112 56 -132 121 -96 143 109 -219 -14 -48 278 -264 507 -127 -41 -131 159 -143 -129 -262 -50 135 85 8 78 11 37 90 -197 -95 74 2 119 -8 170 71 61 37 12 121 -20 -5 -194 93 176 -232 280 13 32 76 99 -244 199 13 -20 24 -101 136 164 -3 201 -262 142 289 30 193 130 -20 49 224 -34 -138 322 -252 208 -138 238 135 -53 -113 30 135 -170 -89 -171 -35 -269 45 60 -26 201 -143 -98 -65 16 -76 -168 9 144 310 -25 294 115 -21 56 66 414 100 173 -88 245 -15 105 -54 -63 -4]
[-441 -351 -516 360 728 -102 -270 -109 -28 11 -353 -115 -128 256 -160 -235 148 -62 142 100 -33 132 161 268 -28 -70 -142 52 66 -197 86 -330 -113 -154 144 -64 -44 -80 -62 157 -214 122 276 155 268 237 -113 61 79 -33 -88 -126 -39 65 85 -18 91 201 52 137 112 -61 -41 212 -155 228 76 118 -130 -100 -169 -87 -90 94 124 4 -157 -63 -7 22 -266 2 -176 78 -182 60 -149 -130 -311 -123 6 -85 35 57 -81 244 -63 -163 -438 146 -152 69 51 -36 -196 -89 -164 174 74 73 91 120 -130 -499 205 143 -5 163 -307 -53 12 -20 105 -263 146 133 107 -376 -148 -276 -10 -90 -60 -202 206 359 -92 82 -86 -67 96 -106 196 -242 154 169 -120 28 210 100 102 -71 -73 301 -17 116]
[646 360 369 395 -675 485 -363 -200 -295 220 83 -186 283 210 101 31 -275 166 14 -208 -2 208 -348 -74 -63 145 309 46 -331 -120 -2 314 94 -25 -121 -127 -175 221 -61 -196 42 -164 183 72 218 67 -58 16 11 -20 -105 229 428 146 33 -171 -68 -14 95 125 -243 109 -146 178 371 23 269 -119 -142 82 -46 35 18 -76 -344 3 62 -10 -122 -274 457 -260 369 182 219 67 -191 233 -85 162 19 72 -387 38 14 -42 102 92 147 54 -211 4 -44 41 -114 88 54 40 65 80 -298 -186 -69 247 -2 133 -110 -164 120 9 -190 34 44 -65 -259 48 132 114 200 -97 -28 -145 -51 191 2 -237 -52 -11 -147 -69 173 -13 -178 75 -67 -264 -110 -43 -63 190 97 -61 -57 -249 -42 32]
[486 -112 216 -594 -509 -133 344 -91 -158 -140 -137 -56 -78 370 -302 -108 212 2 -89 24 175 124 -258 -292 -125 350 197 110 -247 484 197 -284 9 4 -240 -231 -90 -18 157 36 8 -17 160 16 156 -117 -41 307 -51 155 -10 -394 125 -21 -199 -138 -27 -241 105 -43 39 -45 67 75 96 23 262 -168 22 -162 141 242 25 -268 2 162 221 -142 76 106 -11 -162 25 -190 255 -452 -104 -527 114 11 120 -366 218 -97 80 100 132 -92 145 -45 -217 -38 90 38 127 211 -234 24 156 319 -158 -163 -302 -21 -144 -8 111 -133 -61 -308 -216 41 8 -21 181 -217 -117 252 79 -125 265 -176 170 15 -95 14 -59 -333 -235 -89 -148 230 -107 -18 -56 163 -108 96 255 -37 41 -61 229 366 -80 44]
[363 -45 -323 15 -657 -1 -124 -235 -202 -302 -249 197 203 -134 -28 324 104 -256 101 -151 107 328 -46 144 230 296 -167 -61 -129 27 -42 -117 -62 -139 156 -4 245 -62 359 -14 -35 -361 -95 30 -159 -56 76 215 198 -10 -62 -53 -238 46 -280 -183 -20 83 186 31 17 194 -39 -27 188 14 55 -92 141 163 -29 277 -52 -115 -103 -107 263 2 -37 98 -50 114 54 -482 106 -219 -348 -320 12 53 -107 167 -76 36 352 -200 75 -167 -84 -298 -118 156 26 -239 -120 78 -16 1 175 108 -110 -88 -76 -5 -191 -244 -169 -78 20 78 -201 -267 -5 -177 -136 -174 274 -111 -180 -3 -129 -74 -68 -1 171 51 69 -366 38 -190 -20 -50 322 -99 219 165 -48 58 -121 -86 -259 23 3 128 342 -21]
[582 540 -232 781 -502 378 278 111 37 233 193 -138 117 121 -116 170 -130 48 216 -104 113 -133 -85 177 -75 -187 -184 -205 129 -450 -271 60 89 84 340 13 -98 7 -19 -165 26 22 -33 -7 -17 86 125 -57 -85 8 242 118 25 146 133 -242 -254 -226 -120 100 114 174 -266 -62 -12 -186 82 179 230 77 -119 -268 18 -38 175 61 29 -13 8 -81 -23 185 -88 81 -55 184 -19 319 9 -171 -105 354 -26 98 -41 -34 129 183 -133 -101 -22 82 36 110 -137 -319 -153 23 120 -92 146 128 173 -48 16 45 137 -114 89 3 79 50 -197 89 -223 504 228 18 -246 -32 -190 108 -87 7 70 -116 -42 283 -26 18 85 98 -126 173 288 40 20 -221 -42 169 103 174 -174 -346 101 172]
[-730 286 580 -217 29 -294 294 -105 -92 -149 1 120 -21 -68 -90 -65 115 47 286 134 -25 -153 119 15 144 155 92 52 -207 299 87 -107 16 262 122 57 53 -62 93 76 -20 30 -263 4 0 -26 -23 66 307 309 -66 11 -46 217 46 7 72 -69 256 -204 127 301 -148 108 139 17 67 -7 -162 118 99 -46 219 91 -1 73 -255 -255 239 -352 -99 -43 -161 58 -69 -127 -13 -62 -127 124 -224 191 -92 392 196 -217 -269 -173 44 -211 171 199 -102 218 7 324 194 -123 198 305 -198 104 5 -74 -55 -19 -491 171 -282 138 -152 167 317 24 -141 -216 157 -163 8 13 92 79 -12 -234 74 159 -11 -29 -71 82 -23 50 115 19 -29 49 -37 -148 12 69 135 113 -188 10 -149 -63]
[-150 89 -133 -3 -681 26 657 -184 126 207 -57 -168 -378 -264 -90 153 -14 20 45 -146 47 -152 13 267 127 146 97 -93 -94 218 109 189 125 268 -126 45 -233 570 -56 -373 -67 41 -1 174 282 -241 132 -195 -17 -169 276 -12 325 -64 -114 -203 288 94 229 91 -292 -235 48 -319 14 137 524 45 -69 -44 349 -2 240 35 282 139 -149 255 -191 -371 -114 -178 253 -5 52 -98 -373 -103 -29 -23 233 -40 -27 143 -57 116 -63 -233 151 104 -78 -218 -144 177 112 167 116 -126 161 44 -101 76 -37 -55 -117 -114 87 52 -80 -88 -46 168 235 88 -146 -289 -19 110 297 139 40 -22 31 158 160 142 319 -248 19 189 -41 298 -401 -465 91 -161 126 -136 -53 -162 -19 -132 13 -61 2 -154]
[635 528 346 -216 361 -42 90 42 -273 39 -248 -97 -48 -209 -88 -11 125 -188 64 150 -118 110 -173 171 -63 -238 -121 -121 22 -46 -5 232 -41 304 128 129 105 -102 121 210 -125 33 91 -11 -222 -66 113 17 141 -367 7 80 -373 -248 106 -15 -55 -166 250 -61 280 -136 -152 -67 249 94 -140 -73 144 -46 220 -10 -65 135 -146 -254 -64 179 249 208 -234 160 101 391 -66 -39 37 361 36 -45 -71 -192 142 -58 -93 -188 189 62 69 -141 13 112 -420 -155 148 -295 -72 -307 83 -219 110 -28 430 160 -136 -152 137 -221 29 -211 41 9 86 -38 -34 93 524 29 -72 123 -441 -22 -42 55 54 221 162 -20 -157 31 11 98 -128 0 -73 -123 -88 -286 -221 -118 -153 -93 -190 -18 -65 110]
[334 -293 640 -694 157 -287 -24 497 260 123 568 -107 -23 42 5 132 -41 261 36 161 182 -201 -238 -223 133 -54 185 130 -109 224 -210 -62 67 -115 66 -109 99 65 33 67 114 -103 -128 25 27 -163 -46 26 -10 -51 228 -20 -15 6 -147 -54 -98 -10 -317 15 233 -156 164 98 27 -176 187 -206 18 -106 -34 -60 26 -68 21 211 -21 104 194 38 92 -18 -39 38 405 83 207 -193 142 -85 254 -209 -53 8 -52 -61 -32 172 202 -131 -137 -160 83 79 -66 6 -116 5 -153 131 96 228 -67 -20 -102 -44 312 53 115 56 -2 210 -220 205 -6 -30 -448 258 128 75 69 140 -63 228 -238 -265 -249 16 89 -53 -69 150 -88 90 197 85 170 60 87 -31 -21 -24 124 -287 -221 -303]
[385 59 -608 478 -401 625 73 14 128 -126 264 138 52 205 -2 -75 -41 273 -314 45 -246 43 -24 -324 -232 -200 -16 -42 -21 -132 -204 64 57 -93 57 216 -100 -238 18 56 -73 -79 124 -91 173 -54 -291 137 -207 49 82 132 60 0 -287 78 -335 -135 -68 246 266 61 -334 157 57 -196 -367 -1 162 -63 -137 137 52 -204 180 -104 -37 -91 123 -51 219 132 -6 334 138 111 499 41 -177 107 -158 -101 159 -48 -159 238 -140 -277 -31 223 69 128 205 -117 -63 203 -8 303 203 -94 33 45 98 -12 245 219 -124 175 -85 -55 -79 26 -3 -118 -6 250 -144 173 -295 -91 -46 -178 -15 127 -15 132 -301 -121 102 207 155 -113 -487 82 206 76 -133 197 83 79 -343 -71 220 76 -136 51]
[-719 488 409 -627 736 594 -23 -326 -159 146 261 112 61 -15 196 47 433 -118 226 24 63 310 -232 83 -291 190 171 -30 -320 -67 -75 -72 5 82 103 320 -49 -200 70 50 117 -302 75 401 30 -111 -14 -131 198 28 -168 70 -171 -63 59 32 0 190 70 -21 99 29 43 17 182 -61 -12 115 130 188 -38 -101 -4 -105 -256 6 342 162 39 -124 335 64 146 -113 27 -61 -159 22 306 376 -22 -74 -200 53 231 -10 37 253 -222 102 147 83 -3 -185 -47 129 304 -146 108 204 59 -30 158 -35 -26 -144 54 -131 -123 191 -287 -74 102 -61 -315 -488 -21 29 -90 37 284 -3 -31 -51 -217 -21 -263 -250 0 -20 108 -67 307 189 116 -111 -84 65 -357 36 -135 53 -60 -63 102 -100]
[-71 352 461 -250 621 -123 -228 -42 34 -49 36 -212 -12 197 28 -199 479 248 -40 105 -87 -192 -158 -83 -111 -337 3 25 -118 198 -84 -161 -42 -40 106 -136 -26 -445 90 356 -37 68 86 -48 36 237 -130 -158 258 172 -37 137 -43 -192 -10 91 -242 -66 111 82 292 223 -214 -153 329 23 -67 -165 -88 -241 27 256 -70 36 37 -139 -213 -73 518 369 -20 -65 -192 258 -174 -109 91 270 -188 286 -15 -238 84 31 -59 -214 236 -121 99 -218 333 85 -227 13 109 -66 40 -146 144 56 -103 232 190 54 46 27 -270 -56 -70 -17 33 2 268 183 -122 137 132 99 26 52 66 -5 -22 59 -98 -17 -146 77 -110 52 24 88 6 82 95 17 28 -17 230 -35 128 -128 -83 211 -86 76]
[642 -589 227 -160 -286 -555 -523 -379 -36 137 429 289 256 165 40 121 361 34 58 -150 271 -269 -27 215 -238 -34 368 216 -20 -14 -210 -222 -88 174 -90 75 -240 -185 23 -14 121 19 268 -149 28 49 -203 4 330 181 -176 147 55 209 222 27 -28 393 83 -170 -254 -86 173 37 136 -1 68 -65 -123 107 10 10 188 -226 -125 99 63 -131 275 25 223 -301 78 102 54 -156 -100 165 100 248 308 270 -250 -88 95 102 -157 140 -116 -14 -146 -68 100 -170 64 -241 88 -87 21 162 -153 -125 -229 -277 10 191 45 -201 -34 58 -26 134 -109 157 33 -266 -32 -222 2 12 234 -58 264 -7 -55 -153 -253 -54 -191 -212 145 -86 88 343 0 -377 -22 -46 19 170 14 209 95 -194 -56 -96]
[-632 -337 263 -141 592 -708 -512 170 108 -51 -373 142 -118 30 -203 137 49 -41 30 142 153 -38 -183 -117 108 48 235 227 -159 71 -159 99 16 -170 -58 -41 -2 -122 94 52 22 -16 -212 -237 246 -114 13 51 137 190 -139 443 -150 1 22 99 -161 167 31 -40 74 61 -105 -254 24 -238 33 -255 -69 -139 89 46 -120 291 2 109 -171 124 299 71 -14 89 11 237 402 299 -202 49 -141 116 187 156 -320 -111 -1 -256 36 113 -20 43 -19 95 -330 50 32 -6 169 -306 -139 -274 -40 14 262 -34 -361 56 135 -304 171 11 -85 141 -9 331 81 186 -104 -44 179 -87 134 184 -126 162 -136 -208 32 -11 318 314 -92 -76 -46 -154 -43 -229 109 -115 -218 50 -80 -101 -140 -75 134 -200]
[-569 671 353 -112 -271 -169 -414 -190 145 340 -161 102 -85 108 -121 119 141 29 270 205 -70 -170 22 28 -116 -44 182 189 -103 -3 68 -108 -127 86 -300 -46 -180 -196 -92 102 -142 36 190 -197 424 -128 8 -19 225 298 -132 28 -300 -42 83 244 -319 -291 196 -3 -28 13 162 -352 -331 -22 46 -240 -84 -325 35 -163 -163 -139 -105 33 -30 353 246 132 -143 -91 -5 117 -104 17 -145 86 26 21 106 -144 85 198 64 106 24 178 41 216 -31 153 -256 143 -27 8 -154 -201 84 1 -230 -53 -189 162 62 -48 82 -114 -122 -228 -176 13 10 -77 261 -199 -10 -21 399 -74 135 -166 -91 350 105 326 -215 35 -352 -107 -218 241 -198 44 6 -242 -151 -331 -149 -32 -42 -116 -371 -32 -466 -330]
[-560 -95 40 632 606 545 1026 -32 -5 -218 439 -246 -45 403 -19 81 78 39 -157 -134 -37 -9 -138 -85 16 153 -149 -176 -50 426 -91 -218 -86 -348 207 -4 97 199 -106 -127 361 -46 -126 98 0 -32 -269 150 -246 -74 100 -19 453 -162 -195 -419 227 202 -145 21 -270 11 -44 58 206 -140 89 167 185 -216 11 168 176 -300 -24 162 195 -65 -418 -153 356 95 158 87 67 -144 -225 26 20 172 186 -59 -196 -68 46 56 262 -88 36 64 1 -164 159 278 -59 101 185 139 67 137 -35 -91 -1 -3 274 -72 77 18 -57 66 -180 203 241 -105 -48 112 -159 -5 48 141 241 36 -55 -91 -15 -78 14 -27 -32 89 155 -49 -60 -56 167 -236 125 138 23 17 301 -20 401 12 36 -235]
[-299 702 -640 419 -603 -389 301 269 243 -148 -212 -264 -43 -5 101 40 -170 227 145 202 30 188 164 28 111 200 -358 17 291 63 115 -234 245 209 77 470 146 54 -3 -183 331 -5 -394 -206 -281 -107 99 42 -306 -94 -115 94 -166 88 -176 85 113 123 -159 167 71 23 -18 137 -103 81 8 228 78 -82 -205 -82 350 -78 -298 -9 61 -96 -395 93 -149 267 -85 -213 -69 302 138 -98 219 -404 -117 340 24 84 86 -90 19 20 -141 -42 -66 -107 -24 144 -175 168 71 -13 186 -91 28 -131 296 -152 -180 -17 2 -139 192 297 158 -208 -40 217 -56 133 -6 -176 132 -12 97 181 -28 1 -76 -138 252 45 213 -19 -4 84 251 103 6 242 124 -148 -48 -12 -6 215 -5 -70 183 -169]
[-60 -396 783 -193 300 -186 98 98 158 -83 246 190 269 47 70 -117 169 1 175 -258 -250 -30 -54 -95 -195 -170 109 -120 -90 -197 -175 -101 63 27 283 294 124 -410 -135 326 -144 -39 250 54 -83 138 -108 -270 281 107 -201 -422 -69 171 10 195 -328 -84 301 76 148 -163 -108 8 -135 -8 -75 110 267 33 -233 -173 189 83 100 -63 99 -207 133 -159 -140 48 108 -35 -8 -11 -220 3 -60 -78 -56 -26 214 -101 -59 -120 126 -92 -431 194 270 330 179 -270 95 -137 -35 -1 157 -202 18 208 -138 -54 -31 64 -74 -192 -96 60 -31 -53 103 -88 -139 -157 70 -153 -232 -233 -34 -42 -96 -100 220 76 -59 11 -229 -282 77 242 -58 50 -290 -29 -100 -19 -220 -19 234 82 -84 25 156 67]
[33 62 241 -393 338 -290 -60 44 64 417 -114 -191 195 -56 -7 -40 -276 200 47 -3 -129 12 29 13 -364 -296 318 -134 -19 144 273 404 -85 188 -308 218 31 -97 -225 -15 43 53 212 12 126 -132 -125 -161 90 49 161 -8 123 -263 110 192 91 -295 207 -48 -77 -128 154 -115 -74 -153 -61 4 -97 -165 91 60 167 -29 -192 95 -283 334 -76 -15 306 -179 239 143 -44 -178 -26 222 -36 6 221 -241 -31 -397 -235 91 94 161 199 164 396 45 13 103 178 90 179 -135 105 -35 -95 -112 -22 312 191 -136 -131 103 -85 -99 -171 -113 223 -329 -174 -132 14 258 204 173 -74 -25 5 360 42 74 -60 -146 -238 176 79 -64 -263 26 -361 -286 -138 -71 198 18 -212 -174 -308 -20 -324 -10]
[-186 596 -306 -579 -329 388 -199 105 145 -159 -116 15 101 -80 -69 -31 -116 301 -332 41 -103 -285 -191 -60 -149 -59 -100 69 -139 -110 -26 -293 -40 69 196 17 54 -438 155 -38 -143 -56 -32 -123 -31 -47 18 179 298 371 9 -273 -62 -6 -147 250 -181 119 277 44 124 283 -474 137 95 -381 -237 -93 118 85 -347 110 -106 -273 -10 -187 -104 -207 364 -184 -149 76 -26 94 -292 -52 -76 251 -146 -57 -281 133 108 212 -12 24 -17 -265 -112 -129 23 224 -58 -158 -209 343 142 -35 347 -44 -43 270 23 80 96 44 -204 87 -63 306 -280 -44 -107 -129 -87 44 288 -59 22 -115 -141 -63 14 -123 279 265 -104 -135 -157 -118 36 -24 -31 302 25 143 -223 71 -17 -44 -269 119 120 192 -207 -61]
[447 -442 -216 71 746 -610 -4 55 -206 172 -348 -193 -136 -29 -202 -107 -202 75 103 225 87 142 -56 109 87 78 -423 -193 -87 -475 -109 -53 -220 233 171 -9 238 -73 -81 -186 71 65 -129 -127 -66 -90 22 51 -212 -234 -86 195 -513 80 -244 164 129 80 -146 -6 315 226 -24 -206 -107 -41 -299 -15 -9 -26 -268 159 -195 -215 159 -78 -33 185 -133 -9 114 264 116 -135 22 234 244 -40 281 333 -10 151 30 -114 -118 -47 190 149 35 -161 -126 83 42 92 -57 -69 -60 25 12 154 239 -3 208 81 56 -156 145 101 -47 283 88 -34 109 -60 -43 -37 -43 -38 -45 -126 -1 222 116 -160 278 -29 -349 -18 136 15 -25 -12 83 126 222 30 -252 191 -172 -50 -336 148 145 -98 262 -101]
[318 -424 -290 267 287 -511 -178 161 137 77 -22 148 231 28 -136 -11 -55 -223 -4 -143 270 -344 95 -44 160 65 27 131 253 154 -246 -192 -8 -132 67 -191 -12 1 -2 100 135 129 105 60 222 -293 -57 217 219 133 271 167 -209 -97 163 -128 -88 -48 -145 -74 40 -31 194 -2 10 -294 -107 -62 128 -35 -2 127 -9 9 21 311 -46 -212 51 -40 140 29 -51 -225 108 -54 -53 -351 -7 43 345 39 -19 -138 111 55 -32 -54 135 -381 -350 50 17 43 114 -124 -19 -116 -8 -151 -93 382 -308 -138 45 -25 197 183 -98 -152 -307 259 -106 14 364 -164 -150 -60 -154 27 60 -127 70 166 -224 -388 -260 -180 25 -33 -27 103 -200 -70 -100 44 -59 -86 -108 -55 -140 -159 392 139 -370 5]
[266 436 787 484 259 -463 406 305 49 -11 94 56 -3 -246 121 -16 -219 201 -157 120 12 203 -314 -290 45 57 156 170 71 -80 -7 171 248 207 -6 -179 41 132 -68 100 -167 -275 -108 117 -301 -34 66 97 -36 162 10 162 -164 115 -128 -138 -216 52 -84 39 336 149 -264 92 69 -193 36 -146 -57 350 -52 30 -129 22 35 45 96 -9 27 -15 -24 66 -44 -191 101 85 -23 -77 267 145 -148 42 -300 107 429 -69 -18 17 89 -27 -46 100 -186 49 -235 278 -18 -13 -161 -35 -61 50 -65 34 -233 -78 -33 -31 94 140 -135 -257 -123 -8 -63 -81 -33 498 11 119 248 26 9 106 -184 98 98 46 -73 105 -115 85 184 201 156 114 372 127 141 -193 -139 -1 176 147 243 -167]
[115 -693 729 817 218 593 100 -253 87 2 -70 33 220 131 -76 -38 -85 59 94 -78 9 -178 109 150 -150 72 329 239 -219 -85 -151 103 -314 78 -227 90 -225 107 -166 95 155 -12 17 12 -302 164 15 -27 17 -86 48 268 376 326 166 -27 181 12 -109 -219 -169 124 -30 -201 -329 -143 73 302 -92 -5 2 -202 125 56 -184 79 -68 106 -41 17 -6 -26 6 66 -135 -80 80 178 208 47 -18 270 31 -41 245 -139 -183 239 190 283 39 -85 90 24 63 71 -82 -115 84 126 -103 -186 74 17 55 -85 208 -155 93 -71 149 60 85 267 145 -131 -113 18 15 205 266 33 -142 163 80 -98 71 305 -237 271 57 198 -135 180 -28 -150 142 -11 -28 124 -16 -55 -133 -202 -152 -56]
[-132 106 -222 -714 726 425 58 -203 -77 -41 -25 91 85 106 -121 61 5 -112 37 -178 196 -25 -39 230 -51 203 125 66 -15 123 -100 -166 -151 -342 35 87 -34 -253 309 -96 142 -3 57 130 115 132 87 173 57 -54 -6 77 153 17 108 -349 203 112 -111 -387 -80 -31 -83 92 59 -240 42 230 -127 110 12 120 9 -253 -181 127 158 -8 -272 12 219 -4 -1 -241 -57 -297 93 -103 -34 -58 -170 224 -39 -118 36 45 -86 20 -96 -177 -357 -85 -34 141 49 149 128 -42 89 31 -74 -64 -10 -199 28 -185 186 133 -135 -6 -241 -37 -377 -84 3 57 149 -41 -25 165 14 -105 192 -160 -120 -228 -119 -94 -146 -20 52 54 96 88 44 1 -33 21 -124 171 -312 275 315 43 -109 196]
[191 -359 301 -644 -419 -539 -103 -254 -111 11 -397 -10 73 -364 -32 -39 153 -220 -34 143 89 111 250 117 -163 -47 118 -29 -98 291 197 80 -86 297 -373 8 9 66 -36 -30 74 -111 -63 -101 -116 -143 -42 51 -46 66 155 -69 -49 -229 65 225 274 149 -155 -21 -248 -48 456 72 -192 126 -66 -85 -50 -193 370 -55 -108 100 -3 -35 24 316 97 252 -90 -73 35 -158 -34 -347 288 -8 361 117 274 -165 165 25 208 125 -223 48 321 159 25 -161 -93 -71 99 68 174 74 -154 -61 335 -202 -93 95 -66 78 298 296 82 -178 111 -336 -9 -37 184 -290 -163 -41 76 251 98 -28 128 -50 -164 18 87 -49 163 256 -27 -142 -92 -265 89 23 222 54 95 -234 -426 -177 165 109 -41 68]
[447 -364 497 -467 -484 -325 -218 -195 -497 -414 -233 -16 -62 90 -302 110 -55 -258 -35 -142 -15 -77 -142 -57 287 98 9 99 31 -12 -348 117 11 -21 227 -280 -106 10 230 114 -49 -40 445 133 117 -153 -328 154 -109 -178 -202 -166 -83 191 -110 -209 -134 -8 46 183 -191 -36 -23 -43 300 280 23 70 303 13 89 213 -213 -272 33 -225 84 -214 -92 -236 -82 -114 -176 276 101 -5 -19 142 -169 128 -173 -133 107 144 -186 77 -29 -238 193 -266 -157 7 76 -160 -46 -223 -300 -28 15 337 -208 159 -55 -25 108 246 132 -148 -348 85 38 298 -24 91 -64 38 292 -32 77 -282 -208 66 -206 -324 130 155 186 -120 39 -154 80 97 -178 -75 245 -260 118 -20 -268 109 165 -134 280 46 122 56]
[452 257 570 -473 272 -266 -295 -84 -309 154 123 -88 -235 -101 -251 66 -298 -90 349 -4 -43 184 -68 207 44 106 -52 101 -134 293 222 44 -93 144 -318 -268 -103 -71 35 -180 -25 -197 28 -30 37 34 -143 92 -74 216 -62 -409 -104 -33 123 287 56 -43 15 -214 -224 -107 224 125 -208 450 -78 -129 -369 49 267 169 -140 -75 170 15 194 568 -37 287 -186 -123 8 -198 136 -402 182 19 247 129 176 -325 103 183 193 69 -376 165 448 -49 43 -237 124 416 50 -74 228 23 -311 223 136 -328 7 49 -79 195 105 154 -88 198 49 -145 -18 -213 -5 -256 -78 -113 262 -82 -9 -49 326 -222 275 162 -34 -139 -12 185 -219 -302 153 -129 257 -10 157 -83 -49 31 -265 -61 -137 -207 -61 -179]
[166 507 192 383 -715 482 193 264 544 246 198 144 -29 -217 307 -254 -185 275 151 89 0 26 -180 -229 -160 -72 -428 -99 -76 2 173 144 -98 -166 -110 28 -64 -145 -283 -96 -336 150 -64 -66 138 -40 73 -240 27 224 26 -35 -88 -104 52 -99 -54 -106 116 -104 -140 -134 -56 184 -351 -123 -206 -85 -48 -123 105 -42 -170 51 47 -10 -287 -30 26 -27 -42 247 48 174 -123 2 35 92 -43 124 260 -208 -173 34 69 5 4 -130 -163 204 45 8 -77 171 126 175 205 -49 -20 -171 204 92 35 102 -29 -170 89 349 149 -180 174 47 -136 -117 82 -109 4 152 -62 176 -5 -345 -23 -3 -81 -37 156 281 -119 69 -182 4 16 -7 -28 18 -33 111 81 10 162 142 38 17 -237 173]
[332 570 542 623 -183 36 -48 8 -77 -126 -114 -356 32 161 160 -116 190 38 5 135 37 72 -14 128 -27 97 -115 -186 -41 -258 -258 -7 132 -146 62 229 60 -94 51 71 254 104 -127 -93 88 242 288 -175 -188 -293 61 411 57 -4 -122 -105 -55 -230 -288 159 174 15 61 114 35 6 -261 70 121 -102 -183 -238 79 -17 -3 19 1 -371 -168 0 203 59 -167 299 138 226 140 310 -120 -37 66 2 -134 -157 -315 -21 286 232 -185 -84 -109 6 -147 -17 -218 -120 -70 6 61 -181 1 -141 140 -30 194 -146 89 37 153 -119 -63 44 -122 109 -108 345 127 -9 -75 75 -92 52 -219 84 -95 -113 -167 169 241 -112 201 222 -107 77 -128 101 -159 48 283 53 147 43 123 -403 41 9]
[611 67 -233 755 371 250 -78 -400 -445 98 -672 130 -244 36 -97 -177 362 -88 111 11 -186 281 -61 154 11 178 -151 -238 -200 -20 -97 52 25 -111 166 240 -135 23 14 9 -109 228 -188 109 324 129 190 -202 -127 96 -131 207 218 -119 -16 36 -42 -130 189 -81 -49 32 -112 -95 -133 -52 -167 117 -252 -121 123 -55 -156 235 -16 -118 66 -77 -237 -165 -91 95 75 223 -167 -190 -135 162 -42 -27 -162 -50 39 -1 130 5 -221 -16 -283 200 89 19 -226 154 39 176 132 -277 -37 -241 -116 -102 215 -83 183 -304 72 82 94 -158 -15 118 -265 10 -122 293 306 -58 91 -37 74 -36 -280 -151 43 128 214 207 114 253 47 117 105 -173 -155 132 -50 42 -123 -39 -26 53 -58 57 159 139]
[-437 777 521 -104 -276 -214 18 153 -103 -344 15 282 -78 -76 -82 -30 178 -276 72 -84 -165 80 -61 20 179 -108 11 102 39 83 -86 301 -108 40 179 153 8 -76 154 252 208 46 59 118 -241 15 -22 20 -137 -184 -184 18 -109 97 6 -159 7 -10 25 -183 166 -75 85 -32 21 81 -72 19 160 117 54 133 149 -105 -6 0 -104 -63 -21 -96 62 148 -161 147 101 217 93 -6 10 -27 -149 -211 32 -118 -256 -91 -149 -33 59 -36 164 -94 66 -147 -21 -294 -278 -85 77 135 -124 -83 108 -130 241 151 29 -169 79 -96 155 338 -57 -85 99 98 41 90 -120 -10 -81 192 -187 53 -103 62 30 -44 70 -167 -22 220 147 -82 -49 -248 192 -44 55 85 148 -174 111 252 106 179]
[-770 -574 -736 -347 -372 -464 253 -138 98 289 187 -138 258 -62 220 117 -212 304 73 -114 290 -130 -22 105 -96 31 53 -88 -35 24 64 -47 -123 -51 -167 -19 -37 20 -166 -265 -99 -124 -69 -209 40 -99 -40 -152 260 35 108 54 60 -81 253 123 101 -26 -75 -134 28 -104 -258 -27 -192 -84 57 -70 -27 34 -457 -152 94 -10 -118 31 -94 209 1 146 152 60 258 -179 106 -8 -65 228 145 113 220 62 -66 -67 116 234 112 253 159 246 -4 -92 98 138 -52 159 236 133 -28 -229 134 185 130 134 152 -109 70 230 171 51 -161 -233 -54 -43 -160 -142 -270 3 156 82 -92 -155 73 213 -41 -32 -374 176 -120 76 141 -56 65 67 73 -52 121 -62 183 -54 -46 -122 62 -247 -166 -226]
[-542 581 772 236 128 -135 164 -28 -45 278 -127 -261 -141 120 246 -25 194 -60 7 77 127 206 -91 119 7 -105 208 4 168 -220 39 -14 174 25 -92 96 -16 -28 -193 91 -126 -223 188 -106 -188 133 -13 -185 -27 -9 -49 8 20 47 97 -18 78 198 -82 -93 -29 12 -168 42 76 205 77 202 -153 40 -6 -115 64 9 126 6 59 -98 78 179 -165 -41 194 -220 -176 49 -15 174 6 120 -5 120 -69 -91 66 -50 167 -110 -179 133 222 -35 -129 -26 -13 -195 124 -68 -170 -73 79 276 102 -264 44 98 3 -136 93 36 88 -313 440 2 -236 -32 -45 33 -80 52 201 91 44 -211 -135 23 58 183 1 -145 85 -140 149 -139 123 -180 261 83 142 24 12 -110 -1 57 208 -81]
[215 784 -792 663 -419 -593 432 -154 -79 -3 -425 118 -143 143 8 267 135 15 317 244 -237 341 15 41 -94 -17 -16 -73 -24 -96 -15 67 269 5 -271 344 -225 -31 -88 103 65 -160 7 -114 214 -109 -92 -30 -207 -4 -146 240 -107 -23 -282 93 -135 -118 -60 -74 57 -39 249 -100 -362 62 101 -124 -28 -77 17 91 -135 -53 104 -46 -168 84 0 27 145 96 100 -91 165 209 149 -10 233 120 110 -325 127 127 -44 133 -158 -177 121 415 286 -181 -168 100 126 54 -156 27 -121 -88 -170 111 -15 116 19 279 131 -100 143 -121 32 -133 63 198 5 -166 -163 514 258 17 -44 124 -171 145 -89 22 228 -129 96 109 -174 -32 -280 -239 204 17 -14 -43 -2 147 -404 -154 -12 19 21 -176]
[636 -429 521 -108 -42 -441 683 417 -204 217 -329 -212 105 -87 -106 -194 -141 187 244 220 -175 28 -90 53 106 -135 -229 -98 43 -69 141 58 172 166 98 252 -106 142 -176 -56 -252 -53 -262 41 -123 74 -10 44 -10 108 -41 -18 -43 -134 -55 190 -62 43 18 71 -99 -127 50 158 -237 -67 -27 -251 -99 186 -402 -85 -9 312 -39 53 -446 -72 -324 -7 49 38 12 195 76 372 -288 217 -210 -89 335 -197 47 -203 -29 39 -105 -86 -39 10 137 -84 -87 186 -34 2 -24 -56 -226 -243 212 137 -28 65 -12 -85 -100 125 135 432 18 124 120 -13 -45 98 152 198 -76 -9 -133 318 -57 -115 6 317 341 143 295 96 -50 -9 168 -120 -278 157 44 115 196 -121 5 -43 -21 219 -68 -137]
[44 345 287 -483 -517 78 110 88 -3 198 -322 -197 -4 -7 -185 -111 133 -13 -222 40 -22 -48 -14 149 -189 -265 391 104 -207 74 -6 98 -121 68 -341 -74 -140 -339 72 101 16 85 257 -46 -218 211 158 -198 -41 41 -68 105 -90 -233 251 119 -4 173 191 51 19 72 18 -83 127 109 -86 54 -154 -315 68 102 -5 130 -70 24 -274 452 246 272 41 52 -16 184 -112 -397 505 431 -12 71 14 36 -109 -317 -108 -126 123 274 250 132 135 154 -321 38 416 -109 304 -211 23 15 43 -25 248 13 -243 -43 151 -46 -94 24 184 -107 175 142 -100 9 27 39 266 -32 111 66 -52 22 -161 -263 -1 249 -11 223 -112 -9 -85 157 136 -53 97 50 0 91 -250 37 -199 -75 -86 238]
[235 716 55 436 98 493 -243 637 203 538 -110 14 -297 6 183 -85 95 293 -137 279 -215 -165 -173 -228 -282 -386 207 1 -36 -376 27 164 48 285 -52 125 -39 -158 -336 -26 -65 70 -346 -85 -111 91 186 -206 -59 300 150 343 -89 -186 135 22 -191 146 -147 4 278 -45 -108 -300 -266 -42 101 -79 -196 4 -200 -327 43 39 354 136 39 53 365 126 80 182 271 146 -122 147 339 57 108 -163 -14 1 -80 -197 -44 -19 -52 164 -122 233 361 61 -91 -217 44 -119 153 -132 18 -324 330 229 26 60 -388 -83 -71 26 453 -99 -5 -334 -15 116 19 28 -331 382 -115 -97 335 67 220 422 -321 -155 -12 159 208 135 -60 123 -137 186 -132 -131 59 157 244 -38 120 -185 -232 -79 -21 -217]
[56 -365 -182 -501 600 730 30 142 55 -384 179 -18 -288 245 -36 233 123 -167 103 174 -194 50 -102 -37 111 109 -225 52 123 444 158 -228 152 -334 -44 -118 -208 -265 66 19 12 176 18 -95 66 207 -45 140 -41 267 -227 -272 160 -297 -169 -101 7 35 181 -161 -223 -108 309 62 -98 331 139 -282 103 -240 523 169 -93 142 250 117 89 149 130 16 -112 175 -190 285 56 -151 -95 -46 -101 -45 126 -305 -55 75 -69 8 -152 -188 105 70 -20 10 -116 -156 12 -185 120 34 -160 -33 -44 -236 -212 117 -273 247 125 -165 62 -164 -45 9 -31 -45 378 82 61 -92 93 -146 21 7 -25 -125 -146 -176 392 -146 94 34 -142 -232 90 -247 33 113 -92 144 11 87 178 -7 149 211 70 132]
[-410 381 -570 -603 4 -698 -307 -58 27 198 -88 90 -177 -198 -257 117 -329 -51 -216 56 112 -28 -101 -371 -221 148 109 185 -264 53 225 -22 -149 41 -352 -118 -19 137 132 -124 -108 -62 76 -123 261 -47 -140 2 -165 1 -249 -129 -115 43 45 -27 97 124 33 -36 66 63 -140 -99 222 224 -82 -238 27 108 -6 211 -110 -236 59 175 -161 56 134 85 -131 -1 -100 72 200 -164 177 -279 -89 4 -39 -102 -257 -50 -46 -103 -28 138 -14 -192 -69 105 175 279 137 264 -93 41 -9 213 -83 -238 -282 41 -73 -41 36 6 -166 -95 -35 26 39 37 -146 -161 -170 48 136 -1 123 -133 79 -34 -38 198 -211 -364 103 79 -193 -54 -168 -91 81 -55 33 -64 37 210 22 177 -167 -191 -43 67]
[172 -237 -235 598 -204 -89 -349 -100 88 110 23 49 83 -103 52 -50 39 122 54 142 85 -261 -178 -200 -81 154 -239 75 -214 -550 198 -171 -92 -11 16 -475 120 -176 161 -35 -254 114 5 -167 180 -211 78 29 114 157 -10 -212 60 164 -36 584 -214 -166 167 267 -36 276 -404 -147 -136 -20 118 -162 49 -139 -20 27 -25 -27 56 17 69 253 428 -62 -111 -33 167 -68 -150 -38 -204 -40 -109 -110 -54 -23 44 174 -102 -69 -55 -170 -157 180 47 6 259 -235 -9 10 -251 42 232 85 -9 39 -49 335 -65 300 -183 -85 -97 -80 -15 94 55 19 108 52 147 -163 28 -219 -93 76 56 74 238 -67 -124 83 -129 -42 -228 101 -177 9 54 161 -433 -10 -101 202 41 -38 -448 119 -227 160]
[406 -3 -654 851 -211 48 -399 -32 -12 182 73 -102 219 479 -75 -125 102 401 122 -119 -74 8 188 96 -53 179 275 199 252 -19 -87 -123 -88 -25 5 77 -368 119 -26 24 86 225 133 -75 -169 119 -189 168 331 -231 2 272 211 125 179 -241 1 -177 -143 53 230 78 -53 154 238 -30 119 102 -157 -10 -422 -136 -26 -55 -222 -179 -4 -137 -113 -106 169 -212 6 83 -138 44 -107 376 -163 -86 -115 345 -221 57 -37 12 281 309 34 51 -237 -30 -60 -135 -259 142 107 109 92 308 -523 -70 39 -86 352 180 -231 -166 -231 -196 -248 -50 114 16 32 89 147 -40 -40 -192 -100 -19 60 205 -123 -22 -82 237 -456 -57 183 -228 85 417 -102 -162 -100 -111 279 151 151 -154 -300 -277 -174 -111]
[-124 -39 412 -68 -658 358 -282 264 134 126 -227 194 -40 -316 60 47 267 129 86 51 234 -72 12 9 5 -40 182 279 -101 -119 93 -54 -47 128 -103 156 158 224 -116 -190 -189 20 -38 150 145 -127 145 61 268 158 60 290 -171 105 228 -265 -11 460 -174 -46 64 -287 63 41 -134 -322 357 -136 -239 23 -112 -127 -18 287 -141 8 -397 -309 92 -138 126 -224 -125 -165 98 151 -229 -138 -133 -201 208 93 -100 -36 61 30 168 -141 -149 307 -291 -112 -136 -166 56 33 2 -72 102 -152 201 301 -202 -203 -48 -158 -51 76 189 171 33 126 -245 41 47 -66 -207 34 133 166 -18 53 86 183 -278 11 -84 77 54 16 80 17 85 -40 88 -223 1 -28 92 -44 -105 70 1 376 -217 -231]
[-334 -493 -377 22 -450 -544 -98 -44 -175 9 5 -30 -27 -212 -106 -195 -304 -68 -139 -55 78 -336 -25 -308 21 -94 167 121 -153 363 39 152 -175 245 -394 -47 60 -146 64 -63 -159 -55 28 86 -132 29 -117 -102 64 216 -44 -293 -116 -17 218 -67 -112 -9 249 -164 -139 54 130 -69 -56 -22 -107 -123 45 -163 130 -4 -115 -220 32 -143 -169 -122 319 -101 -81 142 -351 32 21 -200 343 21 -74 102 47 -64 76 35 -212 112 -115 7 501 -94 121 35 -7 100 346 92 -136 -115 96 264 52 68 -207 310 -85 -1 -120 270 -279 -170 147 176 -135 -156 41 -293 -88 141 91 114 -281 -137 -99 45 9 151 -255 -231 -150 -98 -236 -42 -286 56 -113 -237 -11 -62 12 49 126 22 -45 -1 -453 66]
[-44 435 745 -417 -635 353 -145 -12 -66 -183 74 206 58 3 164 -14 388 202 21 91 192 -143 -34 -165 39 42 -193 53 11 -235 -246 -210 45 21 120 -184 100 29 -88 69 81 -154 -90 -150 35 -147 -175 35 25 -100 -15 213 -406 132 -258 65 -165 123 -113 172 212 -81 -179 -81 -132 -251 -237 -117 166 -32 -325 35 93 -257 40 -60 -107 -144 314 6 -25 -63 7 203 25 294 41 -48 -84 98 76 -137 96 -31 63 59 -5 -183 -131 -33 3 -127 185 -173 -195 -118 -299 -66 75 -117 148 297 30 -142 105 160 106 -42 85 75 -16 147 -152 134 121 -85 -121 150 -134 27 42 165 18 169 15 103 -181 11 121 -195 312 88 51 140 70 -69 -118 74 179 -105 -27 -237 296 150 -25 -222]
[-527 301 738 -342 -635 -736 -233 193 241 89 333 261 113 -141 43 -66 111 93 -182 40 -140 -7 -256 -433 -171 -202 344 132 -170 -55 -298 195 -83 -83 -78 332 -118 -126 -248 227 -265 -282 -60 27 -348 -72 -98 -122 101 328 55 101 212 116 -43 -55 -253 227 19 -146 57 74 -151 189 -177 -92 39 -127 -65 112 -231 -41 -55 29 96 -194 -2 -126 274 -49 111 206 65 52 240 40 175 164 -40 161 177 96 -41 -196 133 -65 -103 -36 160 506 247 -82 30 -233 193 9 97 13 -193 -67 14 387 -99 8 74 -32 -130 -86 231 4 92 -31 86 185 46 -92 -398 389 -290 34 100 -46 -114 211 -164 -45 -118 23 47 125 20 -112 -221 179 -62 3 51 287 12 85 -56 -173 -154 -128 10 -339]
[-623 280 334 -336 458 -714 -313 -145 -372 -537 349 -109 -45 210 -57 104 58 108 -61 -12 -408 19 -51 -93 357 37 -211 -174 -18 206 190 -167 -121 32 442 -197 36 -93 87 144 71 34 -198 262 -279 -26 -29 314 117 -52 -225 -82 123 -107 -152 -37 24 166 -3 141 25 68 -98 27 206 71 69 -90 141 -31 -4 135 -42 84 -47 -180 49 -39 -208 -238 -140 202 -108 77 -163 22 103 -85 106 -99 -325 42 231 213 231 -28 110 -241 118 11 -177 75 40 -245 -113 40 0 231 -19 114 -79 20 48 138 -181 -171 -120 -118 -8 318 12 -2 5 -174 106 105 108 -156 -93 -166 -213 -17 -103 -20 6 155 120 -11 46 29 164 8 67 105 194 335 -30 -1 -173 -179 31 136 131 322 107 -32]
[142 -515 -33 -647 -221 651 554 352 471 -205 -2 224 -45 -215 -70 -153 -243 82 -209 -149 -157 -284 -91 -425 226 111 -70 168 -70 90 83 51 -19 53 117 175 30 -155 207 116 -130 -18 -351 155 -438 157 144 149 -80 107 -136 -206 -51 146 -170 -114 -124 -61 -26 -120 349 27 -85 128 -77 -17 -49 -35 249 201 -216 70 74 -41 221 -34 -38 -290 47 -10 -203 394 -219 -257 22 143 237 -223 68 -270 -189 243 104 129 -125 -278 64 -108 134 -131 84 154 229 -122 7 266 -67 211 161 -76 -68 20 -80 48 -200 -100 -189 26 -37 17 119 46 -244 68 -20 12 -93 95 -53 44 -211 -105 -104 61 -139 10 147 -10 115 17 -336 217 -28 125 -72 396 275 47 61 35 74 188 -126 -39 -118 25]
[748 -371 474 378 462 -266 60 279 -10 131 -92 288 -90 -122 366 163 -133 -149 -190 205 -107 17 -83 -77 -102 -213 -192 174 -47 -18 298 44 135 -77 -43 -238 16 -373 59 18 -223 -190 118 -162 259 198 -117 86 -162 254 -378 -84 -168 -142 -132 64 -137 234 -16 -45 -295 -29 -249 -81 -143 4 -152 6 68 92 52 10 -216 -211 249 109 -2 52 99 17 77 278 -36 -18 -3 15 63 -163 -120 164 -47 -177 -69 164 12 83 -193 -348 -193 108 22 152 -53 -60 -274 177 0 139 -12 -263 276 56 -178 16 -199 203 115 137 136 33 7 -267 -304 -224 -22 113 114 -54 69 -167 140 -221 262 -126 53 125 148 -219 224 -134 -351 42 -1 -289 228 -33 159 241 -136 -4 -62 -7 342 292 -27 122]
[663 -757 676 -698 -360 -766 251 -235 -327 238 -270 97 -178 72 14 43 232 -164 -86 109 211 304 -242 15 84 177 64 78 -153 610 -71 205 299 86 -13 -62 -223 266 116 95 78 -207 92 244 301 -43 71 -32 -86 114 -138 -215 -142 -165 13 -264 157 382 248 105 -56 261 104 -289 201 -311 227 143 -237 -235 271 67 -159 -111 68 -44 -10 13 106 -178 -145 39 112 60 14 -64 -265 163 -40 389 254 56 -86 191 -42 133 83 -5 71 86 78 -58 -125 111 -12 124 -33 -288 69 227 134 214 327 -174 119 159 205 -215 -122 91 79 296 28 119 -264 -156 -172 21 131 -110 273 173 -121 -150 -175 -6 230 -132 230 102 -25 -177 -10 -182 351 -183 216 -130 -205 -119 -1 -187 117 161 214 81]
[527 773 363 -154 -30 -499 169 -159 64 91 -215 152 167 88 -221 -98 154 -448 -179 -290 162 103 8 -141 -162 56 212 56 2 215 193 -40 -311 -488 78 -213 119 79 181 -92 -243 91 312 11 174 -75 -73 100 172 -49 140 -226 318 -242 327 -297 202 -221 16 -193 66 -92 -100 82 288 -13 66 97 5 -60 259 102 -184 24 81 59 214 103 5 140 109 -67 -56 -217 35 -272 -176 -283 -158 -135 60 -79 11 -18 -131 66 303 -13 -82 7 12 25 158 74 175 92 99 143 -148 71 28 -245 -79 -39 151 36 178 40 -217 -542 -65 -227 54 -147 147 145 -94 -14 -191 15 0 -299 231 -197 -31 -47 -135 -356 -381 89 -104 -392 -107 -162 75 -31 1 -52 3 101 -1 48 40 177 -205 164]
[-382 -267 -280 760 516 -224 19 227 419 -25 250 50 -103 76 -153 -160 -4 192 -311 -11 284 -397 243 -186 -42 175 262 168 142 215 26 -76 219 -28 105 -365 -186 140 202 -37 -126 173 -212 -172 3 61 -188 205 7 -218 336 166 198 62 -45 -216 -38 -101 -70 235 74 17 -140 -45 148 -31 -131 75 162 52 228 -14 38 134 283 106 -159 -379 82 52 18 -298 -434 264 -189 -253 43 -103 -380 -266 -2 270 -201 -10 25 14 204 -29 153 -188 -61 -85 23 139 -170 152 -71 20 -59 202 -131 179 -72 -46 -115 83 -65 151 -188 -425 121 144 43 250 -178 484 178 156 30 212 57 2 81 -160 -70 244 177 140 -193 -53 -125 15 -102 189 -62 46 274 10 346 80 48 -1 60 -70 -155 136]
[-310 296 -199 -149 -130 -685 311 -189 -243 198 53 40 9 55 -36 159 10 -71 272 -5 129 -251 -194 265 1 -273 -8 104 161 -232 30 -90 62 95 23 -12 -131 94 -186 -32 237 17 100 179 34 6 12 -15 225 40 -111 28 -37 -66 481 -31 71 160 -216 -194 -279 36 66 89 -182 -109 284 148 -71 109 -319 -245 84 -106 -166 242 40 55 -147 2 235 -171 27 -380 -276 43 -202 71 29 -155 9 232 -27 124 -72 327 -418 181 -41 30 -62 -88 -23 182 127 -195 -63 -52 -277 78 80 305 -130 -86 74 400 -50 12 -34 123 -298 -130 125 63 163 -80 -88 111 -26 -84 125 291 330 -142 -19 -71 42 185 -37 -5 7 75 -121 24 80 -197 -120 -156 -99 98 -65 -100 122 7 -210 -49]
[-728 651 440 -500 206 589 -116 95 56 -31 34 -91 -186 26 -23 -311 212 -120 -90 152 67 145 -94 -113 -32 33 21 107 93 7 82 -189 301 57 111 69 143 -393 381 -42 -115 24 -27 209 -117 356 240 -28 -77 35 -247 -80 -249 -139 -150 -90 -135 79 12 -155 344 -203 60 218 288 138 -111 -24 134 -92 98 -16 -211 -181 114 -113 412 -244 197 47 -141 136 -307 -80 81 79 59 -112 308 -22 -269 107 108 143 -277 206 5 -105 -247 -156 -187 92 -181 -84 -6 43 3 34 -69 161 16 -92 -13 -116 -299 40 54 -115 -253 -48 -6 -305 -249 -76 -20 66 -41 -86 11 53 79 -72 179 -145 -135 162 -100 -125 -79 -108 -20 112 88 68 196 310 17 229 -49 42 86 174 262 259 229 26]
[226 315 -210 344 19 703 380 -79 -348 55 -117 -250 256 74 -117 -111 57 -100 582 147 62 190 65 144 68 260 150 34 53 -172 -341 226 208 209 4 -159 236 40 11 75 96 -113 -58 -143 31 -68 113 -45 -130 -12 -148 -183 -6 282 -1 384 15 -212 33 -91 78 44 381 -95 -51 187 49 -214 -234 118 363 -200 90 318 -144 192 108 118 57 35 -48 -353 238 -80 6 -43 -157 -123 434 41 182 -219 -51 -45 164 -348 -70 37 82 -148 -58 -198 18 14 123 -65 86 -164 -131 202 -98 -275 23 313 -179 -161 -123 -3 -25 37 391 1 256 251 -90 -293 51 -157 70 170 73 141 20 -183 23 -135 247 103 -221 -256 -45 87 185 161 -236 17 16 -93 -3 172 -38 307 -256 -79 187 -141]]