[[1792154179075255048298693135275969810372696363383449308933608274821259491881503022396218383379372921740591041023720373302937636820663361 0 0 0 0 0 0 0 0 0 0 0 0 0 0 0 0 0 0 0 0 0 0 0 0 0 0 0 0 0 0 0 0 0 0 0 0 0 0 0 0 0 0 0 0]
[1475174899739719092978076560223213216993718701592781830722141480447321581138027270930589171113160948661616483241951159968147116741432781 1 0 0 0 0 0 0 0 0 0 0 0 0 0 0 0 0 0 0 0 0 0 0 0 0 0 0 0 0 0 0 0 0 0 0 0 0 0 0 0 0 0 0 0]
[1454018734371155340900856341815958823030474097415447743700341663356423896129213709747788390665936032561434467378830801253282043908358646 0 1 0 0 0 0 0 0 0 0 0 0 0 0 0 0 0 0 0 0 0 0 0 0 0 0 0 0 0 0 0 0 0 0 0 0 0 0 0 0 0 0 0 0]
[767652117691540195749502238773678747006245677092869554228790067625076091355609908580434929437719115244858771358594500239639998684496553 0 0 1 0 0 0 0 0 0 0 0 0 0 0 0 0 0 0 0 0 0 0 0 0 0 0 0 0 0 0 0 0 0 0 0 0 0 0 0 0 0 0 0 0]
[656805379995214399053679953066536060999976032596430698585888046436078216743488084099871355466773991741179964119885622185158900593774013 0 0 0 1 0 0 0 0 0 0 0 0 0 0 0 0 0 0 0 0 0 0 0 0 0 0 0 0 0 0 0 0 0 0 0 0 0 0 0 0 0 0 0 0]
[1657594529635016843139501976409901493473670944882402010313891362967886116610909006143690190485727356553841437923083682174027704698330048 0 0 0 0 1 0 0 0 0 0 0 0 0 0 0 0 0 0 0 0 0 0 0 0 0 0 0 0 0 0 0 0 0 0 0 0 0 0 0 0 0 0 0 0]
[1770542930514884045755759597368201470780015644187522812502461800438560545153180665992288928661076461090680285971894085960800640860235876 0 0 0 0 0 1 0 0 0 0 0 0 0 0 0 0 0 0 0 0 0 0 0 0 0 0 0 0 0 0 0 0 0 0 0 0 0 0 0 0 0 0 0 0]
[1327640134431556867470919270411353219140354423237825954241858486571707421709995857640438909672874299313227596453378509596708100185327015 0 0 0 0 0 0 1 0 0 0 0 0 0 0 0 0 0 0 0 0 0 0 0 0 0 0 0 0 0 0 0 0 0 0 0 0 0 0 0 0 0 0 0 0]
[1510748158285205428388441281456270049633835678590626338531202297617559786485926016250777391276752463279476506283039460473645210348588923 0 0 0 0 0 0 0 1 0 0 0 0 0 0 0 0 0 0 0 0 0 0 0 0 0 0 0 0 0 0 0 0 0 0 0 0 0 0 0 0 0 0 0 0]
[802038330442204598889431708683737365422359992274484116113580539975954906563437307339148875293524350407298329355613204649872234393820251 0 0 0 0 0 0 0 0 1 0 0 0 0 0 0 0 0 0 0 0 0 0 0 0 0 0 0 0 0 0 0 0 0 0 0 0 0 0 0 0 0 0 0 0]
[848621881032301907081953143156792630719317187200908048155574904130634752221313968578417861956922610898301044272880046043161374419930701 0 0 0 0 0 0 0 0 0 1 0 0 0 0 0 0 0 0 0 0 0 0 0 0 0 0 0 0 0 0 0 0 0 0 0 0 0 0 0 0 0 0 0 0]
[1773903887499120336078886856251120725440996422849459122266961614616111961093754208915378420830012182699782756626752625457779732651317879 0 0 0 0 0 0 0 0 0 0 1 0 0 0 0 0 0 0 0 0 0 0 0 0 0 0 0 0 0 0 0 0 0 0 0 0 0 0 0 0 0 0 0 0]
[1046368848453946946935148530749947298976127569743330207105861089963345074620787512193662975108828571046035027451154932781288581174394865 0 0 0 0 0 0 0 0 0 0 0 1 0 0 0 0 0 0 0 0 0 0 0 0 0 0 0 0 0 0 0 0 0 0 0 0 0 0 0 0 0 0 0 0]
[276828916458267875432349265280243616582888509411992462148218666995440417248843128878109556858200160676612299200938317308982725412040949 0 0 0 0 0 0 0 0 0 0 0 0 1 0 0 0 0 0 0 0 0 0 0 0 0 0 0 0 0 0 0 0 0 0 0 0 0 0 0 0 0 0 0 0]
[1100503917194063634540626623856979466105078142998956097893018219994270671936264053740693022323944893847083588716883045368063092311570761 0 0 0 0 0 0 0 0 0 0 0 0 0 1 0 0 0 0 0 0 0 0 0 0 0 0 0 0 0 0 0 0 0 0 0 0 0 0 0 0 0 0 0 0]
[805584047046736078830830628200616966162659130712665267540384254219774707323764908095160928253346061928495051709552656617166845671322235 0 0 0 0 0 0 0 0 0 0 0 0 0 0 1 0 0 0 0 0 0 0 0 0 0 0 0 0 0 0 0 0 0 0 0 0 0 0 0 0 0 0 0 0]
[838787384315422442643639948473783916075048294312936067553411141547448062466431906909066015014075017372788516976648619715810257303843388 0 0 0 0 0 0 0 0 0 0 0 0 0 0 0 1 0 0 0 0 0 0 0 0 0 0 0 0 0 0 0 0 0 0 0 0 0 0 0 0 0 0 0 0]
[1728372986858424335351254922693642350854099756844671824102371597066248562209070426482284314824814065115261165808864362167835180264045857 0 0 0 0 0 0 0 0 0 0 0 0 0 0 0 0 1 0 0 0 0 0 0 0 0 0 0 0 0 0 0 0 0 0 0 0 0 0 0 0 0 0 0 0]
[1263970643247515573035144980912652636445979310988702259362892264739302734261792569602309514757420038914129150692613224492300260088351673 0 0 0 0 0 0 0 0 0 0 0 0 0 0 0 0 0 1 0 0 0 0 0 0 0 0 0 0 0 0 0 0 0 0 0 0 0 0 0 0 0 0 0 0]
[277355491260221502871425099123006302209238298396385196290241318224852735450847121989809400804053432518510244139890742810942367038987331 0 0 0 0 0 0 0 0 0 0 0 0 0 0 0 0 0 0 1 0 0 0 0 0 0 0 0 0 0 0 0 0 0 0 0 0 0 0 0 0 0 0 0 0]
[857524287204154012526606581129111099605515985375746636715940684709677257861243693523819598200475398455567335132802067320949666295411581 0 0 0 0 0 0 0 0 0 0 0 0 0 0 0 0 0 0 0 1 0 0 0 0 0 0 0 0 0 0 0 0 0 0 0 0 0 0 0 0 0 0 0 0]
[113467344527815823984445655377831708184071394416333842175101414265671060464912749551492527795273833437894534027913697865463062425419163 0 0 0 0 0 0 0 0 0 0 0 0 0 0 0 0 0 0 0 0 1 0 0 0 0 0 0 0 0 0 0 0 0 0 0 0 0 0 0 0 0 0 0 0]
[1519139819784588583952863375444302891557304300810705726682507627758918272464962517497057605807547570227810814400746669045889908687824293 0 0 0 0 0 0 0 0 0 0 0 0 0 0 0 0 0 0 0 0 0 1 0 0 0 0 0 0 0 0 0 0 0 0 0 0 0 0 0 0 0 0 0 0]
[1549593388194387004221612528653870707736238952813321204289760413555865798432099694318759375824955675636417915548092496923267475987054913 0 0 0 0 0 0 0 0 0 0 0 0 0 0 0 0 0 0 0 0 0 0 1 0 0 0 0 0 0 0 0 0 0 0 0 0 0 0 0 0 0 0 0 0]
[607697106475737789243603835161287719327554006713410879526263492006296127518023934405550509652596578435127444436707673910711869047747479 0 0 0 0 0 0 0 0 0 0 0 0 0 0 0 0 0 0 0 0 0 0 0 1 0 0 0 0 0 0 0 0 0 0 0 0 0 0 0 0 0 0 0 0]
[248223684974428818723424448668863888856628678926813406891221262735207974278192820553243763190056875439133588667715703886858282806082084 0 0 0 0 0 0 0 0 0 0 0 0 0 0 0 0 0 0 0 0 0 0 0 0 1 0 0 0 0 0 0 0 0 0 0 0 0 0 0 0 0 0 0 0]
[776660172837193225834797217897202018466926172781371503337827643079130575448177170170290562132052439226995950079862267462812977356898142 0 0 0 0 0 0 0 0 0 0 0 0 0 0 0 0 0 0 0 0 0 0 0 0 0 1 0 0 0 0 0 0 0 0 0 0 0 0 0 0 0 0 0 0]
[131430297242641534769275148300628963129052682427504064956914761690915576687188227696546433709570550420516743493641013323349553716870074 0 0 0 0 0 0 0 0 0 0 0 0 0 0 0 0 0 0 0 0 0 0 0 0 0 0 1 0 0 0 0 0 0 0 0 0 0 0 0 0 0 0 0 0]
[1298894637579091506161335435455529779381851514237494709463221870173547260890676593514328110813381193754553068062000858411323805023000387 0 0 0 0 0 0 0 0 0 0 0 0 0 0 0 0 0 0 0 0 0 0 0 0 0 0 0 1 0 0 0 0 0 0 0 0 0 0 0 0 0 0 0 0]
[627366100967142445234203609526262034538366024291476620194093798638743081147187986361596594105210587265679609769770317868880645031157394 0 0 0 0 0 0 0 0 0 0 0 0 0 0 0 0 0 0 0 0 0 0 0 0 0 0 0 0 1 0 0 0 0 0 0 0 0 0 0 0 0 0 0 0]
[1595694436787700979105157700082349644523523247676845674785695180574856029179237039018647518032545047743817289969511694039632573816468637 0 0 0 0 0 0 0 0 0 0 0 0 0 0 0 0 0 0 0 0 0 0 0 0 0 0 0 0 0 1 0 0 0 0 0 0 0 0 0 0 0 0 0 0]
[251290079560931781441795778242445763074185016629965242897096496576772464837823910734184966715099645706091556345629126127000104338277334 0 0 0 0 0 0 0 0 0 0 0 0 0 0 0 0 0 0 0 0 0 0 0 0 0 0 0 0 0 0 1 0 0 0 0 0 0 0 0 0 0 0 0 0]
[959034276796538244467440700051208107523012154891938955739876869972986735207431090574800065356000928827445407617795052618505320050842713 0 0 0 0 0 0 0 0 0 0 0 0 0 0 0 0 0 0 0 0 0 0 0 0 0 0 0 0 0 0 0 1 0 0 0 0 0 0 0 0 0 0 0 0]
[1178252061579995209120939401430549327465117305959851039524350539615281535728627075290365499443352125539012856810051839144547227925538938 0 0 0 0 0 0 0 0 0 0 0 0 0 0 0 0 0 0 0 0 0 0 0 0 0 0 0 0 0 0 0 0 1 0 0 0 0 0 0 0 0 0 0 0]
[670862507908584863383510229079339481091738671875795874193419721209019463032340347827095921542589728958708281915284605599811528751956789 0 0 0 0 0 0 0 0 0 0 0 0 0 0 0 0 0 0 0 0 0 0 0 0 0 0 0 0 0 0 0 0 0 1 0 0 0 0 0 0 0 0 0 0]
[679028130676656969917508575836878471278910827203498801132333549278856247688917475774004642196931005016078583791264948227676766606754469 0 0 0 0 0 0 0 0 0 0 0 0 0 0 0 0 0 0 0 0 0 0 0 0 0 0 0 0 0 0 0 0 0 0 1 0 0 0 0 0 0 0 0 0]
[1665875548093174976305905422980305111452387596249443746518106377968677075287144693606881049415702813456160529841127697949049256131496170 0 0 0 0 0 0 0 0 0 0 0 0 0 0 0 0 0 0 0 0 0 0 0 0 0 0 0 0 0 0 0 0 0 0 0 1 0 0 0 0 0 0 0 0]
[1346604111408182229815114509650435060460356567050797929001984220105952725415832240931008437317775587272895750664098979241872922039777763 0 0 0 0 0 0 0 0 0 0 0 0 0 0 0 0 0 0 0 0 0 0 0 0 0 0 0 0 0 0 0 0 0 0 0 0 1 0 0 0 0 0 0 0]
[1015782427774177928091623887279410694792811048733121684804268221430858863983510741059931870900541856723719202630666372940329064155954927 0 0 0 0 0 0 0 0 0 0 0 0 0 0 0 0 0 0 0 0 0 0 0 0 0 0 0 0 0 0 0 0 0 0 0 0 0 1 0 0 0 0 0 0]
[667725830230009568327885308324688369089476220258107779646420990333252448888550335444494221335794625017260297260284994160218283636083668 0 0 0 0 0 0 0 0 0 0 0 0 0 0 0 0 0 0 0 0 0 0 0 0 0 0 0 0 0 0 0 0 0 0 0 0 0 0 1 0 0 0 0 0]
[1159615135180272675283038350405323383041245998774568910855516315838747772290111961550489375232801116158641144472472718466402418229090249 0 0 0 0 0 0 0 0 0 0 0 0 0 0 0 0 0 0 0 0 0 0 0 0 0 0 0 0 0 0 0 0 0 0 0 0 0 0 0 1 0 0 0 0]
[1609637070888034308669285978731900163230447491249812708273770459143570008758281860047671693845046221759162468266127160961563521681429992 0 0 0 0 0 0 0 0 0 0 0 0 0 0 0 0 0 0 0 0 0 0 0 0 0 0 0 0 0 0 0 0 0 0 0 0 0 0 0 0 1 0 0 0]
[390952592379730252853021640126331872498970826051345506953831249163037077029260257640585522889046062249753230158523504237253553190725258 0 0 0 0 0 0 0 0 0 0 0 0 0 0 0 0 0 0 0 0 0 0 0 0 0 0 0 0 0 0 0 0 0 0 0 0 0 0 0 0 0 1 0 0]
[15244277580506862681578023315923851496391567360513830129888124128141858877128486022746152513004415639890837724230021448420047269244803 0 0 0 0 0 0 0 0 0 0 0 0 0 0 0 0 0 0 0 0 0 0 0 0 0 0 0 0 0 0 0 0 0 0 0 0 0 0 0 0 0 0 1 0]
[1108290407334765046197928306973841114793519942979393813623154075751970227875527541614249613502081215217115234160131734658137528106138542 0 0 0 0 0 0 0 0 0 0 0 0 0 0 0 0 0 0 0 0 0 0 0 0 0 0 0 0 0 0 0 0 0 0 0 0 0 0 0 0 0 0 0 1]
]
