10
100
101
0.005
[ 40 100 21 74 7 60 87 23 25 65 17 34 74 76 98 1 83 30 25 8 81 70 76 6 87 41 30 32 56 9 43 27 77 58 69 42 36 74 95 76 23 96 81 54 46 5 93 49 31 31 90 7 14 64 16 48 84 83 64 83 34 99 22 25 28 69 52 57 98 59 46 59 57 93 96 90 46 65 75 13 5 0 7 11 74 60 87 71 16 57 59 69 75 14 97 92 92 25 6 28 ]
[  24  10  34  11   5  67 68  84 101  33 ]
[ 100  99  19  27  58  85 49  96  45  60 ]
[  43  56  24  95  49   0 89  18  30  82 ]
[   4  40  69  73   8  28 17  10  62  73 ]
[  21  20  77  75   0  98 32  54  58  43 ]
[  98  82  93   4  70  41 74  14  19  42 ]
[   6  62  78  73  10  14 68  83  34  73 ]
[  88  48  60  90  44  11  0  10  98   4 ]
[  64  77  20  76  95  70 56  15  41  21 ]
[  89  18  42  43  58   1 49  76  11  78 ]
[  62  92  62  17  82   9 39  10  79  39 ]
[  70  14  85  40  66  52 31  11  11  20 ]
[  74  12  80  25  81  57 26  58  59  54 ]
[  89  63  69 101   0  31 25  49  34  69 ]
[  46  50  14   5  80  21 45  82  33  50 ]
[  75  76   7  29  72  71 48  24  76  32 ]
[  36  19  38  64  10  27 71 101   3  50 ]
[   5  71  15  95  61  72 47  68  63   9 ]
[  31   9 101   7  10 101 89  38  34  35 ]
[ 101   7  60   1   3  14 14  22  36  57 ]
[   1  88  87  91  25   0 89  74   8  62 ]
[   2  48  29  50  97  28 26  14  61  61 ]
[  11  17  47  15  74   7 98  45  63  88 ]
[   4  15  76  20  86  46 22  48  57  26 ]
[  32  65  96  72  79  65 49  48  41  98 ]
[  75  12  36  92  58  94 98   8  22  65 ]
[  16 101  34  17  82 100 63  20  58  49 ]
[  53  64  80  88  15  17  5  21  15  63 ]
[  94   6  66  63  24  52 93   4  13  33 ]
[  55  74  40  84  89  24 57  72  20  21 ]
[  66  10  71  28  72  75 10  18  70  68 ]
[  97  70  60  40  15  95  8  90  37  40 ]
[  93  78  54  77  64  49  5  60  33  42 ]
[  62  47   8  28  16  97 63  14  89  92 ]
[  64  86  27 100  69  75 86  58  18  50 ]
[  32  15  27  49  92  99 92   1   7  27 ]
[   2  81  82  73  64  23 27  26  91  24 ]
[  77  91  63  61  82  77  3  77  75  86 ]
[  86  31  21  61  27   8 52   2  57  30 ]
[  16   7  59  72  54  59 70  63  61  29 ]
[  69  57  67  53  11  96 49   7  88  26 ]
[  88  49  82  13  36  28 34  89  80   4 ]
[  77   3  17  83  37  51 91  59  60  31 ]
[  51  39  92  22  73  64  6  13  27  59 ]
[  16  73  92  59  27  97 34  21  12  13 ]
[  57  62  70  89   9  54 18   5  49  41 ]
[  26   7  17  81  25  65 67   1  60   1 ]
[ 100  48  56  46  23  65 74  67  56   5 ]
[  72  68  62  54 100   0 59  40  22  42 ]
[  81  84  46  58  18  66 77  29  63  48 ]
[  49  39  48  18  79  19 38  59  89  50 ]
[  85  79  32  41  49  16 39  89  68  38 ]
[   7  63  35  41  90  11 27  83  11  18 ]
[  19  51  60  70  88  72 79   9  65  49 ]
[  75  88  11  10  24  60 11  79  34  73 ]
[  42  57  76   7  68  23 66  10  88  48 ]
[  97  41  71  54  25   9 15  89  24   0 ]
[  13  28  36  78  39  42 13  59  44  59 ]
[  45  94  97  26  26  76  0  64  73  36 ]
[   5  42  66  32  37  21 13   9 101  20 ]
[  96  88  50  33  12  36 44  63  88  31 ]
[  39  86  71   6  46  42 14  25  17  75 ]
[   8   8  47  96  95  66  5  11   7   8 ]
[  39  46  28  27  16  42 35  89  78  31 ]
[ 101  85   5   2  56  47 36 101  30  77 ]
[  31  25  58  71  78   8  3  21  71  70 ]
[  21  74  63  33  51  84 82  96  58  11 ]
[  74  18  51  61   9  35 20 100  17 100 ]
[  71  37  44  97  52  51 33   4   6  10 ]
[   3  37  88  81  74  47 97  88  98  68 ]
[  38  43   1  42   2  98 88   0  74   8 ]
[  76  89  93  66   2  64 53  59  79  58 ]
[  27  48  55  54  84  20  8  50  14  58 ]
[  95  99  93  22  54 101 65  44   8  98 ]
[  18  54   2  24  88 101 60  49  41  53 ]
[  93  20  49  86  92  56 62   8  24  97 ]
[  28  96   8  25  63  56 74  29  74  37 ]
[  59  97  95  10   5  46 82  89  49  55 ]
[   1  56  27  86  46  26 12  25  94  24 ]
[  10  63  46  38  40   5 79  56   8  73 ]
[   4  22  93  30  41  73 25  78  61  81 ]
[  30  62  72  70  14  75 76  41  57  42 ]
[  66  28  23 100  80  53 41  13  69  83 ]
[  11  62  36  42  69  33 46 101  26  90 ]
[  62  32  15   2  49  40 69  36  62  38 ]
[  63  74  83  46  13  40 55  12  95  39 ]
[  27  88  71  83  84  17 54  42  36  56 ]
[  48  57  48  63  87  36  9  20  62  52 ]
[  32  77  55  64  87   9 17  63  76  17 ]
[  76  88  87  36  87  17  1  58  32  71 ]
[  73  71  21  31  71  24 47  78  60  41 ]
[  32  81  21  80  43  33 54  52   6  25 ]
[  59  19  62  17  93  57 64  43   2  49 ]
[  39  22  88  46  99  92 16  62  42  79 ]
[  40  31  12  46   0  86 73  69  58  98 ]
[  69   9  39   2  80  43 27  59  46  73 ]
[  93  76  50  36  86  92 98  87  51  66 ]
[  58  97  85   0  80  96 23  33  26  70 ]
[  94  15  84  42  36  69 97 100  52  62 ]
[  49  32  31  36  82  89 41  13  67  29 ]
