40
155
1601
0.015
[[1601 0 0 0 0 0 0 0 0 0 0 0 0 0 0 0 0 0 0 0 0 0 0 0 0 0 0 0 0 0 0 0 0 0 0 0 0 0 0 0 0 0 0 0 0 0 0 0 0 0 0 0 0 0 0 0 0 0 0 0 0 0 0 0 0 0 0 0 0 0 0 0 0 0 0 0 0 0 0 0 0 0 0 0 0 0 0 0 0 0 0 0 0 0 0 0 0 0 0 0 0 0 0 0 0 0 0 0 0 0 0 0 0 0 0 0 0 0 0 0 0 0 0 0 0 0 0 0 0 0 0 0 0 0 0 0 0 0 0 0 0 0 0 0 0 0 0 0 0 0 0 0 0 0 0 0]
[0 1601 0 0 0 0 0 0 0 0 0 0 0 0 0 0 0 0 0 0 0 0 0 0 0 0 0 0 0 0 0 0 0 0 0 0 0 0 0 0 0 0 0 0 0 0 0 0 0 0 0 0 0 0 0 0 0 0 0 0 0 0 0 0 0 0 0 0 0 0 0 0 0 0 0 0 0 0 0 0 0 0 0 0 0 0 0 0 0 0 0 0 0 0 0 0 0 0 0 0 0 0 0 0 0 0 0 0 0 0 0 0 0 0 0 0 0 0 0 0 0 0 0 0 0 0 0 0 0 0 0 0 0 0 0 0 0 0 0 0 0 0 0 0 0 0 0 0 0 0 0 0 0 0 0 0]
[0 0 1601 0 0 0 0 0 0 0 0 0 0 0 0 0 0 0 0 0 0 0 0 0 0 0 0 0 0 0 0 0 0 0 0 0 0 0 0 0 0 0 0 0 0 0 0 0 0 0 0 0 0 0 0 0 0 0 0 0 0 0 0 0 0 0 0 0 0 0 0 0 0 0 0 0 0 0 0 0 0 0 0 0 0 0 0 0 0 0 0 0 0 0 0 0 0 0 0 0 0 0 0 0 0 0 0 0 0 0 0 0 0 0 0 0 0 0 0 0 0 0 0 0 0 0 0 0 0 0 0 0 0 0 0 0 0 0 0 0 0 0 0 0 0 0 0 0 0 0 0 0 0 0 0 0]
[0 0 0 1601 0 0 0 0 0 0 0 0 0 0 0 0 0 0 0 0 0 0 0 0 0 0 0 0 0 0 0 0 0 0 0 0 0 0 0 0 0 0 0 0 0 0 0 0 0 0 0 0 0 0 0 0 0 0 0 0 0 0 0 0 0 0 0 0 0 0 0 0 0 0 0 0 0 0 0 0 0 0 0 0 0 0 0 0 0 0 0 0 0 0 0 0 0 0 0 0 0 0 0 0 0 0 0 0 0 0 0 0 0 0 0 0 0 0 0 0 0 0 0 0 0 0 0 0 0 0 0 0 0 0 0 0 0 0 0 0 0 0 0 0 0 0 0 0 0 0 0 0 0 0 0 0]
[0 0 0 0 1601 0 0 0 0 0 0 0 0 0 0 0 0 0 0 0 0 0 0 0 0 0 0 0 0 0 0 0 0 0 0 0 0 0 0 0 0 0 0 0 0 0 0 0 0 0 0 0 0 0 0 0 0 0 0 0 0 0 0 0 0 0 0 0 0 0 0 0 0 0 0 0 0 0 0 0 0 0 0 0 0 0 0 0 0 0 0 0 0 0 0 0 0 0 0 0 0 0 0 0 0 0 0 0 0 0 0 0 0 0 0 0 0 0 0 0 0 0 0 0 0 0 0 0 0 0 0 0 0 0 0 0 0 0 0 0 0 0 0 0 0 0 0 0 0 0 0 0 0 0 0 0]
[0 0 0 0 0 1601 0 0 0 0 0 0 0 0 0 0 0 0 0 0 0 0 0 0 0 0 0 0 0 0 0 0 0 0 0 0 0 0 0 0 0 0 0 0 0 0 0 0 0 0 0 0 0 0 0 0 0 0 0 0 0 0 0 0 0 0 0 0 0 0 0 0 0 0 0 0 0 0 0 0 0 0 0 0 0 0 0 0 0 0 0 0 0 0 0 0 0 0 0 0 0 0 0 0 0 0 0 0 0 0 0 0 0 0 0 0 0 0 0 0 0 0 0 0 0 0 0 0 0 0 0 0 0 0 0 0 0 0 0 0 0 0 0 0 0 0 0 0 0 0 0 0 0 0 0 0]
[0 0 0 0 0 0 1601 0 0 0 0 0 0 0 0 0 0 0 0 0 0 0 0 0 0 0 0 0 0 0 0 0 0 0 0 0 0 0 0 0 0 0 0 0 0 0 0 0 0 0 0 0 0 0 0 0 0 0 0 0 0 0 0 0 0 0 0 0 0 0 0 0 0 0 0 0 0 0 0 0 0 0 0 0 0 0 0 0 0 0 0 0 0 0 0 0 0 0 0 0 0 0 0 0 0 0 0 0 0 0 0 0 0 0 0 0 0 0 0 0 0 0 0 0 0 0 0 0 0 0 0 0 0 0 0 0 0 0 0 0 0 0 0 0 0 0 0 0 0 0 0 0 0 0 0 0]
[0 0 0 0 0 0 0 1601 0 0 0 0 0 0 0 0 0 0 0 0 0 0 0 0 0 0 0 0 0 0 0 0 0 0 0 0 0 0 0 0 0 0 0 0 0 0 0 0 0 0 0 0 0 0 0 0 0 0 0 0 0 0 0 0 0 0 0 0 0 0 0 0 0 0 0 0 0 0 0 0 0 0 0 0 0 0 0 0 0 0 0 0 0 0 0 0 0 0 0 0 0 0 0 0 0 0 0 0 0 0 0 0 0 0 0 0 0 0 0 0 0 0 0 0 0 0 0 0 0 0 0 0 0 0 0 0 0 0 0 0 0 0 0 0 0 0 0 0 0 0 0 0 0 0 0 0]
[0 0 0 0 0 0 0 0 1601 0 0 0 0 0 0 0 0 0 0 0 0 0 0 0 0 0 0 0 0 0 0 0 0 0 0 0 0 0 0 0 0 0 0 0 0 0 0 0 0 0 0 0 0 0 0 0 0 0 0 0 0 0 0 0 0 0 0 0 0 0 0 0 0 0 0 0 0 0 0 0 0 0 0 0 0 0 0 0 0 0 0 0 0 0 0 0 0 0 0 0 0 0 0 0 0 0 0 0 0 0 0 0 0 0 0 0 0 0 0 0 0 0 0 0 0 0 0 0 0 0 0 0 0 0 0 0 0 0 0 0 0 0 0 0 0 0 0 0 0 0 0 0 0 0 0 0]
[0 0 0 0 0 0 0 0 0 1601 0 0 0 0 0 0 0 0 0 0 0 0 0 0 0 0 0 0 0 0 0 0 0 0 0 0 0 0 0 0 0 0 0 0 0 0 0 0 0 0 0 0 0 0 0 0 0 0 0 0 0 0 0 0 0 0 0 0 0 0 0 0 0 0 0 0 0 0 0 0 0 0 0 0 0 0 0 0 0 0 0 0 0 0 0 0 0 0 0 0 0 0 0 0 0 0 0 0 0 0 0 0 0 0 0 0 0 0 0 0 0 0 0 0 0 0 0 0 0 0 0 0 0 0 0 0 0 0 0 0 0 0 0 0 0 0 0 0 0 0 0 0 0 0 0 0]
[0 0 0 0 0 0 0 0 0 0 1601 0 0 0 0 0 0 0 0 0 0 0 0 0 0 0 0 0 0 0 0 0 0 0 0 0 0 0 0 0 0 0 0 0 0 0 0 0 0 0 0 0 0 0 0 0 0 0 0 0 0 0 0 0 0 0 0 0 0 0 0 0 0 0 0 0 0 0 0 0 0 0 0 0 0 0 0 0 0 0 0 0 0 0 0 0 0 0 0 0 0 0 0 0 0 0 0 0 0 0 0 0 0 0 0 0 0 0 0 0 0 0 0 0 0 0 0 0 0 0 0 0 0 0 0 0 0 0 0 0 0 0 0 0 0 0 0 0 0 0 0 0 0 0 0 0]
[0 0 0 0 0 0 0 0 0 0 0 1601 0 0 0 0 0 0 0 0 0 0 0 0 0 0 0 0 0 0 0 0 0 0 0 0 0 0 0 0 0 0 0 0 0 0 0 0 0 0 0 0 0 0 0 0 0 0 0 0 0 0 0 0 0 0 0 0 0 0 0 0 0 0 0 0 0 0 0 0 0 0 0 0 0 0 0 0 0 0 0 0 0 0 0 0 0 0 0 0 0 0 0 0 0 0 0 0 0 0 0 0 0 0 0 0 0 0 0 0 0 0 0 0 0 0 0 0 0 0 0 0 0 0 0 0 0 0 0 0 0 0 0 0 0 0 0 0 0 0 0 0 0 0 0 0]
[0 0 0 0 0 0 0 0 0 0 0 0 1601 0 0 0 0 0 0 0 0 0 0 0 0 0 0 0 0 0 0 0 0 0 0 0 0 0 0 0 0 0 0 0 0 0 0 0 0 0 0 0 0 0 0 0 0 0 0 0 0 0 0 0 0 0 0 0 0 0 0 0 0 0 0 0 0 0 0 0 0 0 0 0 0 0 0 0 0 0 0 0 0 0 0 0 0 0 0 0 0 0 0 0 0 0 0 0 0 0 0 0 0 0 0 0 0 0 0 0 0 0 0 0 0 0 0 0 0 0 0 0 0 0 0 0 0 0 0 0 0 0 0 0 0 0 0 0 0 0 0 0 0 0 0 0]
[0 0 0 0 0 0 0 0 0 0 0 0 0 1601 0 0 0 0 0 0 0 0 0 0 0 0 0 0 0 0 0 0 0 0 0 0 0 0 0 0 0 0 0 0 0 0 0 0 0 0 0 0 0 0 0 0 0 0 0 0 0 0 0 0 0 0 0 0 0 0 0 0 0 0 0 0 0 0 0 0 0 0 0 0 0 0 0 0 0 0 0 0 0 0 0 0 0 0 0 0 0 0 0 0 0 0 0 0 0 0 0 0 0 0 0 0 0 0 0 0 0 0 0 0 0 0 0 0 0 0 0 0 0 0 0 0 0 0 0 0 0 0 0 0 0 0 0 0 0 0 0 0 0 0 0 0]
[0 0 0 0 0 0 0 0 0 0 0 0 0 0 1601 0 0 0 0 0 0 0 0 0 0 0 0 0 0 0 0 0 0 0 0 0 0 0 0 0 0 0 0 0 0 0 0 0 0 0 0 0 0 0 0 0 0 0 0 0 0 0 0 0 0 0 0 0 0 0 0 0 0 0 0 0 0 0 0 0 0 0 0 0 0 0 0 0 0 0 0 0 0 0 0 0 0 0 0 0 0 0 0 0 0 0 0 0 0 0 0 0 0 0 0 0 0 0 0 0 0 0 0 0 0 0 0 0 0 0 0 0 0 0 0 0 0 0 0 0 0 0 0 0 0 0 0 0 0 0 0 0 0 0 0 0]
[0 0 0 0 0 0 0 0 0 0 0 0 0 0 0 1601 0 0 0 0 0 0 0 0 0 0 0 0 0 0 0 0 0 0 0 0 0 0 0 0 0 0 0 0 0 0 0 0 0 0 0 0 0 0 0 0 0 0 0 0 0 0 0 0 0 0 0 0 0 0 0 0 0 0 0 0 0 0 0 0 0 0 0 0 0 0 0 0 0 0 0 0 0 0 0 0 0 0 0 0 0 0 0 0 0 0 0 0 0 0 0 0 0 0 0 0 0 0 0 0 0 0 0 0 0 0 0 0 0 0 0 0 0 0 0 0 0 0 0 0 0 0 0 0 0 0 0 0 0 0 0 0 0 0 0 0]
[0 0 0 0 0 0 0 0 0 0 0 0 0 0 0 0 1601 0 0 0 0 0 0 0 0 0 0 0 0 0 0 0 0 0 0 0 0 0 0 0 0 0 0 0 0 0 0 0 0 0 0 0 0 0 0 0 0 0 0 0 0 0 0 0 0 0 0 0 0 0 0 0 0 0 0 0 0 0 0 0 0 0 0 0 0 0 0 0 0 0 0 0 0 0 0 0 0 0 0 0 0 0 0 0 0 0 0 0 0 0 0 0 0 0 0 0 0 0 0 0 0 0 0 0 0 0 0 0 0 0 0 0 0 0 0 0 0 0 0 0 0 0 0 0 0 0 0 0 0 0 0 0 0 0 0 0]
[0 0 0 0 0 0 0 0 0 0 0 0 0 0 0 0 0 1601 0 0 0 0 0 0 0 0 0 0 0 0 0 0 0 0 0 0 0 0 0 0 0 0 0 0 0 0 0 0 0 0 0 0 0 0 0 0 0 0 0 0 0 0 0 0 0 0 0 0 0 0 0 0 0 0 0 0 0 0 0 0 0 0 0 0 0 0 0 0 0 0 0 0 0 0 0 0 0 0 0 0 0 0 0 0 0 0 0 0 0 0 0 0 0 0 0 0 0 0 0 0 0 0 0 0 0 0 0 0 0 0 0 0 0 0 0 0 0 0 0 0 0 0 0 0 0 0 0 0 0 0 0 0 0 0 0 0]
[0 0 0 0 0 0 0 0 0 0 0 0 0 0 0 0 0 0 1601 0 0 0 0 0 0 0 0 0 0 0 0 0 0 0 0 0 0 0 0 0 0 0 0 0 0 0 0 0 0 0 0 0 0 0 0 0 0 0 0 0 0 0 0 0 0 0 0 0 0 0 0 0 0 0 0 0 0 0 0 0 0 0 0 0 0 0 0 0 0 0 0 0 0 0 0 0 0 0 0 0 0 0 0 0 0 0 0 0 0 0 0 0 0 0 0 0 0 0 0 0 0 0 0 0 0 0 0 0 0 0 0 0 0 0 0 0 0 0 0 0 0 0 0 0 0 0 0 0 0 0 0 0 0 0 0 0]
[0 0 0 0 0 0 0 0 0 0 0 0 0 0 0 0 0 0 0 1601 0 0 0 0 0 0 0 0 0 0 0 0 0 0 0 0 0 0 0 0 0 0 0 0 0 0 0 0 0 0 0 0 0 0 0 0 0 0 0 0 0 0 0 0 0 0 0 0 0 0 0 0 0 0 0 0 0 0 0 0 0 0 0 0 0 0 0 0 0 0 0 0 0 0 0 0 0 0 0 0 0 0 0 0 0 0 0 0 0 0 0 0 0 0 0 0 0 0 0 0 0 0 0 0 0 0 0 0 0 0 0 0 0 0 0 0 0 0 0 0 0 0 0 0 0 0 0 0 0 0 0 0 0 0 0 0]
[0 0 0 0 0 0 0 0 0 0 0 0 0 0 0 0 0 0 0 0 1601 0 0 0 0 0 0 0 0 0 0 0 0 0 0 0 0 0 0 0 0 0 0 0 0 0 0 0 0 0 0 0 0 0 0 0 0 0 0 0 0 0 0 0 0 0 0 0 0 0 0 0 0 0 0 0 0 0 0 0 0 0 0 0 0 0 0 0 0 0 0 0 0 0 0 0 0 0 0 0 0 0 0 0 0 0 0 0 0 0 0 0 0 0 0 0 0 0 0 0 0 0 0 0 0 0 0 0 0 0 0 0 0 0 0 0 0 0 0 0 0 0 0 0 0 0 0 0 0 0 0 0 0 0 0 0]
[0 0 0 0 0 0 0 0 0 0 0 0 0 0 0 0 0 0 0 0 0 1601 0 0 0 0 0 0 0 0 0 0 0 0 0 0 0 0 0 0 0 0 0 0 0 0 0 0 0 0 0 0 0 0 0 0 0 0 0 0 0 0 0 0 0 0 0 0 0 0 0 0 0 0 0 0 0 0 0 0 0 0 0 0 0 0 0 0 0 0 0 0 0 0 0 0 0 0 0 0 0 0 0 0 0 0 0 0 0 0 0 0 0 0 0 0 0 0 0 0 0 0 0 0 0 0 0 0 0 0 0 0 0 0 0 0 0 0 0 0 0 0 0 0 0 0 0 0 0 0 0 0 0 0 0 0]
[0 0 0 0 0 0 0 0 0 0 0 0 0 0 0 0 0 0 0 0 0 0 1601 0 0 0 0 0 0 0 0 0 0 0 0 0 0 0 0 0 0 0 0 0 0 0 0 0 0 0 0 0 0 0 0 0 0 0 0 0 0 0 0 0 0 0 0 0 0 0 0 0 0 0 0 0 0 0 0 0 0 0 0 0 0 0 0 0 0 0 0 0 0 0 0 0 0 0 0 0 0 0 0 0 0 0 0 0 0 0 0 0 0 0 0 0 0 0 0 0 0 0 0 0 0 0 0 0 0 0 0 0 0 0 0 0 0 0 0 0 0 0 0 0 0 0 0 0 0 0 0 0 0 0 0 0]
[0 0 0 0 0 0 0 0 0 0 0 0 0 0 0 0 0 0 0 0 0 0 0 1601 0 0 0 0 0 0 0 0 0 0 0 0 0 0 0 0 0 0 0 0 0 0 0 0 0 0 0 0 0 0 0 0 0 0 0 0 0 0 0 0 0 0 0 0 0 0 0 0 0 0 0 0 0 0 0 0 0 0 0 0 0 0 0 0 0 0 0 0 0 0 0 0 0 0 0 0 0 0 0 0 0 0 0 0 0 0 0 0 0 0 0 0 0 0 0 0 0 0 0 0 0 0 0 0 0 0 0 0 0 0 0 0 0 0 0 0 0 0 0 0 0 0 0 0 0 0 0 0 0 0 0 0]
[0 0 0 0 0 0 0 0 0 0 0 0 0 0 0 0 0 0 0 0 0 0 0 0 1601 0 0 0 0 0 0 0 0 0 0 0 0 0 0 0 0 0 0 0 0 0 0 0 0 0 0 0 0 0 0 0 0 0 0 0 0 0 0 0 0 0 0 0 0 0 0 0 0 0 0 0 0 0 0 0 0 0 0 0 0 0 0 0 0 0 0 0 0 0 0 0 0 0 0 0 0 0 0 0 0 0 0 0 0 0 0 0 0 0 0 0 0 0 0 0 0 0 0 0 0 0 0 0 0 0 0 0 0 0 0 0 0 0 0 0 0 0 0 0 0 0 0 0 0 0 0 0 0 0 0 0]
[0 0 0 0 0 0 0 0 0 0 0 0 0 0 0 0 0 0 0 0 0 0 0 0 0 1601 0 0 0 0 0 0 0 0 0 0 0 0 0 0 0 0 0 0 0 0 0 0 0 0 0 0 0 0 0 0 0 0 0 0 0 0 0 0 0 0 0 0 0 0 0 0 0 0 0 0 0 0 0 0 0 0 0 0 0 0 0 0 0 0 0 0 0 0 0 0 0 0 0 0 0 0 0 0 0 0 0 0 0 0 0 0 0 0 0 0 0 0 0 0 0 0 0 0 0 0 0 0 0 0 0 0 0 0 0 0 0 0 0 0 0 0 0 0 0 0 0 0 0 0 0 0 0 0 0 0]
[0 0 0 0 0 0 0 0 0 0 0 0 0 0 0 0 0 0 0 0 0 0 0 0 0 0 1601 0 0 0 0 0 0 0 0 0 0 0 0 0 0 0 0 0 0 0 0 0 0 0 0 0 0 0 0 0 0 0 0 0 0 0 0 0 0 0 0 0 0 0 0 0 0 0 0 0 0 0 0 0 0 0 0 0 0 0 0 0 0 0 0 0 0 0 0 0 0 0 0 0 0 0 0 0 0 0 0 0 0 0 0 0 0 0 0 0 0 0 0 0 0 0 0 0 0 0 0 0 0 0 0 0 0 0 0 0 0 0 0 0 0 0 0 0 0 0 0 0 0 0 0 0 0 0 0 0]
[0 0 0 0 0 0 0 0 0 0 0 0 0 0 0 0 0 0 0 0 0 0 0 0 0 0 0 1601 0 0 0 0 0 0 0 0 0 0 0 0 0 0 0 0 0 0 0 0 0 0 0 0 0 0 0 0 0 0 0 0 0 0 0 0 0 0 0 0 0 0 0 0 0 0 0 0 0 0 0 0 0 0 0 0 0 0 0 0 0 0 0 0 0 0 0 0 0 0 0 0 0 0 0 0 0 0 0 0 0 0 0 0 0 0 0 0 0 0 0 0 0 0 0 0 0 0 0 0 0 0 0 0 0 0 0 0 0 0 0 0 0 0 0 0 0 0 0 0 0 0 0 0 0 0 0 0]
[0 0 0 0 0 0 0 0 0 0 0 0 0 0 0 0 0 0 0 0 0 0 0 0 0 0 0 0 1601 0 0 0 0 0 0 0 0 0 0 0 0 0 0 0 0 0 0 0 0 0 0 0 0 0 0 0 0 0 0 0 0 0 0 0 0 0 0 0 0 0 0 0 0 0 0 0 0 0 0 0 0 0 0 0 0 0 0 0 0 0 0 0 0 0 0 0 0 0 0 0 0 0 0 0 0 0 0 0 0 0 0 0 0 0 0 0 0 0 0 0 0 0 0 0 0 0 0 0 0 0 0 0 0 0 0 0 0 0 0 0 0 0 0 0 0 0 0 0 0 0 0 0 0 0 0 0]
[0 0 0 0 0 0 0 0 0 0 0 0 0 0 0 0 0 0 0 0 0 0 0 0 0 0 0 0 0 1601 0 0 0 0 0 0 0 0 0 0 0 0 0 0 0 0 0 0 0 0 0 0 0 0 0 0 0 0 0 0 0 0 0 0 0 0 0 0 0 0 0 0 0 0 0 0 0 0 0 0 0 0 0 0 0 0 0 0 0 0 0 0 0 0 0 0 0 0 0 0 0 0 0 0 0 0 0 0 0 0 0 0 0 0 0 0 0 0 0 0 0 0 0 0 0 0 0 0 0 0 0 0 0 0 0 0 0 0 0 0 0 0 0 0 0 0 0 0 0 0 0 0 0 0 0 0]
[-264 -641 -36 665 134 -547 -234 645 -23 -480 -628 538 -693 -649 755 610 245 -331 747 -481 129 175 -756 -73 533 -336 544 -676 -179 -703 -356 -115 209 219 -135 113 214 601 325 -174 238 -93 47 -147 21 -16 -147 -97 463 -143 -153 -193 49 31 -170 -30 -83 -53 -158 141 17 -56 122 -26 -34 -28 92 -65 71 170 63 -89 -152 16 -107 -34 -120 -107 -24 18 -3 -164 9 -54 -129 -107 -32 38 -36 111 75 -143 200 102 46 8 -79 28 -49 -94 -17 9 -150 -214 216 -97 61 -122 -49 -5 135 123 -32 119 -7 -8 -60 130 29 -1 -68 -103 -12 124 -88 51 80 -42 18 -95 80 -29 0 177 -33 -49 138 -38 -65 109 -11 73 11 21 -6 -32 84 -160 -130 -9 192 4 107 -29 -173 0]
[-386 198 -88 -167 366 475 95 10 359 754 -719 622 -522 420 -84 -460 83 -114 -218 339 196 -423 580 661 395 -233 496 -196 -576 719 28 695 -13 -252 219 92 36 626 -37 76 61 139 -137 123 158 95 -211 -25 2 117 -117 -41 14 187 -163 -61 -254 94 -97 -87 118 120 34 -14 114 -178 104 108 242 73 -25 -13 -181 50 -76 81 -38 -9 41 60 -6 -12 -25 -103 -17 39 -122 54 -65 70 -213 -123 111 200 24 -3 89 -33 -31 50 79 104 -134 -19 251 86 -28 35 -37 141 -68 160 13 19 -110 -18 -96 79 74 -135 157 20 65 118 46 32 27 -66 37 -81 167 -48 75 49 -148 -138 45 -93 -6 40 -31 -82 4 10 21 83 144 -106 -142 182 57 77 285 12 -35 0]
[0 0 0 0 0 0 0 0 0 0 0 0 0 0 0 0 0 0 0 0 0 0 0 0 0 0 0 0 0 0 0 0 0 0 0 0 0 1601 0 0 0 0 0 0 0 0 0 0 0 0 0 0 0 0 0 0 0 0 0 0 0 0 0 0 0 0 0 0 0 0 0 0 0 0 0 0 0 0 0 0 0 0 0 0 0 0 0 0 0 0 0 0 0 0 0 0 0 0 0 0 0 0 0 0 0 0 0 0 0 0 0 0 0 0 0 0 0 0 0 0 0 0 0 0 0 0 0 0 0 0 0 0 0 0 0 0 0 0 0 0 0 0 0 0 0 0 0 0 0 0 0 0 0 0 0 0]
[386 -198 88 167 -366 -475 -95 -10 -359 -754 719 -622 522 -420 84 460 -83 114 218 -339 -196 423 -580 -661 -395 233 -496 196 576 -719 -28 906 13 252 -219 -92 -36 -626 37 -76 -61 -139 137 -123 -158 -95 211 25 -2 -117 117 41 -14 -187 163 61 254 -94 97 87 -118 -120 -34 14 -114 178 -104 -108 -242 -73 25 13 181 -50 76 -81 38 9 -41 -60 6 12 25 103 17 -39 122 -54 65 -70 213 123 -111 -200 -24 3 -89 33 31 -50 -79 -104 134 19 -251 -86 28 -35 37 -141 68 -160 -13 -19 110 18 96 -79 -74 135 -157 -20 -65 -118 -46 -32 -27 66 -37 81 -167 48 -75 -49 148 138 -45 93 6 -40 31 82 -4 -10 -21 -83 -144 106 142 -182 -57 -77 -285 -12 35 0]
[-135 140 -794 -105 -787 -784 -644 -108 234 -318 -566 778 -554 -446 458 747 -28 137 -637 -589 -262 459 -47 118 570 454 304 290 -123 32 -257 671 119 240 -28 276 39 -2 -55 -99 -61 -175 239 -57 -55 -142 483 -78 136 242 -154 -233 -8 -26 -225 -250 -227 -7 -362 -112 76 133 139 28 57 -95 -10 283 101 107 -109 -168 12 228 -142 195 -91 -142 40 -32 131 -19 66 -33 9 -9 -121 -93 -114 243 -154 -103 86 103 179 6 14 58 -166 53 4 28 11 -118 18 -32 136 114 -157 159 91 35 -33 18 -176 146 -14 50 -6 114 -23 65 -77 22 71 57 71 29 -88 -112 -49 -59 -20 330 3 -218 -56 -81 -56 -17 -212 30 22 67 -16 -16 156 19 75 2 21 26 195 87 65 0]
[-85 54 -188 -681 187 612 550 -460 -53 375 -148 -592 15 740 91 -58 220 59 194 -524 758 -595 672 -474 -696 56 89 701 266 263 390 -169 233 655 -557 61 172 -181 249 -154 30 -135 -247 -51 -94 93 -533 -156 200 -193 -107 -8 2 122 136 202 48 73 -2 259 -16 -14 -47 -13 -13 -46 69 -148 128 32 181 66 -104 -187 103 -36 108 -85 -74 212 -200 2 58 62 -13 19 -58 71 2 -82 46 -51 29 37 -45 -104 139 -175 57 88 130 28 -195 -120 186 1 20 -131 80 -48 -61 46 25 -18 -36 -108 -123 97 118 -175 35 89 207 78 -35 31 -9 -42 44 -18 236 -72 -15 -100 -154 23 40 -29 -30 1 86 -90 127 12 60 26 53 -19 -108 109 97 -96 43 36 -100 0]
[-590 506 -402 -681 197 292 410 18 277 -323 -733 -742 -485 -445 -565 390 -769 455 421 408 192 -641 447 300 34 -659 713 -154 492 640 250 704 63 660 -157 -16 -155 33 250 -44 70 137 -33 -305 369 337 -144 -18 417 59 -64 -240 -154 250 -70 -162 -202 38 -256 -95 -69 45 267 -98 25 -72 139 -42 351 189 -76 -140 -114 -118 -48 -10 -70 -109 -12 199 -45 -133 102 12 70 -64 -41 99 57 127 -172 -163 68 196 228 -95 128 25 4 7 28 9 -60 -114 357 25 -122 -78 0 34 -33 -3 -128 21 -121 -129 -142 49 -144 -123 17 -92 -64 252 14 206 100 63 -145 10 137 3 -3 108 -238 -34 12 1 -238 -37 41 -11 25 -33 54 -38 108 -114 -64 176 54 129 85 -17 86 3]
[-430 -637 -743 -317 -501 100 -45 -378 155 217 -633 -627 -676 -523 122 -539 136 -641 -629 -630 -171 -112 800 -657 -547 522 647 -262 703 -279 -461 78 -156 673 669 -132 39 -191 94 155 330 356 -82 84 328 128 -308 112 129 -75 -9 7 69 122 -244 -43 -158 -25 109 -93 75 -55 64 -55 36 -65 137 -92 84 104 -34 0 -241 25 -144 -112 -175 111 51 -102 60 -159 -140 -186 -142 -78 25 114 11 20 -30 -112 196 162 -64 103 -143 112 29 -185 -72 57 -100 5 263 20 -123 -70 -9 25 37 202 -11 138 95 -64 -19 62 -9 -75 77 -237 -77 142 -78 -5 45 -95 99 -46 60 54 110 -4 -30 8 199 -21 15 165 84 51 -134 -48 -29 41 19 -266 -239 62 131 151 154 -140 -173 0]
[-170 -293 -663 44 -184 -745 -167 -799 -763 767 66 -392 746 -334 98 339 728 -503 713 -547 -383 723 -708 -547 502 -243 -181 -49 -115 -248 -538 500 -87 410 236 -165 179 -123 105 77 -140 11 177 -211 -100 -92 -166 -170 -8 41 104 86 153 -110 -152 -164 -112 -70 52 28 36 -106 -34 223 4 -5 16 -149 -2 -19 -40 -25 10 56 12 89 29 166 -138 103 -173 7 110 65 -10 4 193 -67 61 17 -147 -108 -54 91 59 21 -105 -83 96 -76 -251 38 -45 122 46 50 0 235 99 -55 231 19 19 -83 26 31 50 -78 -83 -29 3 -65 -165 -21 175 151 32 26 -10 -51 -64 -41 76 119 -61 -25 40 10 -61 38 -66 -29 65 2 -81 -183 -75 59 -139 86 -52 66 61 -137 58 -7]
[90 362 343 -707 -562 519 -674 -5 -356 86 -391 -502 325 -514 -408 135 696 -232 300 -448 364 -175 -40 703 -548 793 -631 69 172 -796 665 -206 -93 -14 -57 -225 -212 -101 150 284 200 142 -253 -432 -141 331 -17 321 -204 151 149 203 -79 73 151 -141 -224 98 -185 -89 56 45 -145 -80 -28 -9 90 -4 158 56 1 6 -28 -25 -57 -13 11 30 85 12 68 6 -27 -92 68 112 -92 -20 -35 34 -165 51 20 24 39 47 263 24 159 142 80 200 80 182 87 143 -114 23 -26 -102 -150 -38 -126 -48 -85 -12 40 -111 -81 84 213 2 6 -33 -1 12 -7 -73 -138 75 -43 -60 -14 -105 -158 167 75 -85 170 79 -14 -58 -92 -85 89 220 -48 -194 29 41 -135 -51 75 -130 -56 0]
[-525 -478 65 45 -399 542 -229 -512 495 -590 93 -526 -479 755 -685 318 80 -83 714 515 -395 -203 18 527 -184 555 349 44 153 -126 133 59 -142 -29 567 149 -407 -442 -255 132 -140 81 -160 669 503 110 -379 160 -82 96 90 9 -125 114 -19 15 17 -74 104 -255 28 65 21 14 219 -363 26 22 210 89 -71 29 -201 90 197 -14 -24 251 11 44 -31 57 -188 98 -128 5 1 115 146 -42 -81 -59 59 103 20 -43 48 56 -99 24 -57 -40 24 167 148 77 -102 306 93 231 3 220 -28 90 -15 -58 -58 58 -29 -58 36 58 86 -16 96 -48 -114 18 262 -37 136 221 -5 -193 40 -127 -79 -111 -74 113 -46 -107 -89 43 -170 -6 -55 -125 -203 186 143 170 110 -35 20 10]
[523 474 616 647 -543 628 -42 410 377 525 -481 -287 -81 -169 -85 -231 306 -213 231 701 475 354 -628 -244 -457 -31 -351 -185 -321 654 72 -17 167 388 227 -419 240 467 65 -261 195 -68 8 -428 -272 78 -99 42 319 -205 34 200 217 -93 -140 370 62 135 103 219 167 -68 -293 -51 -3 2 -15 28 -322 -44 270 210 -77 -8 91 -199 138 39 -53 -45 10 -38 -108 -51 -69 56 -118 -62 -123 -70 122 -49 -5 -89 -226 111 -53 -138 183 -92 178 185 -99 -45 -29 -113 81 -214 29 -82 -7 20 12 -52 32 141 93 113 375 -21 -59 40 94 -27 -245 -226 -122 -126 202 -72 39 -85 140 -93 109 207 182 -49 184 150 -46 85 38 -30 103 227 -79 17 41 -87 17 -217 -82 32 -455 -3]
[-411 761 -761 495 511 738 774 315 285 37 150 345 703 679 -562 795 -164 -697 41 295 -787 -767 95 -228 702 -106 -426 -57 435 220 -264 -268 -210 465 -311 106 21 -582 -51 -10 -70 336 -123 -17 -100 47 257 -147 44 14 -400 -182 -265 283 128 -142 -11 -44 -51 -52 -55 174 189 -189 -39 -40 134 39 330 115 194 -2 -77 -261 -87 21 43 -172 190 127 103 -90 133 -108 77 43 -174 161 68 -17 -37 94 19 9 32 -246 164 38 -56 198 245 -2 134 -164 148 -12 -147 -230 -81 31 -102 -64 -38 -100 40 -52 -65 -104 -147 96 89 55 117 247 171 146 174 -13 -232 109 173 31 -135 20 -87 -87 -79 68 -101 3 126 -37 -59 -87 155 194 111 -18 87 144 23 -49 -2 47 215 0]
[0 0 0 0 0 0 0 0 0 0 0 0 0 0 0 0 0 0 0 0 0 0 0 0 0 0 0 0 0 0 1601 0 0 0 0 0 0 0 0 0 0 0 0 0 0 0 0 0 0 0 0 0 0 0 0 0 0 0 0 0 0 0 0 0 0 0 0 0 0 0 0 0 0 0 0 0 0 0 0 0 0 0 0 0 0 0 0 0 0 0 0 0 0 0 0 0 0 0 0 0 0 0 0 0 0 0 0 0 0 0 0 0 0 0 0 0 0 0 0 0 0 0 0 0 0 0 0 0 0 0 0 0 0 0 0 0 0 0 0 0 0 0 0 0 0 0 0 0 0 0 0 0 0 0 0 0]
[173 -308 8 403 -647 242 473 376 618 16 468 96 711 182 89 -45 233 555 -179 36 753 780 -218 496 -385 152 588 -702 285 760 -64 -251 13 102 -124 -23 55 34 -116 158 99 -123 109 46 589 339 210 48 27 98 -87 -66 -15 265 -7 131 -130 105 -44 -228 141 264 265 -87 92 -68 -63 204 164 -47 1 4 14 -41 64 109 86 67 0 207 -55 18 177 2 143 59 -104 131 -10 -9 -324 -25 -64 157 -90 5 -39 -84 -185 187 298 61 -60 -91 -41 -9 34 -255 -96 171 -317 -53 -134 -70 -250 -67 -99 -4 170 -203 -57 216 -42 126 -228 -70 27 206 -154 -73 17 -97 47 0 -161 -137 -78 11 -115 -245 203 -171 21 -175 14 83 111 311 20 72 -55 171 103 137 178 0]
[-634 662 614 431 50 583 -208 -688 256 775 243 604 -307 -213 -535 419 593 581 -55 623 -671 -459 -777 416 58 -130 -353 519 156 25 -369 366 -39 120 248 -17 88 -215 -98 214 -203 240 143 -152 520 330 147 122 169 -47 256 45 -64 -38 -29 289 73 86 17 -447 -102 -139 147 12 -101 53 -204 3 -234 -146 -224 1 270 14 141 58 23 128 -124 128 -103 92 44 139 169 -173 213 1 61 93 -119 44 -192 47 95 84 -86 3 -88 86 -134 -109 -14 99 -196 -48 -104 42 169 -12 -85 -215 56 -16 -49 37 90 -81 0 -35 -284 116 -238 -78 -180 -81 -26 340 -27 17 -190 24 -13 64 62 58 -141 99 -88 -266 11 -36 70 -22 -166 -316 -91 248 39 -158 -338 109 -16 21 159 3]
[-633 265 -555 -406 4 -365 -638 -191 554 597 478 603 -538 305 -398 759 -622 -288 470 -643 -451 790 -331 650 -759 493 656 222 -10 -636 -288 -119 -24 552 255 274 -6 -62 -461 85 -2 8 -188 -1 288 7 7 -127 282 57 -325 -68 -278 216 1 143 -62 -63 -174 -249 104 82 142 -170 61 -380 -10 198 288 183 104 1 -148 -137 84 189 -70 -55 114 144 -69 -92 -100 -13 19 -14 -191 133 -47 234 -147 -131 172 191 68 -240 52 -38 -204 215 144 44 -110 5 244 -151 -34 16 -17 251 -87 213 -22 243 -125 35 -51 159 95 89 15 218 137 209 92 -37 28 109 -35 -14 209 26 -30 57 -51 -252 -52 -107 39 55 4 -96 7 193 4 -42 181 -137 -157 122 4 -37 301 73 6 6]
[724 -127 494 46 -486 -581 611 -67 -441 750 179 132 -706 59 -374 520 239 0 322 -261 69 599 768 184 788 -640 -351 -18 369 -236 -393 308 233 123 37 -107 -77 -331 -31 -56 -299 185 109 388 398 128 29 188 220 204 -64 3 -1 51 -175 -36 -86 133 -114 -360 213 89 130 44 112 -463 2 264 181 126 81 -68 -31 78 46 49 6 146 15 103 45 51 -7 56 -97 -80 -125 63 96 29 -166 -120 89 143 -7 -67 98 55 -278 131 27 -48 71 -89 -3 -113 109 135 31 225 -17 85 -52 -18 -158 124 -82 100 108 198 -99 193 -109 128 -3 -40 36 197 159 -122 -60 128 23 88 269 -148 -168 -92 -119 6 -191 -157 -153 -142 -253 148 41 4 -116 147 -57 60 234 74 94 7]
[-554 82 -291 289 588 531 -328 478 386 354 227 57 -166 -233 -67 -279 -720 -712 274 636 -289 23 192 516 465 -517 276 269 388 578 -222 37 80 -346 -566 130 -385 -301 -338 -112 -381 -137 -127 288 -94 -16 -99 -71 123 164 74 -126 -143 80 116 -67 69 120 -92 157 10 110 -71 44 48 -339 25 223 291 143 -109 -83 31 -164 152 -114 132 -55 62 100 -51 106 -35 94 28 240 -123 -23 -25 0 22 -89 14 -38 124 -158 381 -59 -31 21 -187 -55 106 79 172 36 55 140 239 12 -13 -103 -24 45 -151 -38 -14 302 -93 -12 65 177 45 127 135 81 -65 -123 3 7 113 69 62 -47 3 26 -78 -6 92 -40 -94 -216 42 80 68 161 31 -95 -9 202 63 -176 9 57 137 10]
[-187 359 -112 -301 -695 -121 16 277 159 -252 197 -589 744 -325 272 424 598 373 -562 -390 790 103 724 361 -692 554 487 686 310 -97 159 -470 -100 -218 -168 -135 255 77 -157 8 -324 -15 132 352 -37 -95 -235 -328 191 -150 -96 -22 -90 -11 100 -95 77 -273 -12 415 15 23 106 71 24 -30 -9 -191 290 185 184 -1 -69 -243 246 3 78 15 41 251 -203 -74 52 176 -19 94 117 0 141 58 23 -81 -17 -13 -6 -157 -42 -62 46 -3 -53 30 51 -5 237 -58 37 -77 173 -97 254 -10 -19 30 50 -84 104 74 -36 -52 -130 55 74 93 122 266 38 13 -181 27 101 55 -109 -100 -141 -5 94 124 -87 123 128 -158 214 28 66 -88 58 38 -162 162 188 23 -242 -130 93 -7]
[164 -389 157 -515 -197 -87 -594 -204 -310 -131 -445 648 -518 315 -129 -722 639 151 -235 488 -66 -188 -502 531 -29 -147 -137 -298 -28 -375 -339 279 -91 -170 -68 110 94 702 -56 -57 -20 196 1 -347 -114 43 328 -230 292 29 -81 -37 -78 16 -101 -105 -226 -53 -122 -37 -36 -26 -242 -117 -74 88 -91 138 12 44 -134 -72 13 -103 -66 118 55 -198 111 -41 102 -51 35 46 309 46 27 -123 -29 270 -135 72 -86 17 70 -53 47 -87 86 58 -55 76 -39 170 158 91 -350 0 120 -112 169 -148 178 9 -26 46 333 -97 -135 144 -103 -53 -183 -45 103 202 88 -54 -97 46 -32 18 151 204 -76 39 -53 49 113 49 -15 66 202 85 22 -167 -2 -7 82 -126 -227 -151 -4 -29 123 -4]
[187 -634 -150 -423 682 -574 -417 616 -763 684 98 -760 -233 596 -585 -311 -360 -721 -95 488 128 -765 172 730 167 686 -492 719 -31 -462 210 589 81 151 -558 -181 -48 -472 147 -356 -170 323 64 -350 310 85 436 10 -198 130 -77 -51 -95 -21 15 -61 -96 125 140 -226 -63 36 4 -16 -37 70 -124 55 -23 -56 -43 -51 75 -97 -63 159 52 -81 -156 -84 37 -1 179 -27 207 -84 24 -30 19 -66 -30 77 -113 -83 20 10 110 -13 -27 74 32 -149 19 -55 -129 28 -137 27 42 -72 -164 -113 198 -123 80 -140 -41 -137 -34 -24 9 57 -51 84 65 144 55 123 78 64 9 46 74 165 152 -7 -264 145 -167 -149 -12 58 9 -57 -67 -91 -1 180 63 -41 -303 -39 6 133 256 -3]
[-435 -507 581 -353 624 -125 312 343 208 -651 -72 -787 73 759 30 149 -252 -768 -520 489 -765 -301 -15 410 654 135 508 30 449 734 -207 -412 40 224 122 -185 -53 -22 172 65 383 -251 -48 -128 253 -40 228 122 -243 52 27 5 -99 -14 156 86 49 -39 5 -255 -136 -141 148 -63 -130 -91 -13 11 -121 -2 -26 -92 69 20 -182 63 -295 17 69 -261 13 -139 -27 -92 -206 -113 36 187 52 -89 89 -83 228 -38 44 113 -188 192 -176 -17 -161 -186 11 -141 -231 -99 63 43 -119 11 -75 148 -25 217 254 -147 -113 15 -99 123 60 -209 -113 19 -18 -27 57 124 92 109 -200 131 -107 73 135 -63 -122 106 -30 -45 138 128 -270 6 -130 -185 -85 -136 -264 -59 -48 186 -40 -135 66 3]
[442 420 701 -750 5 565 184 769 277 203 346 528 82 -55 5 674 -792 -258 -714 -430 -328 -539 -308 -34 157 -582 432 -470 569 58 -149 176 -166 394 508 181 38 147 251 125 -364 244 16 -21 -446 -306 -30 -142 -85 -134 -17 84 6 -323 176 -16 453 -283 -9 102 -153 -106 -61 100 -114 254 -89 -257 -223 -162 11 47 110 116 88 -58 -52 1 -100 -59 74 136 -36 213 -142 -86 90 -91 96 -90 184 152 -151 -199 31 26 -94 149 65 -6 -73 -181 101 62 -247 38 75 17 22 -203 228 -106 59 -101 148 180 69 -243 -122 69 -216 -102 94 -189 81 -87 -97 -54 -24 71 -151 117 -138 -84 66 -9 -30 -14 -35 28 -153 108 52 -6 -60 -136 -84 26 87 -57 83 38 -323 -31 -141 0]
[-239 291 -600 47 -456 41 399 -425 -464 177 552 -236 592 -94 -414 -215 -306 212 223 -742 -189 -415 130 -529 -148 -119 763 -587 -353 -612 213 382 185 -11 28 -269 180 -141 -268 132 163 -19 110 234 152 -59 239 57 -87 -144 27 331 142 -154 -113 304 -37 37 167 29 177 -80 -52 -156 -5 139 -212 105 -354 -176 68 211 312 -140 130 48 52 -9 98 -57 64 -62 16 -48 101 -124 -40 -197 -94 -42 247 -28 -80 -94 -130 -75 -334 -46 -106 -58 183 35 59 -1 -275 -229 69 -236 4 -140 -54 -75 -58 -34 191 132 185 -1 294 230 -154 196 37 -156 -257 -202 2 231 -80 50 -181 -52 -32 -156 217 158 -221 163 248 11 166 75 -23 -85 29 -8 -61 291 177 -261 -283 -70 -246 59 -135 0]
[47 714 -531 -631 -284 183 -254 213 717 -345 -264 -531 54 407 283 56 -355 172 377 229 483 536 -565 -90 -343 -599 469 462 -361 -701 16 -631 -24 241 272 -121 186 -466 178 -124 57 425 -32 -89 -195 -306 471 156 -290 124 79 -105 -92 -51 -66 -204 -69 71 -169 -37 -129 -110 105 164 -207 122 92 165 -15 40 -112 -188 7 191 -454 23 -294 -103 271 -203 176 -126 -77 -136 -18 39 27 102 43 65 186 31 56 -86 163 94 53 238 -71 -83 -91 -92 43 -171 -102 64 -11 11 -86 129 -6 -32 109 58 128 70 -65 -17 -112 198 69 -222 -116 188 211 138 205 -27 -116 220 -94 -18 -125 214 201 -32 55 45 -36 57 -103 41 -143 -4 54 -42 115 -165 -1 -159 -106 -36 46 -52 206 -3]
[-78 -662 229 -773 600 555 -69 518 167 -284 209 -113 730 -184 554 -223 -767 -278 -416 60 -509 5 -300 641 249 738 499 338 89 199 -428 695 161 -316 13 -91 -291 -108 -330 -380 -104 -33 57 -279 27 133 5 -65 265 92 117 -31 -103 244 -146 -109 15 279 147 105 86 -18 -6 54 39 -186 185 -41 88 92 50 7 -126 -264 -27 -186 261 17 -162 362 -242 -14 170 146 282 191 65 171 116 -108 -46 -61 -211 -66 28 -294 153 -149 47 -169 109 65 -103 -7 131 -131 -18 -31 19 114 -81 -140 -196 -55 -226 13 -136 120 -16 -72 13 26 -177 178 129 134 23 78 -97 75 81 -35 273 31 -9 26 -74 -66 -253 -58 72 -113 16 -63 141 178 -82 149 204 16 -88 -158 5 100 294 3]
[-25 -519 -309 544 -400 -246 320 -670 487 -194 -166 121 562 702 19 193 376 -689 413 -698 -61 -361 -14 -228 -738 356 -94 -468 -308 510 27 91 473 415 -279 253 -312 566 -42 -196 -290 -220 8 -147 30 110 -305 -186 196 291 130 -131 -88 12 -52 -252 -62 90 -81 -198 37 91 -134 44 86 -190 55 102 199 -49 -411 -241 203 19 -30 -131 -11 -156 -255 109 39 190 89 172 99 -48 -30 -179 37 91 -110 -151 107 55 195 -164 198 37 -110 -66 -343 -87 -76 127 100 60 49 228 136 -196 55 -128 45 81 -205 31 -32 122 -309 -74 -73 -50 -199 -99 5 116 13 -47 98 -150 -209 141 240 209 14 -65 -174 -72 -44 -226 -162 -11 48 123 -92 -87 14 -79 -28 108 -103 40 231 -96 240 6]
[26 -371 -420 660 734 291 765 748 -168 746 235 -295 526 -300 -639 -257 -671 -398 708 -119 -111 282 708 4 -646 -208 240 432 -439 379 -420 367 -289 228 97 -17 -194 552 165 44 28 410 -79 394 184 124 -426 113 71 -124 461 -126 92 45 -17 54 176 232 36 11 -364 -370 168 4 -190 173 77 -179 -161 -51 -346 -128 249 -51 -117 -56 -68 4 17 -33 -193 55 64 -39 -103 -166 272 135 -28 -82 246 -78 29 -80 213 155 -3 33 14 -145 -503 -372 -23 -33 -120 55 -11 153 300 -57 82 -178 40 27 163 -197 -133 176 -234 -95 -7 -193 -262 9 -124 -37 -53 8 107 66 -130 8 -28 -40 65 205 -87 196 -28 -248 135 -31 -96 41 -77 -265 -200 -52 -132 -41 -61 117 -56 -61 79 13]
[-654 -107 -632 9 -586 289 -635 -42 -207 -546 -573 -744 -126 -94 -394 -504 701 776 -397 -191 340 -772 -251 -313 -799 649 228 -585 -703 654 163 -309 44 160 32 -93 27 -731 -144 55 -84 130 268 79 76 68 280 -195 47 -47 -131 -167 125 -4 0 353 175 67 282 -269 -10 206 196 -15 38 -45 -76 230 -287 -360 -148 201 320 66 17 -267 50 -42 15 -95 190 102 -7 -81 -72 -33 -45 -95 -22 -245 22 127 -132 150 -17 -68 -22 34 -219 -46 -107 -68 211 -192 -244 -142 80 -183 -59 54 -93 -220 -15 -155 51 131 -23 -5 -43 -151 -140 83 -115 63 -123 -245 69 69 18 -9 -36 -10 -181 60 66 -53 -100 103 -82 -309 -40 106 -132 -174 42 83 50 384 242 35 9 28 -93 139 149 4]
[-197 -51 107 354 -752 -450 -98 -435 207 654 540 330 671 235 -434 -126 782 303 47 447 -776 756 -238 599 -304 -413 -732 -743 -418 147 435 -453 -422 -384 -5 -87 -94 750 -34 -214 -118 -175 296 -71 -138 59 93 36 43 241 100 -46 12 -65 -226 -350 -311 44 -282 83 114 35 -207 -41 209 -69 38 71 20 198 83 -35 -185 218 75 254 39 -52 -107 -36 4 32 34 94 60 108 -22 -97 -113 171 -225 -107 -10 -12 -23 69 -57 -38 37 -32 117 211 -77 111 37 78 77 375 -193 132 168 220 5 7 -149 48 32 -85 129 36 143 -58 -16 -265 100 69 -125 -93 107 -73 -53 6 169 82 -46 -65 -30 -130 -48 175 -156 31 141 164 -1 -2 -32 -51 -19 -21 12 33 75 1 -85 -7]
[-236 159 534 -727 -258 418 -650 285 629 9 -28 612 -115 -581 -599 -251 448 -457 -436 414 -129 189 -272 230 91 13 405 -559 -358 41 57 -233 366 -131 -157 -153 90 545 376 -54 54 -39 111 -121 -163 -116 -427 14 127 -5 39 228 288 -331 -195 -8 -67 49 -40 103 223 77 -63 128 110 -132 -108 112 -104 -71 -75 57 49 146 93 -131 -102 48 -77 -60 75 49 -193 39 -46 -67 -96 -193 -143 -120 47 -12 89 309 -8 0 5 30 -64 -238 -25 104 42 27 93 -55 260 88 -91 -7 34 173 -35 14 -139 62 -84 75 228 91 155 -37 86 -195 -14 -155 12 -34 70 -67 46 -46 87 -2 15 74 59 -157 219 98 -232 42 97 -107 -172 96 189 -87 73 8 55 -92 106 99 -283 -6]
[-749 750 41 586 -352 770 203 -473 49 -374 -604 36 78 513 -671 730 248 -163 -556 402 342 -101 243 272 -66 -105 -790 60 86 347 -243 -252 -380 77 -47 37 138 304 -39 150 -127 285 -68 -241 -30 243 328 79 -35 160 118 -132 -236 -41 -95 -21 -244 -11 -210 -257 -97 28 -178 -36 -177 178 19 62 69 -58 -278 -153 78 215 -278 -46 -175 -140 79 -120 231 -104 14 17 44 61 193 -47 -13 229 -185 58 36 -28 195 229 28 244 35 -8 -174 125 -44 42 90 193 -213 14 80 -235 80 -225 202 29 61 62 322 -129 -254 -136 -92 -172 -226 -62 -7 219 120 -4 -31 102 -181 164 61 291 -135 68 56 73 -42 5 -67 65 88 17 81 -101 -85 -60 -58 -149 -232 103 -87 -258 174 -7]
[-171 568 -204 592 169 -410 189 -763 -276 6 -365 22 -135 -64 -72 267 541 163 460 26 213 634 779 -311 669 775 549 -536 357 282 -13 -770 310 326 250 -248 220 -614 105 -212 50 268 -205 314 147 22 -113 197 61 -197 -81 66 177 -29 -144 220 46 263 85 161 36 -202 -48 111 -58 -51 -11 -93 -267 30 172 128 -152 -94 -92 -206 -44 -13 -50 -109 36 68 -239 -100 -86 -199 -71 18 27 -79 176 -49 10 -65 -93 151 179 6 160 -88 160 -78 -277 -234 -15 -140 61 -233 4 30 -40 70 188 23 203 92 -264 157 356 -67 -6 -198 222 173 5 -106 -115 -21 217 54 121 -62 1 -99 168 66 166 44 -145 91 -161 142 28 -74 -29 96 159 -253 -109 21 -27 -23 37 136 -304 1]
[-666 -142 -477 -89 -210 259 -237 -133 -254 140 -460 767 333 -140 -215 -386 11 -538 792 538 -306 192 -189 -465 770 667 -781 630 323 -729 144 -225 -30 -351 -251 -245 54 206 -306 -266 -271 319 -169 -16 -263 -43 9 -276 -31 10 -35 107 -30 -138 -90 65 -74 92 69 194 11 4 -252 -28 -14 6 -153 164 -49 -164 178 163 100 -275 -71 21 154 -73 110 23 0 22 -18 200 200 67 64 -38 -34 -37 40 26 -282 10 31 -158 125 -210 125 42 198 42 -127 108 10 -42 -82 -12 96 9 51 -229 142 -290 73 119 13 -43 149 67 97 82 101 -6 319 33 6 89 -24 306 226 -46 226 -38 83 85 -61 55 42 33 -15 14 196 -52 21 79 100 188 193 -24 -239 -280 -207 155 58 -7]
[266 761 429 -241 -535 -500 -41 -703 677 77 -657 -74 102 -623 -722 728 -785 683 207 -37 753 -231 -506 196 277 161 -773 567 -568 591 -625 -521 25 30 -295 63 132 448 125 113 -86 56 114 325 -104 69 -149 -30 -108 -68 197 -118 -104 -194 62 -113 205 -164 27 174 -97 -37 101 -29 -12 110 -16 -211 -45 121 -95 -2 61 49 228 -45 -56 -16 -105 -191 43 114 -95 -43 -234 0 150 -122 -71 -19 222 34 -53 -168 62 152 97 221 45 -136 -191 -48 234 32 -50 13 188 232 69 -231 164 12 -32 29 72 -91 94 50 -163 -71 59 79 120 -252 -68 -53 -169 -56 91 2 -55 -36 -122 -55 109 103 139 95 69 34 15 -24 -22 160 -16 -51 -48 -125 -86 -109 224 -46 -219 -176 -166 0]
[-45 -603 -492 -240 -455 -631 1 -383 266 21 -376 -737 628 186 385 349 -637 -584 -722 -185 -706 171 -752 -465 413 -6 -230 -572 276 -614 411 198 234 31 -306 130 -297 -14 9 -159 -109 -337 -126 -37 305 129 -141 99 328 44 -3 3 -15 -124 -119 -217 -265 -20 -291 224 161 167 -136 -11 119 -119 -58 210 388 316 32 -153 -142 -54 -39 -66 -29 -13 141 4 146 -162 -220 81 91 98 -120 -142 -41 201 -16 -148 103 188 48 -17 214 -17 28 -59 55 100 -44 80 410 26 3 -112 24 101 57 30 -67 61 -219 16 3 219 106 76 18 -19 133 178 68 91 56 -103 -122 54 249 13 132 53 -20 45 235 -174 80 246 -153 -27 132 77 19 222 213 -286 13 16 137 -76 78 75 -135 0]
[-717 -11 698 424 174 469 258 -785 -513 314 -289 488 -335 565 463 18 -720 -603 -754 323 -787 -229 662 -316 20 -128 -44 -302 495 -530 561 181 -398 -581 -13 -383 -29 -227 -133 157 -59 71 17 -63 -71 148 -63 -87 -230 86 -61 40 23 -63 -110 -215 -293 -17 87 77 120 219 -114 -89 99 60 36 16 211 -11 -148 50 152 -192 -6 -199 51 -84 155 -82 187 -68 -4 -222 52 6 -44 -145 -58 -107 -44 54 134 151 21 -143 78 -48 -3 -90 -176 71 131 102 140 34 -190 5 7 -186 80 -126 74 -69 153 -80 55 -97 -240 42 251 -78 -20 3 191 78 120 -204 -74 64 21 -4 -24 -31 -159 185 -20 156 116 61 90 73 -29 -80 141 157 18 -98 7 137 -106 51 -34 -171 118 -3]
[-53 -658 -221 740 -54 -46 -672 -735 -205 349 -499 441 663 266 243 273 -396 -278 117 -598 759 -471 756 108 489 -232 -192 -49 -165 365 -156 364 137 -47 -395 406 117 797 206 -154 148 -363 -374 -230 -104 -172 -235 -131 -43 -205 37 -140 -132 -58 202 226 242 25 51 83 -149 -109 -21 -84 -125 132 59 -141 -190 -124 -58 -17 130 -110 -46 -230 -80 -240 -85 -35 59 37 -125 15 -122 -96 -87 -91 -99 -147 393 -75 11 -129 85 -71 105 2 43 -95 44 -144 -181 -141 -55 -44 162 -213 -2 -149 -204 41 26 83 148 16 -188 140 52 -102 -19 -76 400 -53 -91 -221 -30 -88 8 116 117 -69 -115 -97 138 -22 50 -77 166 -104 2 147 -13 296 218 -78 106 -107 142 -152 117 -176 -11 22 -236 11]
[-289 408 -627 -742 -144 474 -530 -664 129 35 252 -176 -628 -497 299 -165 -393 -16 -384 433 225 -60 -638 18 -562 483 -453 -711 -525 264 -284 837 -426 378 127 -59 -120 -529 -79 -57 -128 -14 172 -135 -167 7 285 -332 47 177 -34 7 119 41 -113 -95 -28 -90 48 -70 -106 218 -59 -58 112 -52 -97 196 23 -124 35 -74 0 9 125 194 184 71 46 -108 -24 13 -6 99 142 205 -35 -14 -85 39 -327 -101 -172 76 -66 139 -24 -215 239 40 -112 49 234 197 34 168 -70 164 62 98 13 -32 -4 -288 -93 -119 82 -9 -71 -101 119 41 -169 1 53 127 -4 -34 -9 -101 150 -55 252 32 -116 -107 -53 1 62 -52 42 -3 72 59 -45 33 40 216 122 232 94 3 -70 109 78 -7]
[169 734 453 -226 758 -516 -725 -94 -513 -274 770 -789 11 -248 -266 -413 -212 -654 263 -66 -322 -106 -701 618 -740 -679 512 498 20 -84 166 491 -132 95 207 -56 -89 -19 227 -21 298 117 -7 -837 74 241 399 203 103 -218 91 -20 -153 84 27 49 104 6 -32 4 -184 8 85 -90 -158 30 -52 -30 -241 194 28 -18 -196 -75 -20 -203 -112 116 -179 -105 8 -139 -104 -70 188 98 -140 251 16 -12 98 -42 43 -165 -7 235 -82 160 123 -86 98 59 -73 16 38 45 -102 -223 -213 -136 -218 47 -130 151 41 -132 -116 -91 28 -93 51 -188 -12 16 -198 -44 -19 -74 -175 -8 35 55 217 77 -114 101 133 90 -18 63 125 132 3 -78 33 -23 48 -267 -9 -152 23 35 -63 -18 -145 1]
[111 691 -251 296 -263 55 763 554 350 -629 608 -16 -10 -462 354 573 -65 398 103 16 -414 -415 112 -566 543 565 -330 -285 389 -127 -40 10 210 281 -338 134 -68 -325 259 148 -281 -16 85 -29 203 -255 -139 75 160 18 220 -16 70 -147 123 -150 31 -78 -43 84 86 -63 79 227 6 -191 -98 -12 128 31 -243 -100 -14 -65 141 -75 -39 19 -112 95 -83 25 53 161 -7 11 96 -142 44 -52 18 -64 30 196 122 -182 -40 -45 -95 -140 -330 -115 82 154 142 33 -87 182 258 -161 -23 69 24 182 -116 -94 112 32 -137 143 -81 37 -143 90 -6 136 -27 -49 -44 -7 -177 162 0 -91 10 52 -178 -31 150 23 -66 -139 -12 -135 -122 -162 43 16 -32 69 -51 -24 9 -10 83 7]
[298 268 -769 -445 678 -668 376 144 -148 -798 741 -726 -498 359 166 -291 -55 561 -783 480 -408 -37 -383 459 -133 -753 203 184 623 -126 -234 -234 244 51 -340 -139 -269 -332 54 -387 75 186 50 41 227 -50 -169 4 67 16 73 -159 -87 -48 -87 -159 -72 66 -7 4 -95 -82 193 -142 5 185 51 51 6 -9 -210 -18 21 -131 -210 -222 -65 -235 12 8 4 -179 -48 77 142 -144 97 16 -14 -32 267 2 4 54 199 -132 -91 99 -34 -323 145 -7 30 -189 168 -112 10 -145 -142 -9 -7 -148 -76 27 -90 -110 -49 110 -153 -108 -63 -247 -60 -16 11 175 167 101 -33 47 138 49 11 82 41 129 3 25 -138 -176 34 122 86 34 75 -60 98 52 333 -144 24 -44 -221 112 12 0]
[-302 -353 79 454 -697 638 -581 722 195 -124 -407 467 470 435 7 -19 -269 738 -294 404 528 -335 -628 -665 -566 -355 -248 -98 -728 -155 110 2 39 242 4 150 138 26 242 -314 49 -97 218 -120 -22 -410 -22 200 35 105 223 -133 240 -265 -382 -261 -350 24 -126 81 152 -13 8 214 125 26 -47 186 -9 86 -168 -15 -166 284 -102 118 -36 87 -45 -92 17 -43 30 -113 -125 30 57 -189 -271 19 122 -153 123 161 69 56 -195 -119 -25 -288 -110 91 -22 49 58 52 96 362 42 140 143 147 56 -28 -68 48 13 5 154 113 150 -16 -4 -46 92 -54 -16 -230 189 -167 74 -130 29 157 176 86 12 -110 240 124 -139 39 -73 114 36 41 -5 77 42 -76 106 -144 157 67 -270 -5]
[487 -409 -736 346 206 702 -484 -584 -399 -794 -745 -433 -101 -442 -708 143 -456 -768 -370 -693 758 -446 -458 24 -308 -225 -499 787 -631 616 18 269 -13 -17 239 98 -88 715 267 -6 170 -193 12 335 114 84 -268 -42 191 -14 -65 -253 45 16 -18 -22 -26 -109 -218 -18 -153 35 173 44 70 28 27 -138 1 141 -220 -143 -60 222 31 -80 -116 -33 -58 9 -64 141 -47 67 -29 -76 66 143 52 -11 -232 50 14 100 106 120 21 49 -57 33 -112 -208 -191 -50 1 110 -31 157 -82 197 199 103 35 157 -55 -23 -160 -125 -42 -75 -42 -272 -98 -201 93 -30 -39 -92 140 -99 -7 20 -71 40 -222 -181 0 -31 -168 -89 -69 37 132 14 -155 -309 -9 -128 -121 100 225 277 21 -41 62 1]
[-475 -56 174 606 265 -632 -268 -755 -685 -692 83 -77 -14 -622 -363 -184 -267 -302 -469 546 296 688 -337 329 -729 -648 -101 -415 325 -290 430 530 316 -233 -201 349 -39 -476 -27 31 16 -93 -244 -48 334 -143 -192 13 -15 -92 -78 168 115 163 120 280 162 287 74 -63 105 -71 -51 -77 -52 -157 -66 190 -36 -90 60 -66 136 -131 38 207 76 -24 -135 112 -85 86 168 -20 137 -69 -263 -64 -100 -30 -28 -100 15 -31 -171 -51 -42 -185 -237 189 161 -142 -239 -22 -74 -44 155 -256 58 41 -378 165 -122 69 -205 -26 -107 188 342 -104 -118 329 153 161 -347 -226 -42 138 -23 -127 -30 -52 203 -82 144 -199 -198 -46 160 -254 -34 -179 -21 7 -51 -85 74 118 48 -67 -116 -154 321 311 -4 30]
[-578 -250 -536 -404 550 -639 30 -575 -468 -521 594 591 -282 473 -696 393 -170 404 7 -359 590 -647 640 -631 105 208 675 14 -185 138 151 -84 -91 -651 175 32 -239 446 63 -112 -104 201 -210 -97 -309 3 25 -17 -346 110 -69 119 62 20 92 75 -157 116 -76 286 100 91 -351 -29 13 91 50 108 91 -3 -55 100 -138 54 -80 55 166 -168 27 -21 -25 11 109 27 145 389 -124 -101 -150 -141 -63 131 -150 -186 40 -8 242 -120 3 48 309 205 -47 -24 69 152 -61 -62 -63 -25 35 -121 -7 -84 -112 31 168 -70 60 -266 92 113 109 -28 133 59 13 -157 83 4 169 -77 0 22 -181 0 -98 -89 -12 33 -56 -92 112 33 257 174 -100 167 116 -39 -1 -180 -168 51 -21 -2]
[-615 774 740 111 710 486 644 206 33 -169 -101 434 144 -524 590 -294 -13 -142 -733 584 16 -524 -569 -688 -570 -653 -246 176 585 -245 -41 544 -253 -625 60 63 97 -522 336 491 -49 394 -264 -138 -163 143 -371 -50 -217 -9 1 344 -34 -167 50 -42 -11 -39 -150 -131 49 -36 -30 37 -85 -13 28 -282 109 -54 118 -25 241 -1 26 22 -42 106 -81 157 -52 -21 19 61 -131 -192 45 -92 15 -8 -139 -93 116 145 93 27 27 140 57 112 -145 3 52 84 39 13 164 52 23 -291 23 121 -125 -107 82 26 -7 -123 -63 114 88 -9 71 -164 10 26 47 77 -204 34 -123 86 -61 -17 -186 8 -25 -16 88 56 -98 30 -39 -123 -117 -60 -61 -156 -102 94 -142 174 96 -187 -73 2]
[-575 -765 575 -317 -474 -776 -334 -800 49 82 -721 633 -374 131 701 125 256 456 267 103 632 495 192 258 249 -782 -403 304 221 749 132 -103 -41 -146 51 -130 -109 -311 -154 -44 -87 159 49 -33 268 18 11 26 159 -279 -81 252 40 -67 248 427 430 -257 364 -78 -30 19 -100 -69 -77 59 -185 -46 -79 -113 109 10 172 -245 318 -111 136 198 5 72 -78 20 -60 150 220 -29 9 16 168 -135 -11 255 -72 -165 -358 -102 -149 -241 -65 127 -61 -110 132 196 -151 -131 -159 -270 218 -4 -72 -93 60 75 49 -119 198 -126 14 41 -344 108 -169 88 -158 -100 62 106 38 -128 -97 108 -17 -190 141 -12 -66 124 -11 -144 153 -27 38 -1 -113 -132 -107 199 54 -51 10 -61 -173 62 190 13]
[160 -269 108 -74 -409 660 20 3 320 -242 412 294 -396 512 -485 550 530 -546 338 524 196 -227 10 489 613 140 438 -22 176 305 71 296 78 -43 -307 -146 443 304 -72 99 -139 66 -174 41 245 248 -212 154 -66 -230 50 184 -18 -29 120 233 161 30 80 -56 -36 -115 98 -20 -183 15 58 -236 14 50 230 12 -21 -148 -108 7 82 136 -110 108 -184 -109 -26 -148 -73 -99 177 108 28 -29 36 -19 112 43 -113 87 -39 -82 67 200 -31 6 -74 -121 13 -199 94 -162 97 -59 -258 -31 -6 -37 -122 -151 -1 95 -10 -121 -67 235 29 202 -260 -7 45 215 71 -34 51 -132 -73 3 151 19 270 -99 21 -105 85 -135 -73 42 -23 63 46 0 -91 -102 -8 -69 184 -100 -128 7]
[128 -157 143 170 -303 384 708 -522 -210 -47 -734 694 -456 713 345 -268 -749 447 163 378 -403 754 -255 -545 -374 580 49 592 482 796 203 223 145 48 17 216 104 -67 183 -74 -9 68 54 76 221 209 -372 -232 787 -206 -112 -256 -175 315 45 252 319 -61 224 -129 -65 -70 19 -121 -70 -306 90 20 89 141 123 -105 -103 -164 172 -81 -75 101 21 25 0 24 61 112 -174 2 -122 254 240 -37 178 -74 94 -79 -204 -163 -177 141 -209 -98 19 -122 -16 -147 96 -62 -59 -230 114 -33 53 133 7 147 73 -119 43 127 48 152 -187 -157 -5 81 -127 -82 22 45 128 12 -95 193 132 20 242 36 1 62 -31 73 295 -77 -225 70 -119 5 -128 -132 -347 -3 194 -19 -46 -140 -44 -8]
[255 -739 -94 -603 282 -564 -283 -618 386 -217 -418 -800 253 415 342 -714 -252 268 -7 -578 406 350 -284 580 -420 103 341 -772 709 -306 3 133 125 -271 -309 23 -5 476 -11 -117 -189 -85 -360 -106 -135 -217 -186 -170 -162 -25 -53 195 57 98 455 220 200 118 186 -44 -48 -107 -154 -1 -93 -110 -84 149 179 -102 26 33 31 -335 49 102 213 -129 252 62 -218 135 -79 87 195 97 -23 85 56 -115 19 241 -136 46 -48 -332 316 -293 36 204 116 -44 224 57 114 56 -231 -7 110 151 -164 -59 179 44 -130 -189 77 52 -50 145 130 47 142 127 318 49 89 -46 -6 122 237 -16 -126 -211 19 81 -158 -23 157 -46 112 -137 13 68 -4 19 72 90 108 61 -179 -221 -4 212 157 -7]
[306 491 412 -24 600 -439 87 -511 778 154 -520 -98 -401 -76 575 415 -1 42 -447 396 411 596 -666 468 31 -138 438 165 -140 736 297 130 -102 -124 191 -259 79 -10 -82 52 -215 64 167 -809 -262 -83 497 -52 61 137 100 -29 6 -177 114 -4 227 -135 -95 -43 -84 17 149 164 -106 127 -119 -54 -178 -144 -44 -29 169 43 236 -15 58 25 -122 6 -67 173 -13 100 169 97 39 -67 51 14 -167 77 -340 -57 66 -80 96 -80 263 38 -112 -57 134 186 -152 -6 13 120 15 45 -109 -115 -41 -104 -114 85 -55 -220 0 97 27 -13 -34 89 78 -120 -134 31 -194 130 -74 -212 -34 -101 -56 39 -29 31 -2 -89 -79 6 41 -79 111 -65 90 138 244 54 -172 -66 -234 63 -32 -3]
[127 798 670 -322 528 600 -624 -484 -411 -454 -65 -137 -298 -551 396 -394 -68 -687 107 -130 -533 -261 -82 -411 264 -95 184 130 -355 -766 332 -74 170 339 192 -48 153 -180 5 23 283 107 -388 132 -61 -109 -545 -154 -360 -130 48 260 163 122 6 118 -70 121 136 184 43 -87 -39 59 22 90 88 -33 73 -122 18 200 -36 -15 -152 143 63 34 35 181 -234 -15 27 -85 -72 -94 32 -33 -81 15 159 -127 131 177 168 -85 25 -110 74 95 58 179 -100 2 164 57 71 47 104 -45 56 145 15 -58 48 -25 17 75 35 -219 207 94 179 51 73 50 -41 -82 50 -11 154 -89 -158 -68 -213 -5 52 22 42 61 63 -31 61 124 86 -52 26 17 -203 39 -62 -13 287 -91 -116 4]
[186 179 37 -472 -710 -770 93 244 -398 -765 -130 -574 41 -383 -476 301 404 -734 -745 647 166 684 622 646 -742 -113 377 702 -414 -199 -197 -246 223 -175 -459 189 -94 236 114 -492 196 -159 -405 52 -39 15 -276 -68 32 -148 -145 -222 -263 48 356 100 243 -152 -71 323 -145 125 -38 -135 71 82 -4 -42 293 46 253 -135 -82 -199 55 -21 -51 -147 44 65 38 -77 -43 111 -35 -51 -76 272 -26 -53 221 65 232 -132 -87 -78 125 -134 -22 219 189 -180 -165 -88 8 43 -29 -161 22 39 -233 67 201 89 90 -241 -307 82 31 -78 22 79 313 110 -14 3 -47 -162 128 197 225 167 8 -284 -14 -27 25 14 -57 81 189 -13 148 25 -34 64 118 -120 -73 25 199 28 -26 168 20 1]
[136 45 219 19 -565 674 665 -754 -532 -588 679 395 -158 461 -724 728 -191 701 -355 779 534 -128 -409 -63 143 -480 -220 209 684 -668 4 205 161 -57 276 377 -50 5 51 336 -35 248 -59 122 183 207 -366 -117 162 99 -13 -134 8 160 -112 7 -22 3 134 -196 -114 -37 -9 47 37 -251 58 -39 -4 -82 -168 -84 -171 147 81 163 -107 106 -98 -269 13 137 -148 -20 -89 -4 20 43 19 213 -233 -57 43 125 -114 190 24 76 11 -52 -347 -60 -191 131 156 118 -91 129 114 83 39 194 132 116 -15 -88 -54 123 -94 -251 -3 -80 -173 63 -65 -7 -136 30 165 -70 36 -35 219 28 -88 -140 112 -38 -84 -24 -38 -90 -102 72 -152 -128 40 -225 -339 208 214 50 220 -2 -38 3]
[109 -326 742 -696 -295 281 265 206 496 -437 -718 -188 751 -330 -618 767 -551 -755 114 -250 330 -726 438 627 743 369 -688 139 7 -275 78 332 197 -25 -234 69 -29 59 337 -150 12 219 343 202 -21 -172 -68 -169 361 159 29 -197 44 -171 -377 -319 -8 -47 -164 14 -110 -164 203 235 -80 63 57 33 35 -14 -346 -214 106 135 -111 -108 -180 -126 105 -104 106 -13 -67 86 81 -103 223 17 104 120 0 -29 98 132 142 -121 -176 244 -147 -456 -386 -99 52 -127 100 -116 44 119 -8 67 339 -113 71 102 -24 45 12 49 -243 52 -143 -388 -443 65 223 280 157 97 -41 -29 -143 113 112 234 -12 40 -101 97 -296 -94 -75 140 100 -88 -166 -183 -30 -87 -54 -25 61 173 -122 -6 199 -7]
[-791 -734 442 298 789 400 -157 508 279 -735 -220 -320 -606 -10 561 268 -104 -493 -527 -68 -335 359 -3 615 600 636 -434 -335 612 -734 4 -250 180 -475 169 4 326 -243 -260 -220 -183 -105 177 290 25 -38 244 68 -363 232 180 -149 -75 15 -99 31 -35 213 -148 -14 42 252 175 189 65 -28 -30 310 32 9 -167 -127 72 213 -52 45 -115 -57 -30 7 -16 180 51 -15 24 141 -49 126 -42 -48 6 -94 -16 -78 102 112 -25 86 -205 -26 87 67 42 -135 -225 85 275 166 -68 149 -206 36 38 -28 -107 12 -142 39 144 -185 116 144 27 -47 -27 17 -1 58 58 -60 -167 -74 -75 100 93 -106 -125 110 -120 -150 19 -142 -22 81 13 87 160 149 -47 -94 -54 83 55 -43 220 -7]
[760 -529 -90 61 708 321 -248 -380 55 338 265 -402 98 437 416 510 -638 50 536 484 403 559 -426 -482 532 99 -326 302 659 -275 -133 -211 147 139 -59 159 -80 60 220 25 134 -244 -96 374 69 -195 -41 -20 -320 237 66 63 40 20 -228 -205 -221 -129 13 -211 -27 124 -39 152 126 -218 -9 288 257 -136 -134 -150 -34 230 3 105 -24 256 237 66 126 -108 -46 129 -25 -43 -29 18 231 -12 -99 -105 78 157 107 -23 -100 -10 -37 -4 -45 82 124 59 155 195 -95 234 -3 129 57 80 -88 -246 -42 -51 81 -23 -134 67 11 23 21 -50 301 217 154 81 34 -71 139 153 75 28 -3 -178 -58 -57 19 147 -92 -45 -5 -83 -213 -78 -33 58 1 138 58 142 28 2 147 16]
[725 712 -93 -21 -573 44 345 451 -543 -598 505 456 390 79 -236 552 -99 -797 -620 710 349 662 500 -114 -38 -247 -499 -413 792 -477 -262 115 -128 401 240 -136 -342 -193 -409 -341 87 -59 131 119 326 -36 -133 -63 443 -132 -55 -100 9 147 -74 13 138 -64 236 -13 78 -39 12 -261 148 -136 182 147 -20 186 103 -67 13 -118 -85 -291 -98 -5 70 -86 143 -138 -62 -112 -19 7 -88 48 -14 -22 125 -98 202 17 -133 -91 -218 34 -149 -182 -101 -60 88 27 70 -156 -34 -150 -32 147 114 181 -39 287 151 14 1 114 4 80 -67 -218 -200 145 -183 -167 84 -185 159 -9 -126 276 82 -84 265 -11 -11 92 -22 48 64 133 -105 81 74 47 -83 -115 -78 -34 141 61 56 -25 40 -2]
[-126 620 -700 -772 -562 435 -594 49 -359 477 -551 -261 773 673 445 741 103 162 -164 -677 -9 -3 -277 -739 -346 688 246 -93 -95 587 -243 -191 253 -31 269 305 12 190 -163 -180 -233 -50 -241 95 -186 13 -501 42 -55 -44 227 129 70 84 -181 295 140 243 61 -141 -26 -5 -95 198 50 112 129 -93 -96 -240 -154 162 85 262 73 -34 181 76 -270 347 -226 267 -7 122 112 -88 19 -19 39 -12 18 -54 -124 -29 191 -96 86 -146 151 39 75 102 -165 55 79 158 74 202 69 108 -53 8 -21 -196 -179 100 -82 -78 97 -332 75 134 232 -117 -35 -152 -165 10 151 -155 138 -136 10 -64 -148 -25 -155 -118 -220 -93 -166 -22 88 113 82 -18 40 186 156 28 -117 31 199 16 -86 6]
[755 -296 260 -144 511 -110 -27 -457 -473 112 -395 -709 111 232 85 -256 691 496 -148 -204 -260 -677 291 -189 -160 -487 186 -248 45 18 -417 -565 116 403 2 -153 153 691 72 10 -158 77 -59 -186 -118 63 -253 -42 4 -17 86 -64 11 113 96 34 44 19 24 131 -2 77 170 250 -45 -88 68 -23 323 7 130 88 -150 -58 -117 -139 75 220 19 190 -199 -73 86 13 -102 218 109 249 143 -131 -57 -73 49 107 32 -60 -43 -12 87 25 34 99 59 -77 233 81 13 -53 105 44 -81 -37 -126 -201 -117 -135 -64 -14 -19 -144 109 -72 -25 265 124 209 100 -48 -41 77 145 5 25 -25 -152 108 229 14 -45 -6 146 -208 -97 -263 49 202 21 80 -82 210 121 -3 -94 -96 45 -2]
[256 534 -560 -387 640 -344 628 742 395 427 701 -349 -242 -15 -573 -309 -536 15 -658 235 430 304 -104 534 -514 160 -400 -18 -682 717 -489 91 -68 -480 95 -109 -168 -127 -44 -106 -139 -105 6 320 194 -195 -56 -57 136 98 -341 -46 87 7 -135 11 306 -156 222 -241 140 133 155 55 63 -225 4 -6 89 -65 260 8 -141 154 140 5 -22 301 -102 -88 129 -26 -20 -44 -387 -132 -148 46 146 -74 -59 -129 76 15 -117 86 -3 74 -24 -22 17 -152 57 -70 -22 -81 210 -12 -4 141 101 118 -152 -151 2 84 -190 82 99 -96 -38 88 152 269 -74 -198 -48 76 261 -133 168 -7 83 19 257 -191 71 -138 -155 45 -168 -27 -268 -102 -175 219 25 -26 -149 303 253 -2 81 39 -193 8]
[-98 478 494 -162 -139 475 796 60 -23 24 -6 636 216 -304 722 239 -749 -580 -453 -707 121 -11 444 -604 618 -123 -24 600 570 -241 -242 -43 -86 330 -288 44 -134 -979 -159 77 -423 -157 89 59 -296 -183 -154 159 -68 66 -18 72 112 -127 -32 131 85 9 226 93 133 83 -128 355 122 -189 -56 14 57 -44 183 -31 139 70 224 -113 139 325 -181 126 -46 -24 86 48 -87 123 -100 -94 45 -253 116 -104 -84 -67 -158 -76 -45 -68 13 -84 -156 7 110 114 -133 -20 102 191 162 -57 -45 -7 -106 -221 23 137 -79 78 118 138 -41 312 45 189 59 -30 42 29 96 -81 40 9 63 -129 216 82 -67 -8 73 94 -149 -149 -165 -74 -66 255 -226 113 30 80 -90 -74 42 35 7 -11]
[-472 -456 -532 306 -292 -795 -229 -313 263 -659 530 -118 434 643 -704 76 440 -380 597 39 516 -691 -30 740 595 -204 609 -697 449 -138 -19 541 5 145 197 -275 405 -345 -93 -76 -104 -256 328 499 -126 -198 -11 -44 276 -15 -80 15 306 -51 -422 0 -277 143 63 187 335 4 -30 225 91 -234 102 83 -169 85 -44 20 -36 164 -38 -112 -13 87 -148 -16 -3 -2 20 -27 -144 85 -63 -151 -44 36 30 -289 175 -37 -44 131 -225 51 -121 -199 -78 149 -97 -212 -27 -125 323 -55 -18 -5 313 204 -104 77 134 261 48 164 263 -36 -149 -106 -130 -10 -23 84 46 54 140 -242 -172 -70 85 193 120 -108 48 73 -67 173 -144 -17 -33 -47 46 32 -10 -10 -146 37 151 -6 -15 -126 -93 4]
[121 484 -313 708 -588 -6 -45 60 -288 -446 -44 735 -432 -384 8 -187 -135 98 -390 -789 -352 -758 224 -757 250 -351 287 -184 174 -250 359 250 -93 -229 128 -209 302 40 -188 -164 11 9 275 -243 164 28 49 -260 420 -113 25 -150 127 132 -232 -80 -24 -38 104 381 130 -80 -14 140 -38 22 8 -122 60 61 51 -67 -151 -110 -84 -103 73 -32 -143 100 -137 -25 76 94 211 178 92 -38 60 130 -145 -109 -88 -5 -202 -85 -84 -94 101 -170 19 116 -332 21 245 -90 -5 -193 65 -41 67 29 63 94 -139 9 10 128 193 -197 -102 -220 -186 198 -103 108 11 -52 -84 30 4 -50 342 57 -102 -52 227 74 -78 40 97 -26 250 -74 158 -73 108 48 -108 -57 -6 -49 71 -32 126 -18]
[288 452 158 -348 32 -54 -689 738 -681 -511 74 568 2 -296 -120 -157 232 -330 -305 782 608 141 -569 620 -201 786 243 175 -690 685 30 128 -294 -421 215 -305 157 -316 -273 115 -74 344 234 -222 276 343 -166 46 351 83 -46 -75 -118 144 -393 -263 -256 52 -118 -131 127 42 247 -215 44 -59 85 139 364 258 -21 -130 157 -166 52 -8 -95 -54 175 98 132 -64 -10 -205 104 -67 -107 -32 -48 244 -195 -95 120 173 -21 -205 -27 73 -92 -55 -17 73 101 60 279 -132 -8 -113 -48 52 47 -67 -87 63 -95 -18 -14 43 31 175 108 24 -131 169 -27 -13 158 96 -216 -77 0 -99 130 75 45 158 96 96 126 -64 102 -54 -30 48 68 93 164 -196 -62 99 -159 54 189 -111 34 -20]
[799 -610 -315 -56 150 -35 398 -450 471 341 535 -61 241 -10 703 -26 -242 166 -70 771 -349 19 -408 -237 -206 487 -432 193 -723 -377 30 -381 -146 -267 -124 222 -137 831 47 -55 -74 215 53 36 268 149 -281 163 209 4 60 -108 -183 144 203 -168 -58 -16 -94 -222 -252 -170 73 -128 21 -97 17 43 217 229 -289 -157 -109 -45 -21 184 -294 -129 -32 -56 15 67 -121 -36 144 -71 44 -8 12 172 -105 1 142 93 98 -6 22 184 24 -32 -191 -11 27 64 283 61 -174 182 22 -12 -52 117 175 374 -43 -313 10 -4 -183 -76 81 -330 -20 15 93 206 15 -32 56 -10 -35 190 55 -3 -60 1 -1 41 1 -64 8 25 116 264 -80 -306 170 -297 -211 68 -29 225 98 3 99 -2]
[-406 -593 -41 -540 -7 -462 -118 237 61 495 -417 443 73 -483 167 -416 -646 -423 34 -366 -64 -115 -694 708 767 634 621 -299 631 337 93 278 -174 -540 -136 -141 8 375 -96 -84 -28 193 -104 231 -296 -116 234 209 -180 -14 158 199 89 -124 55 166 47 157 0 172 9 -193 -327 115 -71 -28 -164 114 -250 -104 43 77 71 -48 -36 -52 -5 -56 154 -127 55 20 -196 22 33 45 11 -119 -78 -16 225 82 28 -103 -103 61 144 -28 114 -65 -34 66 63 66 -211 -68 -71 49 96 -88 -15 -103 263 63 154 98 23 97 101 204 -5 -12 -62 11 54 37 -40 -95 105 82 -114 70 -55 -101 133 239 -17 24 188 72 -92 97 50 11 21 103 -41 -85 -15 -80 -261 -138 10 95 -68 -10]
[86 -625 160 94 800 -340 -242 -10 484 -549 629 -163 729 -708 560 407 -478 16 -591 27 -496 -379 187 379 388 -271 740 -370 -710 164 -196 261 -15 113 -288 321 -150 -196 -39 -100 225 -160 -139 58 323 191 -186 175 267 26 -186 -119 -66 199 1 -68 -52 195 -26 -111 -11 25 -5 -153 -41 -134 73 44 129 33 -113 -243 -119 -155 -176 -45 -78 -180 -68 -29 14 -66 16 9 258 -64 -59 198 -21 2 -91 125 217 140 -171 -47 -31 2 -172 -89 170 -41 -228 -141 48 -99 -52 -244 -238 121 -322 57 68 266 -238 -270 -267 93 -3 9 88 -207 -105 38 -159 43 134 141 36 -41 -24 46 244 29 -66 23 -90 -135 -91 -175 204 9 56 -41 -109 106 66 -186 22 -125 -74 89 163 227 118 1]
[-501 -223 351 -619 149 185 -553 -169 -689 678 -269 478 242 346 -629 186 20 334 -249 -74 -491 512 246 -16 -305 -226 767 330 -416 -734 81 353 0 -226 -342 -45 204 162 -21 395 129 91 -286 -11 184 -115 -63 215 -460 -76 140 230 74 -159 84 163 124 -9 205 82 230 -71 -37 134 -175 64 -41 -117 72 -75 -94 56 86 -62 -7 -3 -35 106 7 30 -93 -38 -59 -163 22 99 198 -107 -53 -110 34 223 -80 22 -127 -15 47 17 -71 31 -57 45 33 137 7 -24 22 8 122 -100 -195 74 0 23 -116 -81 154 -41 32 -27 88 226 37 88 -95 -61 32 76 -50 118 -33 -134 -84 -133 44 84 78 30 304 20 48 -242 -87 -177 36 -6 37 33 20 -239 -262 -121 58 5 -20 -8]
[730 -126 11 -659 483 550 -40 -756 641 23 -685 -720 -450 -121 231 -774 -89 -395 -798 -490 -269 400 643 761 674 -31 -189 67 45 -332 -60 384 55 129 -478 149 -439 -275 116 -140 -173 -22 21 -359 -148 -46 275 -34 -47 142 82 -55 -152 -144 322 -286 110 -134 -139 29 8 97 -14 -19 30 -67 -38 -36 37 -33 123 -47 91 -66 51 37 114 29 -180 62 -77 49 53 281 58 58 -15 -85 18 5 -27 6 -92 -50 124 -90 249 -47 33 233 -9 -127 167 169 -158 24 113 163 -65 -69 -39 -11 -116 -131 -141 6 -127 -129 -185 147 42 109 2 -96 69 26 -120 37 -135 102 -18 75 -11 -44 -1 -73 -165 -111 -75 -8 -116 -7 -30 -73 -16 12 26 91 241 73 -34 -52 -71 110 175 -11]
[-535 288 -516 251 -435 -71 -259 -75 -392 764 590 -135 214 760 600 495 155 -304 -544 122 771 144 579 441 138 269 -281 -104 -65 475 -120 -131 48 270 173 -70 -146 -683 -227 24 -226 -133 429 180 -38 -150 112 -140 70 32 102 -102 -18 -133 -60 -259 52 -212 2 92 -164 -123 317 55 2 35 -10 -144 -1 137 -70 -196 68 -27 -29 -53 -140 -43 -27 -107 -38 -58 -65 58 45 -3 330 37 72 64 -79 -54 -89 80 64 -52 -288 84 -67 -259 -270 -128 146 42 120 -132 104 128 -126 69 167 -64 -86 153 -71 -63 70 24 -120 101 -24 -242 -378 -79 159 239 136 184 -180 19 -86 132 89 99 65 -96 70 15 -112 -5 21 42 -2 78 -181 -187 21 6 95 -35 199 128 -198 -99 272 -21]
[-773 673 764 -312 -534 547 412 738 -166 416 225 317 -747 -407 305 -666 -493 567 -176 158 777 61 761 -62 275 -588 -21 496 426 -536 -212 355 -157 390 572 65 -200 588 -77 -37 217 190 102 -387 -44 312 227 320 253 76 199 14 67 -47 -273 9 -3 266 -142 -201 -7 7 1 145 -4 -9 63 107 -68 100 -229 -85 66 240 -127 -71 -1 112 -88 117 32 -2 -85 -60 126 35 113 86 -150 100 -72 101 18 67 117 155 86 119 73 -70 -160 129 117 8 -17 -23 87 90 34 103 -62 -85 -64 -3 -247 96 11 138 20 -11 -77 -65 -281 -20 -39 33 47 27 15 -3 -113 -33 65 183 -45 131 125 -111 -2 -20 -237 25 22 -54 -89 159 -64 -62 196 -242 -114 49 234 90 -57 10]
[581 100 -684 106 -181 -362 -218 -297 -140 341 669 -521 -595 -74 -238 570 -663 781 371 -529 -185 589 -673 -412 118 479 210 -367 -40 -771 390 96 229 416 -152 190 297 -295 3 -225 -59 -154 82 528 80 -172 -80 -117 -254 -92 6 -6 87 -179 -111 -175 34 -173 43 336 121 166 48 177 86 71 -69 170 101 108 73 -83 121 59 -24 89 0 209 -145 89 10 119 143 43 -14 126 -64 -78 -60 -109 279 -191 110 -148 -50 -6 -202 0 -129 49 71 38 -45 -49 -182 -25 346 -32 -14 -112 48 7 3 -145 61 73 -64 -30 155 -48 23 185 199 -34 -20 -25 -46 -47 47 -93 -81 8 71 44 223 -74 -13 119 48 -1 112 -79 110 33 -49 67 118 124 -161 -104 95 114 24 -105 -91 -13]
[288 375 120 484 -490 -703 -629 708 307 499 -686 607 -229 452 -170 -111 523 697 103 731 138 163 122 -157 330 800 -121 383 15 27 419 46 -34 -196 -131 -82 232 438 -97 296 176 -1 -100 -60 -112 200 358 10 -143 19 74 55 -21 73 180 208 -243 72 -220 -112 54 129 40 -78 -53 -89 -190 372 -85 -37 -31 166 153 -116 112 -42 103 23 222 119 23 116 -6 -29 -44 132 -194 -80 -245 14 -67 96 0 130 209 100 405 -103 -4 296 205 212 160 41 -43 66 88 -147 115 -75 -75 -237 -53 -134 19 102 124 136 178 44 122 256 181 -154 -32 -189 -23 -12 -161 -12 157 -145 -284 34 -156 129 31 92 295 -146 8 -67 107 -5 76 192 45 120 53 10 -99 -195 79 -61 -146 -6]
[-570 -661 67 787 308 -449 543 -44 -443 -88 35 -284 -78 631 -320 -214 145 -483 198 -375 258 -341 633 -410 -452 -501 -362 101 -405 -117 -175 359 207 -300 -15 -142 223 -699 -527 -137 -124 -164 175 105 -26 -102 287 -108 -123 89 -98 164 -19 -91 -304 44 -244 -22 167 99 310 264 -117 101 120 -232 -159 296 162 4 127 46 -59 -137 11 26 103 116 14 42 -23 -161 3 28 117 256 -9 5 -82 -36 -62 -115 86 -52 -235 -121 -272 -154 -139 -116 104 268 32 39 104 -201 99 -34 38 -18 -17 -2 -18 -103 -24 35 177 130 196 13 -68 210 -113 96 91 202 189 115 19 -122 70 23 291 138 120 -42 -6 100 109 114 147 -134 33 -38 17 223 84 194 15 -32 -69 -121 -21 -40 174 0]
[463 -173 659 665 -767 82 100 -396 -378 -200 -35 756 758 473 -320 795 -645 150 -768 179 328 667 -350 184 265 -779 612 675 -31 508 -822 -218 51 414 -394 -88 122 420 -50 -91 104 70 143 -411 83 64 135 -145 103 -13 96 21 -59 -26 -41 -364 -82 -98 104 85 -76 -51 61 -23 -56 150 -27 -165 -112 1 -13 -138 16 -263 -19 -80 -22 10 -174 -17 29 -105 -56 -4 234 -108 72 -34 18 119 72 -59 7 36 15 9 -111 50 206 -140 -117 24 -19 151 129 -75 -39 -133 -28 -232 -47 -33 23 21 21 -114 -43 -7 -102 12 56 -199 -151 16 -81 229 67 105 -194 49 -41 -14 219 58 10 120 167 66 23 -80 129 103 134 40 -4 -85 151 -152 102 -89 -83 -31 47 -104 -11 2]
[-571 245 -670 457 -188 -140 207 -252 -495 742 737 37 -680 -455 55 -409 379 540 679 -394 -244 -594 329 783 610 751 414 580 -565 -351 -247 -137 164 -493 89 261 68 -441 75 255 58 112 35 -19 -112 198 155 -78 -33 225 33 50 115 11 -283 -6 -345 379 -168 -170 -42 -38 -99 66 -125 -2 34 -160 -130 20 -370 -99 54 123 -74 132 1 -181 1 -169 -59 95 53 -282 93 -71 186 -42 -121 110 -374 18 -4 102 192 167 189 8 22 -136 -398 -57 -59 -38 89 10 -119 216 41 -78 127 -60 90 -8 -78 -54 123 75 -179 -117 115 -21 -292 -111 110 178 15 17 -35 -104 -53 -176 47 351 -274 27 -88 48 -98 5 -82 61 -92 31 -106 -119 -125 -127 -27 23 -165 58 152 -59 182 -22]
[-774 -228 683 -73 -560 642 469 -470 759 367 -66 655 174 -680 -377 175 614 72 506 49 619 -759 199 83 -750 -281 -212 -484 332 324 200 -632 27 329 -114 7 -353 396 132 125 407 -76 -309 -288 57 108 -79 272 194 -97 34 165 -189 162 49 136 79 -202 140 -194 59 19 -141 -127 -6 -82 109 9 42 5 175 54 -90 -114 172 -242 62 249 38 206 125 -184 -11 150 124 102 -74 37 216 -98 75 10 -86 -93 -93 -274 -157 -45 80 -52 322 251 41 183 98 -39 -252 -122 -57 -10 -100 39 -403 -40 -31 94 149 -256 -95 244 -71 59 23 66 -5 -104 52 93 -80 43 26 108 161 -240 59 49 -35 -111 36 213 190 52 -175 -47 98 130 -235 -56 179 -155 24 -142 -135 -94 -70 40]
[-616 114 -289 529 153 -327 -762 100 393 -199 -696 796 -49 -316 410 150 -755 400 285 -749 661 521 -192 30 -162 -537 90 -716 470 69 -429 -375 125 -207 346 116 -428 192 -309 -17 -75 -156 199 -131 340 134 169 67 87 215 174 -133 -55 77 -219 58 -119 347 -8 -238 -20 -19 205 -35 5 -181 -92 363 -68 -44 -309 -19 100 -4 -265 -27 -134 -49 33 -137 -41 -49 -45 82 123 100 53 54 -120 6 -89 -193 -52 210 192 -35 -105 187 -199 -349 -57 -24 35 -63 42 -115 105 5 -129 149 -104 -55 -163 145 -163 -64 -147 141 35 -108 122 -283 -279 82 99 11 84 169 -90 173 -56 50 303 200 -5 -22 -143 28 -127 -219 31 33 -154 22 37 -5 72 97 107 -17 -111 59 -64 165 254 8]
[-460 -224 12 -743 649 -216 428 -19 -707 -128 610 249 701 -91 478 -795 -102 -348 760 -727 3 -27 -206 -276 -568 -73 715 105 306 -181 245 -33 -413 124 -152 117 76 -209 82 -120 -187 -373 200 3 -38 -181 -34 -97 -234 -27 72 -6 42 -128 -60 58 112 -174 163 -37 -79 175 33 182 103 -23 -94 -46 12 -64 138 -22 -66 345 93 201 129 364 -91 15 -102 45 54 78 -85 207 186 43 -98 -114 -122 41 -88 3 -257 212 -184 -81 -63 48 -55 -33 36 95 -166 129 167 205 19 254 41 93 26 -157 -66 -33 -35 -94 154 -129 11 208 1 -207 25 -143 9 -57 119 -112 194 -19 51 42 80 -147 13 -138 132 -97 -34 -106 0 68 -68 -65 -175 355 -20 22 285 -36 126 90 50 6]
[-42 313 -391 -136 -415 144 333 784 731 400 -57 22 -676 606 -790 425 -627 -530 753 -39 -753 339 112 -18 -84 -97 -639 752 -746 -31 -324 -131 -61 242 33 368 47 99 -89 -143 171 -481 201 -6 67 -36 1 -49 391 -41 27 -266 137 -163 -280 -74 39 -182 -9 250 106 50 10 -63 102 52 -131 79 -119 21 -20 -101 -31 -7 160 4 1 2 -99 -66 40 -13 -71 123 -47 -115 -20 -58 -213 130 150 -55 82 55 -4 18 -160 -176 0 -151 -72 66 -159 116 34 -93 119 54 79 -10 82 97 12 66 -39 31 -28 200 56 -8 -21 96 19 -69 -194 -160 -153 -36 120 -100 -9 -80 192 -14 61 -15 138 -29 126 51 35 12 173 190 -71 31 119 -27 37 -116 148 -117 86 74 -298 12]
[-379 -406 -313 -390 -691 -432 372 -166 -127 47 -293 -393 150 55 -512 -649 -665 -730 -649 -460 -752 -156 182 -348 128 701 -493 374 339 -267 391 -361 -19 -347 -390 -203 -288 -592 333 132 36 -57 24 -306 102 195 -246 193 622 -193 -28 -29 94 16 53 -86 -85 -103 -121 73 -23 -125 -50 -75 -63 -105 -8 0 150 300 292 -38 -126 -155 67 20 -50 160 31 0 30 -246 -67 61 37 62 -12 71 72 61 29 -163 25 59 -112 -32 -192 41 85 -31 56 198 88 96 305 55 -181 -72 -30 -24 189 105 -201 -1 -58 5 88 -67 -5 160 -84 -143 -121 209 -54 162 150 78 -91 16 73 129 113 -51 52 183 143 -45 73 255 9 -35 -43 -56 -126 106 -62 -269 -43 -52 72 -28 -78 -37 -258 3]
[-86 757 746 563 790 400 786 -383 91 651 86 -788 375 -374 -224 -521 596 -30 -369 -53 136 -570 -63 703 -696 -760 -52 794 -339 -424 101 115 304 400 159 -1 50 322 -43 137 403 -164 -136 -131 -112 18 44 -137 -171 158 10 169 216 77 -50 -123 -265 145 -82 177 178 253 -176 33 37 -157 -13 219 -9 -105 -128 -72 0 -98 -181 -85 68 -5 -79 -21 -26 57 42 -80 130 143 -222 18 -172 -77 -230 -146 182 147 -96 108 -10 -139 7 -12 -38 77 -181 54 -37 30 125 -223 -142 -135 -189 30 -106 3 -208 -65 -53 166 59 -108 126 3 -66 17 -201 -34 -83 -177 -157 -160 -149 -129 306 26 -255 5 2 -73 229 -154 186 -39 -42 -233 58 234 112 1 -47 114 -17 117 173 -1 -113 -23]
[137 523 -279 -281 434 214 614 536 28 168 -182 622 466 -541 186 113 121 495 549 -587 -686 -211 557 191 -145 553 -445 -309 -546 113 114 -523 -59 33 286 -186 90 193 70 -349 397 -125 -66 -387 -198 -54 188 -70 22 -51 112 -84 7 45 -48 -5 -119 -59 -160 297 -42 25 -249 -146 -68 179 133 16 61 40 114 -104 -213 74 -174 18 -51 -162 180 -152 68 -253 -78 -46 -137 61 -77 63 24 190 61 -131 58 -227 -35 208 -32 -39 192 -17 -14 118 -74 -37 191 149 -93 -140 6 -66 9 56 1 100 54 -34 166 141 -20 -137 -59 -76 13 145 -216 100 -23 -204 5 -96 33 -28 110 55 -65 15 203 -51 -20 198 49 36 9 61 193 69 62 -167 -48 -2 167 -19 -92 -166 -116 36]
[407 520 256 -157 -136 702 173 688 -484 507 664 -251 -97 -439 742 -614 -328 -268 269 -454 -645 -634 726 -787 571 -524 483 560 -353 788 523 -252 48 -243 -285 -44 -78 130 204 203 89 -320 -106 323 -89 135 -303 156 -164 -24 284 114 87 135 158 -15 -37 79 -68 134 -81 32 -281 48 2 21 19 180 64 118 -21 35 -69 142 -108 -81 -3 125 149 -3 -1 96 -8 44 90 396 -52 66 62 -90 -57 5 -46 -42 -137 156 -6 79 59 43 98 147 -26 104 32 313 -83 0 23 -73 -84 -121 -58 -58 -141 4 144 35 -25 -145 56 -72 3 -112 -57 61 -15 -185 -44 -2 -53 50 187 -64 -113 75 162 -60 202 -51 88 -161 100 -61 65 115 -28 -74 -108 -49 84 77 -24 -112 48 -3]
[123 -788 281 -608 -232 -697 -134 -95 290 696 642 361 746 519 55 -457 576 -155 22 -17 2 306 754 -700 445 105 -700 -405 797 774 -321 -247 140 -223 -14 319 118 -100 114 289 -102 65 -223 323 -247 111 -401 64 -55 40 19 221 52 32 -122 -27 -212 290 -208 57 94 -22 -135 -128 67 -148 183 -176 -33 12 -35 104 -122 -87 0 88 -78 -244 -44 39 -13 45 -87 -134 -14 -60 -85 -129 -261 -51 -69 -53 24 140 102 -126 84 -35 -20 -149 104 199 -57 -78 190 -142 106 148 -202 -65 -39 261 -24 73 -20 -18 -153 28 35 -10 300 -51 105 -157 120 7 42 22 0 40 0 -187 -100 -28 -181 2 -82 -169 22 113 -36 55 -104 165 132 67 198 -236 57 18 -51 -27 178 -21 -136 8]
[722 486 463 -110 177 -58 -708 511 -570 -412 343 224 -582 370 -277 -246 -134 655 -627 9 -457 -540 255 664 1 398 61 751 -725 -597 239 -282 18 -358 -415 269 38 207 -281 97 -28 -297 158 398 24 -124 -22 -204 -347 88 -53 -28 23 -47 181 90 -40 -128 66 -6 -28 255 95 13 54 43 -133 -47 0 -178 -225 -146 299 85 80 100 -29 -54 -111 130 -194 124 188 97 12 33 -28 -63 -57 -101 -160 70 37 18 93 -34 -78 -55 -129 153 -162 -142 -62 -5 -235 -25 179 61 60 -47 -83 -46 56 37 18 -128 -68 -2 -47 -161 -22 239 4 -265 -216 -74 52 162 -35 -188 -93 -17 -132 22 -181 -174 -300 45 130 -313 113 -61 113 29 13 -201 81 339 70 106 -8 148 100 -37 295 -17]
[-316 582 366 692 -48 -552 -784 -565 -331 -555 -190 -233 200 -209 392 773 524 46 -387 732 -662 651 -282 -644 -42 -200 -383 -704 262 329 9 138 133 256 285 119 303 -196 220 -187 -204 67 83 489 -55 -112 -151 -322 266 -174 71 -269 71 -167 -18 8 155 -46 -44 -79 -127 -99 59 74 -65 -14 -50 6 -216 -2 -119 -68 170 154 -179 -176 -96 -113 -6 -109 68 178 -145 57 -223 -183 116 -8 48 62 125 -81 106 7 -2 64 -66 117 -126 -26 -321 -301 -143 -148 -113 -10 89 12 37 -25 230 -49 258 106 115 147 -5 76 -61 80 -298 -272 -129 -169 -51 -66 -21 -163 131 -84 -157 134 -39 217 216 -53 87 15 55 -123 -103 141 -26 44 -201 -270 81 -85 -167 -2 136 130 90 -106 -14 -25]
[-789 -666 735 146 -222 -457 -616 501 -674 -742 -620 -711 -473 -20 540 -800 -5 -57 -273 508 -744 -779 234 580 91 -30 647 652 444 -723 278 -451 3 -190 -172 18 -143 176 -147 -263 -158 -63 128 113 -336 -49 298 11 -176 56 -88 -22 -64 -38 -75 -131 -261 23 -235 251 2 231 -266 -124 217 19 -7 292 44 40 121 115 4 104 42 225 52 -224 158 -92 274 -74 0 -63 159 71 -264 -195 -126 31 118 0 -8 -35 105 -96 -61 -127 -82 81 301 241 98 -18 67 92 -87 148 -169 72 2 118 22 -195 20 -43 113 -138 136 82 177 243 304 -220 117 95 63 -34 19 122 112 32 -97 -62 32 -18 -244 -8 37 245 -143 68 110 149 81 128 179 114 267 -152 -54 -135 -40 76 2 5]
[757 -672 -714 -648 -240 465 147 -630 -335 279 -166 -68 783 -268 153 -572 -774 532 581 619 647 -254 770 78 476 -495 -618 505 44 -119 486 -498 -447 917 -127 -282 -87 14 80 -87 -45 390 -38 -73 213 371 -78 232 256 -137 4 22 -121 -47 61 158 82 102 6 -90 -21 -61 40 -233 -15 -133 -121 -115 -46 53 180 178 57 -202 322 -180 215 -38 72 21 60 37 -110 -2 -118 -161 -18 -94 -27 -106 143 51 30 -14 -16 -194 250 -46 32 78 121 -40 200 -63 -56 -264 -36 33 87 -59 -6 -152 10 -122 81 5 -35 25 94 249 16 126 219 -39 -34 -190 -126 44 198 78 107 73 -199 -230 187 299 -45 13 149 75 0 87 -53 -13 -4 184 -145 -63 110 8 -153 -161 -120 47 -242 -3]
[-115 -248 48 221 -25 -359 566 -166 457 -684 213 132 517 337 -778 47 -41 743 333 -785 685 -342 -783 258 400 331 233 252 -658 791 -269 -549 94 -316 -288 -124 75 -61 -21 -44 167 -211 -176 -130 -22 38 -259 -141 223 -43 -21 33 -154 74 15 166 33 -48 150 -131 -8 55 -34 58 -53 -129 -7 -133 21 -45 -34 -55 21 -132 227 -38 159 171 2 261 -196 33 -2 69 140 -91 43 121 131 -14 -95 50 -59 144 127 -208 108 -240 32 109 -39 -46 -89 159 79 -4 -169 98 169 85 4 -14 -8 -81 -90 -44 -2 -13 -5 99 -15 241 68 -64 150 21 70 210 27 19 210 -122 35 -32 -10 -13 -39 -132 64 55 34 -113 34 74 -158 -178 -66 53 69 30 -50 -200 193 -98 153 -24]
[799 712 417 45 -515 -24 595 -348 236 487 76 -143 -315 441 -566 547 91 -484 -399 572 -51 -20 539 265 -324 -694 -264 639 449 -93 77 133 7 228 37 80 -327 173 -354 11 67 -108 320 105 109 87 346 388 -294 174 302 19 -58 -278 70 -162 91 8 -62 -56 74 135 3 -91 117 232 -91 51 -124 72 -84 27 93 334 29 17 -116 -13 -82 -320 197 -17 -208 -104 -147 -10 77 -142 -129 147 110 29 -4 -131 9 244 3 364 -28 -77 -154 -2 312 122 -273 17 259 250 -143 -14 -36 29 -91 179 -112 31 75 57 -82 -7 32 107 -59 -210 -307 -192 -199 -48 5 -32 -234 18 -52 4 154 74 123 -109 72 24 -118 75 -147 136 25 109 -34 -58 141 -231 2 79 -19 -28 -38 -9]
[640 763 735 595 101 721 -492 552 -800 -461 353 53 439 -422 265 -282 -585 -616 -225 -55 -696 589 -597 -207 -9 -183 71 741 317 753 -223 -409 118 -75 -189 -37 347 -623 145 -11 125 -320 118 -335 -243 26 133 -82 105 8 -66 -56 -11 -16 -56 -184 -93 -71 -273 99 -44 -98 55 -107 -86 247 98 -103 116 155 179 -70 84 -40 -60 247 38 -132 109 119 -93 -132 193 -99 27 -112 -40 -43 18 265 66 -106 67 -143 64 -90 -110 -51 48 203 38 41 -27 -132 -22 -79 7 -26 -49 -48 43 -34 -85 -80 32 33 48 -69 -165 187 -51 118 53 28 -19 85 47 38 -179 -41 -108 -220 -106 137 -40 32 48 55 -15 39 108 75 -40 74 104 -40 -43 -8 -29 -82 -23 32 -62 -51 -67 6]
[-426 -223 -279 168 -800 770 -598 175 537 -571 714 780 630 -34 -707 -190 -352 -620 488 365 -410 -669 363 208 735 655 9 540 31 175 -53 147 -122 696 -83 -215 -361 -79 -325 -269 171 -253 -94 -268 56 213 209 321 74 246 20 82 -12 -56 -42 -60 -154 47 -211 -347 35 180 -151 -110 60 -68 -29 255 217 109 -154 -241 50 125 -29 12 7 -10 178 14 71 -43 -174 -85 151 -60 -104 -51 -88 207 -67 56 232 104 41 68 288 -99 137 165 -46 116 155 125 67 36 -43 138 45 161 -167 -103 121 88 -246 -63 12 155 -69 206 86 23 -34 -60 -54 14 73 -59 123 -162 -7 -43 -81 104 32 69 102 -189 201 31 -197 21 52 191 -50 273 41 -221 151 -7 -105 -38 289 46 -75 18]
[625 -381 -591 -127 -728 -730 -716 25 -479 794 -461 37 -295 -409 -651 714 273 -96 139 -197 431 -432 229 -434 501 89 643 -751 -35 34 -512 -484 28 -523 -163 -186 -7 -434 26 131 159 58 112 23 25 95 125 -81 -70 162 -108 -165 -68 115 -80 -377 -367 -21 -165 -100 13 109 12 -162 124 102 58 61 17 -104 -35 4 -53 -15 -176 62 -35 -194 78 -79 214 -57 78 13 125 -95 -84 -124 16 150 -139 -51 -93 104 85 3 -39 54 33 28 291 164 -90 -69 -2 85 -153 -53 -300 -35 29 -38 -15 -106 -20 84 -74 -165 -127 -7 60 -166 -42 -126 79 167 105 44 -131 89 -37 -32 47 64 -122 -84 59 -27 -145 -69 -22 113 96 -48 38 -85 112 -7 175 -8 -27 100 -38 24 75 14]
[63 592 284 -49 784 -30 348 -616 -215 -208 -60 158 652 -386 -81 656 690 691 -513 339 -313 0 -505 -123 591 297 -9 -448 249 353 -337 894 278 -175 11 -48 -187 -479 -208 -513 -133 -65 19 -79 129 -12 246 2 -243 219 43 25 -17 47 -40 -8 -172 327 61 -147 -105 17 -13 213 22 53 -61 114 29 -147 -264 -56 170 88 -249 176 -39 -179 -102 34 -87 47 89 -16 287 38 36 -36 -88 -17 -29 86 -86 23 178 -33 310 -57 -43 -38 -87 -97 -54 -126 -106 -10 0 94 3 192 -187 -190 163 -31 -7 -120 -266 122 -31 -228 92 20 -110 168 188 208 169 113 -15 96 128 -104 -61 277 -31 -41 -247 38 -289 -278 -107 66 70 72 63 -33 141 220 134 -11 -282 7 193 254 465 -11]
[-625 638 -381 -441 705 293 33 -781 31 572 762 -766 194 796 -170 -457 -422 72 260 -726 -333 -486 788 272 -410 544 -597 -264 -187 59 427 780 -247 -134 -221 143 124 -331 71 361 235 -199 -162 -201 25 -145 -196 -244 -81 -146 -97 80 59 132 40 110 288 -94 353 125 -17 53 13 78 -139 229 -10 -73 146 -111 112 37 27 -74 -29 56 24 255 201 97 -56 -41 196 -114 17 140 26 141 76 -143 -23 182 -206 108 -102 -65 -136 50 76 -60 113 -23 17 100 54 154 -122 -246 70 -54 -126 -60 -73 -186 -2 -63 80 -42 63 -96 162 61 174 142 61 -74 45 -43 -293 205 171 -121 105 -88 -191 94 160 64 149 16 256 -73 -35 -160 75 82 -96 152 -63 -49 19 31 -37 44 30 -38]
[373 718 -710 351 538 -345 -156 773 -519 303 720 246 44 -97 -392 -182 724 257 33 -234 -747 180 567 -743 488 559 -725 652 212 -514 124 41 94 75 -391 149 27 -521 139 -77 211 454 -47 -108 -88 249 10 120 411 -96 -1 -166 -35 182 -213 -128 -161 236 79 -97 -29 -209 103 -131 -171 -29 192 -96 6 111 -67 -53 -126 -248 -406 -277 -111 -183 181 -68 140 -96 -75 -219 -18 -148 60 235 37 11 109 154 64 9 -55 13 115 187 15 -212 -53 6 -5 -189 257 -103 -233 -277 -3 -78 8 -145 76 25 163 12 -6 95 -154 173 -17 -405 -268 73 35 125 217 -75 -150 81 -15 108 40 186 97 225 146 151 -20 94 79 80 -150 -215 5 232 -27 -297 56 -81 -69 -42 -37 18 15 -6]
[247 770 625 -597 -52 -670 227 567 -195 -18 -396 405 404 -224 405 -145 -170 -542 -204 -132 -206 -222 -30 254 207 -318 -661 -784 452 433 59 115 -25 401 -47 -215 525 -340 49 55 -31 87 -252 -396 8 310 -612 252 -129 -113 90 331 159 12 -53 235 -271 275 43 -19 175 -9 -141 194 -21 44 66 -137 135 39 73 116 -33 80 61 9 27 133 -198 304 -156 52 -53 -53 134 31 118 -70 -24 19 -186 -7 37 185 -17 110 155 -109 184 88 118 419 -149 3 277 117 80 -43 69 -49 -114 121 52 9 -105 36 15 -62 298 -383 145 18 195 71 27 90 84 15 -34 -25 143 -142 -62 -27 -219 96 333 -72 1 138 -135 -139 241 2 116 93 151 -72 -123 -29 -160 -7 239 -91 -146 -8]
[-473 594 -530 -345 -383 621 552 602 431 -191 181 -241 158 562 -198 450 787 -586 638 559 57 -494 106 23 -774 -540 -52 614 202 757 206 282 89 97 -403 192 -157 -751 185 -65 -269 23 -166 -153 -25 257 -252 -2 219 -268 -53 -361 -359 27 475 179 176 -54 -151 48 -355 -96 216 -240 -72 -12 26 -254 -16 193 155 137 44 -296 130 -169 61 -265 -90 2 -145 -9 -52 88 -107 -105 66 57 55 -8 201 28 -68 -87 196 -175 175 40 26 122 -32 -133 92 -194 -12 -133 -84 76 -9 -90 113 -118 -24 30 144 -122 -163 -106 -278 -19 -83 -15 125 14 35 37 21 21 40 192 174 7 -443 -153 -13 133 -72 150 -197 -93 -15 71 -103 145 122 -188 56 -20 154 14 139 -115 -289 20 60 -7]
[-341 230 490 456 783 -562 746 -273 -584 170 37 722 -280 579 225 113 -180 71 -262 -336 178 -340 -399 -150 -319 40 -714 -586 51 -149 -195 664 326 441 -430 170 140 -254 249 19 342 -229 -146 264 90 32 83 109 -377 146 45 23 82 60 25 -114 -156 142 -36 -84 185 167 -17 -26 54 196 -37 137 16 -41 -70 -198 97 95 -238 -83 -5 -152 136 -107 158 80 -21 -72 175 9 -83 94 2 -50 -74 115 -17 16 -156 40 61 -48 -154 105 319 -64 -66 -7 -188 132 -21 -121 -276 140 -309 -2 -64 19 -228 20 -124 -85 8 161 80 89 -51 -183 -141 -114 154 6 -96 -53 -96 -165 163 29 108 -139 25 -157 133 -105 125 -41 -71 -73 -87 72 140 -11 236 -229 -81 -39 279 44 268 -3]
[-259 -693 -462 597 641 -128 319 645 -716 783 246 -718 -200 -635 386 -264 336 -351 -614 -142 -583 -466 683 687 -549 -114 -104 452 656 140 737 334 -134 -365 208 -403 279 50 88 39 162 104 195 6 236 257 174 17 -58 -4 128 -81 19 6 -185 29 -97 25 44 -151 55 153 216 -158 49 20 -31 201 -119 -80 -45 71 218 39 5 -210 -57 -24 48 -171 180 -34 -97 -116 -42 -18 -71 -160 -70 6 38 -108 7 46 -29 159 11 100 -84 -99 53 83 108 -113 -95 -67 140 -119 -94 -14 -39 -58 -200 -125 41 46 -72 38 -32 -95 32 38 -20 -75 -257 -173 33 50 -36 -3 -45 -93 -10 6 83 31 60 160 24 -129 86 86 -110 -52 128 80 142 79 99 -27 84 18 -85 -47 28 15]
[575 -328 213 -730 -522 132 355 -617 672 275 330 -482 678 217 -216 -179 -280 -548 360 -138 528 -72 327 276 72 -356 727 521 386 767 489 219 -115 -75 -13 158 96 -214 319 24 -92 -127 14 -24 -35 87 -83 -84 -429 197 240 51 -105 -168 63 -331 -323 -286 -186 42 141 87 -165 183 224 21 18 -24 224 -73 30 83 -65 272 50 246 -1 79 -109 142 20 -18 120 337 -63 219 178 -137 91 97 -47 -34 56 4 2 36 5 -35 -79 155 17 262 -82 181 -34 254 92 245 20 -40 130 80 -14 -146 34 62 114 -199 -103 -117 -126 140 17 -288 14 164 -1 3 -31 46 -49 90 -124 23 -94 -57 -44 -180 -29 141 -21 -113 158 -66 -48 18 -109 218 -187 -30 63 35 -9 -205 76 -10]
[319 771 249 732 571 -187 -189 766 328 -574 -293 -337 570 -401 748 -250 693 354 19 338 -602 395 162 414 -118 -332 342 -250 -327 667 337 538 33 480 107 -23 -275 258 172 69 39 135 77 -108 -436 -145 -115 -297 -281 411 94 98 18 54 -77 -588 -198 -1 -178 -152 54 17 53 103 112 -332 254 26 198 -121 -158 -94 53 23 -146 53 -73 -87 -5 46 -54 45 88 35 -113 5 -212 -30 84 -51 -133 -142 178 112 181 -193 118 9 -45 -55 -293 16 156 48 47 16 138 343 -87 -6 57 154 -149 -151 13 -62 -168 4 -320 205 225 -224 -218 -175 207 190 155 -100 -126 -67 -204 42 -111 134 -79 -136 -237 -72 37 -41 -119 16 -211 -95 -32 60 31 -118 -22 312 -6 82 191 -188 177 -2]
[-686 -680 -11 90 -646 -720 208 -227 -683 -203 477 -402 35 325 684 222 -116 -574 446 64 752 -568 -467 674 210 -410 -130 315 380 531 -318 -20 560 -36 -365 288 -59 71 272 -28 -108 -118 -221 -165 -335 -149 65 -14 -433 161 -9 75 26 -309 88 95 26 122 35 -43 74 -62 -148 87 -140 148 -133 5 -136 -172 -58 -11 178 47 -172 -35 -33 -170 -65 -220 -20 71 30 55 -59 16 29 53 -91 -144 128 160 -11 -98 -5 84 52 127 -69 -48 22 -186 -51 -51 -239 85 112 -1 7 -178 -137 -140 221 -54 94 0 17 -31 59 167 87 -8 -53 -257 5 19 35 48 113 61 -76 25 109 134 101 135 -212 14 171 -77 -34 -27 -53 -174 -185 64 -50 49 82 -111 -279 -106 -137 39 -27 -45]
[-457 -225 366 -85 716 283 265 -190 285 670 -580 510 -757 457 425 603 -451 -274 792 -274 -425 -542 591 -226 -574 -563 -364 -266 -707 -247 96 -199 3 -222 441 -298 219 523 -26 -151 343 318 -56 -509 24 147 191 -190 256 -139 -241 -176 -136 150 -332 185 -193 63 42 -58 -173 -165 315 -77 -97 -80 28 -190 -126 105 69 185 -227 -227 -69 -63 -19 -78 -132 31 -166 -229 83 -222 -19 -95 101 215 -48 -25 45 -201 -118 16 303 -1 -10 -6 133 -98 96 28 -118 -210 203 -152 -233 57 -22 -63 187 -99 -87 -134 287 56 -143 -44 -9 -194 68 -2 -12 223 261 131 54 110 51 57 384 -37 -52 170 -137 -29 -79 261 -317 161 28 199 -53 -61 101 -98 -150 -1 -80 38 -66 27 -181 19 -116 -16]
[152 515 -499 783 -153 -137 -714 -52 -366 624 -740 383 -707 591 502 755 493 -32 -758 141 -547 -38 78 570 661 -10 -460 665 542 -696 -423 -497 192 228 -137 370 -255 1 283 -261 15 -165 43 100 295 263 -282 17 96 -7 51 -179 -290 39 21 -127 -223 -103 -110 47 -197 202 76 -48 201 -71 72 -128 254 149 -49 49 -251 76 56 -12 -136 -126 -121 99 22 -178 -24 178 -29 42 67 73 143 -180 -16 -11 -28 154 126 -147 -27 106 -110 -138 -4 -22 -73 -151 279 82 -75 147 -124 129 29 92 -68 11 16 -266 -134 -84 -58 -138 80 -146 74 -73 121 216 98 -25 56 139 288 174 -128 59 -186 -70 -122 -127 -295 66 38 73 47 40 -24 -113 85 34 8 64 191 232 -160 -74 159 14]
[-525 -110 281 576 282 -39 473 -520 -577 -636 497 319 512 -196 -304 448 -411 517 659 127 301 -584 595 -705 655 -734 464 -745 119 439 -410 312 273 -614 -285 16 46 142 -172 127 324 -300 22 502 256 -247 237 61 -145 88 184 97 200 -44 -115 -77 -138 -18 -69 -18 102 45 108 63 5 149 -110 357 -68 -235 -244 -132 258 105 -353 80 -120 18 225 -117 136 36 47 5 56 -104 -32 -66 -137 87 -2 -23 77 177 42 10 -225 -88 -174 -59 75 -31 -36 38 -220 -63 97 -180 -108 175 -53 -65 -74 19 -109 54 32 61 31 205 9 19 -177 -66 -78 -173 59 93 -151 33 -230 -172 35 96 127 -65 -30 -23 116 -177 123 70 -102 -32 -80 -71 129 221 63 -213 -45 19 164 13 91 -12]
[-450 302 213 -242 -512 755 717 2 103 191 770 -756 97 36 -67 252 -390 -95 274 -256 -177 524 399 731 -629 712 -599 -409 262 118 179 547 -240 -291 -265 343 56 -265 -200 271 5 -234 -80 384 -301 122 -229 255 -436 -35 37 273 -185 89 147 -186 78 -116 -13 81 134 33 -49 -3 2 44 219 -323 306 135 124 78 -104 26 125 99 179 184 -43 321 -102 113 80 -124 -148 93 -30 -26 102 35 1 110 219 -215 -152 -23 123 68 69 267 89 172 105 86 -42 -3 207 32 73 -117 4 -14 -169 -110 -35 25 75 -75 -21 -15 34 212 218 -152 -90 -37 -106 -43 -88 -196 -73 -28 -235 -158 -70 30 112 -111 146 82 12 -179 -38 -7 151 283 -230 -93 -95 76 124 -19 146 -243 -120 -5]
[9 656 -25 97 568 -175 -479 -799 -292 677 513 -716 -451 633 -442 275 32 485 82 177 281 -170 -589 149 -220 -425 -72 -489 72 -590 28 339 -195 -79 448 -439 -239 440 -166 47 -130 296 17 -78 95 222 -193 173 122 -102 355 -78 -156 -7 188 29 96 87 -9 -24 -277 -371 116 -132 -21 -81 20 -230 -233 11 24 209 91 -284 177 -83 60 -81 -37 33 -252 43 -130 152 -83 -176 214 44 71 59 234 -120 -109 -88 192 -86 48 -34 153 -30 -179 -117 -25 39 -83 -178 -110 266 118 -14 81 -195 45 104 271 -55 -139 39 -167 85 25 -103 -64 -89 82 -13 -224 168 53 215 -30 63 -133 -260 59 293 -134 174 -112 -81 44 99 -43 80 13 -223 -69 -74 -21 81 -151 36 -322 -23 -77 -6]
[-341 189 -96 -584 309 -273 444 -54 177 -8 -550 -426 -131 780 -166 345 602 637 -659 282 103 -357 -526 -295 684 -30 -731 395 243 648 163 -50 -187 -277 489 -113 -192 -532 74 -176 283 -118 150 -268 285 137 -81 -70 267 -162 115 -247 -108 152 -210 67 30 -20 154 38 -115 -201 237 -103 63 -150 233 -170 -7 286 -9 1 -133 -94 44 -137 20 160 -149 106 -180 -282 58 -75 -181 -42 138 210 22 -105 205 -292 92 -117 209 23 -215 103 -38 -269 -182 -32 42 -196 130 -152 35 122 -76 0 258 185 -305 138 192 -149 -47 180 -124 -168 -93 -152 -66 49 78 50 -3 6 125 22 103 126 2 42 17 -14 -1 135 -195 193 95 93 -201 104 124 -194 -311 2 -110 -68 195 203 -177 -99 -101 8]
[-231 -506 150 49 49 -479 560 338 -364 496 559 -734 113 -590 -572 698 -177 299 573 -365 90 -597 124 468 754 487 -107 -751 -591 236 -158 464 -206 266 220 285 125 796 -4 -185 171 -49 -146 353 -70 -2 -220 -355 -118 -105 -84 11 39 43 32 126 -158 -57 351 -29 -75 3 -304 40 104 -109 92 -255 -235 -120 65 20 -116 103 23 9 121 -61 -142 -110 -59 78 -109 43 -105 -76 115 -12 138 -148 62 -43 78 -9 -201 -89 -81 -108 33 -61 -312 -13 -146 -12 25 35 -112 133 60 -12 191 275 230 58 331 3 59 -65 -43 -46 -40 -214 54 -191 58 -29 -44 -227 231 -74 83 136 -139 -2 22 -192 -138 -39 -114 184 39 193 -56 251 21 -107 -209 6 -210 13 153 100 165 -210 73 9]
[-198 176 -346 -685 211 -530 275 -611 -729 710 544 729 -703 -196 771 -110 121 266 -728 762 134 600 -514 199 136 -446 -419 -792 777 600 103 19 86 -543 2 249 32 764 -64 -100 -44 226 -316 138 249 -74 -94 -148 16 -96 -188 -159 -277 120 56 -130 190 -59 250 23 -105 63 43 -132 -114 -140 123 -137 289 151 -24 -219 -102 -290 -91 -167 -83 -167 -77 -43 22 -137 -89 -19 -54 -80 17 84 119 -19 147 -52 52 -117 -77 -44 174 156 9 -65 -225 -246 3 -96 226 -6 -81 -159 69 -247 -37 35 50 189 63 -210 -26 227 -287 -98 -47 -62 18 233 -13 200 87 -78 -16 18 113 129 120 96 87 -100 37 95 -37 34 66 -49 -103 83 15 -89 137 -311 -102 36 24 52 -11 -81 184 12]
[784 641 -608 467 -63 784 368 751 4 -531 35 269 498 748 -706 743 647 -493 -515 498 -161 -664 589 -57 224 -222 -487 -550 -104 -701 555 517 162 105 34 -95 -153 37 -110 195 33 295 -295 281 -52 -115 -111 140 -257 -85 195 210 -153 17 144 -38 13 76 167 -50 -140 -86 112 -54 -155 -183 43 -83 -79 -36 66 34 15 -260 -58 -146 -33 165 132 51 -161 -88 -40 91 -21 7 89 203 67 -115 283 -44 29 -68 93 21 24 69 48 -71 -138 -95 145 77 5 32 -48 -74 183 -106 -63 -24 -119 -4 291 -40 -66 108 -128 168 65 -14 -53 -43 22 64 79 119 -189 116 57 169 -58 -128 21 167 -181 123 147 103 158 -34 -205 -206 -29 54 -52 -99 32 88 -42 -110 -202 -82 97 -1]
[-2 -395 596 -762 -168 -415 160 170 757 -763 -172 -78 195 462 -625 -156 563 308 574 -13 -696 -635 -17 760 -358 144 284 -141 -44 301 445 370 398 88 -326 -107 -477 -296 69 -239 -259 -94 -202 5 -26 -58 -215 23 -148 26 272 309 4 -157 435 -90 248 106 -145 432 -105 -121 -131 -82 -68 180 -42 -186 -57 9 -17 -245 36 -287 23 34 55 -240 -45 -4 -284 9 -36 347 327 -82 173 36 69 -56 88 191 -191 -65 119 -159 115 -230 18 -70 45 -220 -16 107 17 -82 -28 -15 -81 76 -45 -6 -32 220 -235 -267 -93 -4 -112 167 101 -153 -141 -102 62 125 -28 109 -98 265 -112 -21 9 -221 -71 80 -160 -94 -205 -64 94 -88 105 92 -94 -235 82 -37 254 -131 -135 -127 -208 92 228 14]
[-691 681 755 -319 -325 -503 527 51 -546 -57 -279 765 65 386 -92 -206 -711 495 -228 462 162 759 797 -626 -726 168 166 58 -682 -125 240 -76 -143 441 164 220 107 -831 -292 -239 -385 -371 94 148 -260 -362 70 -334 -185 111 10 -260 14 -245 -137 28 115 -207 -88 112 -141 10 117 176 27 168 -199 107 -77 -89 -112 -179 150 201 88 5 -77 58 -21 -45 -70 103 -18 153 -13 6 175 39 -73 40 -61 -11 -20 -37 177 118 -153 -57 -18 -79 -101 -153 -90 37 -56 88 123 261 6 163 218 -52 223 -66 87 50 -106 -79 72 -79 32 -118 50 -194 282 10 13 -58 154 13 110 94 86 135 -17 -123 -11 147 -76 -82 -74 -3 282 153 -124 -274 40 127 -19 78 57 137 -142 85 62 -13]
[-363 -572 -77 -629 -234 -160 777 267 394 82 720 -469 29 -492 -436 -324 -41 496 95 -339 138 -763 -231 -290 -104 -87 590 453 188 -423 -383 -365 274 78 92 -33 -54 193 340 -132 -85 -64 -14 -478 -155 184 -12 47 102 39 -63 -5 -140 -57 130 -314 -135 -85 -205 -115 46 106 18 14 79 77 34 -18 217 202 -33 -80 -96 -40 116 46 120 -2 -56 207 6 61 -2 143 288 31 -23 -1 74 145 -120 211 -112 14 182 -59 330 -121 55 144 219 136 143 133 79 137 -177 122 -81 111 122 -118 -54 -83 -183 12 10 -248 -214 104 -11 116 28 -109 261 155 111 55 -135 -26 98 -148 -153 70 -91 57 40 -133 -123 50 -106 -36 110 47 -66 24 88 -26 182 -73 -4 -156 39 25 149 -22]
[-742 220 527 -776 154 364 215 -696 -532 761 753 -165 34 -327 636 91 133 -132 -264 259 -562 188 -498 -704 -510 492 -640 -711 -222 715 -387 414 33 599 -143 -26 -102 -2 272 60 -1 124 -449 106 193 178 -38 374 -54 11 -253 111 -104 90 184 62 3 60 -106 -308 122 138 -24 -125 -89 -3 31 57 209 91 26 -80 16 100 -133 45 5 87 97 97 150 -12 94 -99 -59 -104 -229 131 55 -56 95 128 240 -78 -6 -46 169 191 -214 369 261 -98 0 -150 -145 50 -42 -162 -59 -12 -125 -15 -39 46 -34 92 -71 -177 11 220 -82 89 198 33 -86 -199 86 14 71 20 -16 52 -142 4 124 -12 -112 -83 32 120 -3 -81 -169 -122 -65 202 -147 -145 -130 -111 -125 71 154 -17 -23 9]
[375 688 -237 -564 78 -605 -722 -696 -367 269 -651 654 -488 -533 456 447 -787 -418 -608 793 584 -307 49 544 766 719 -78 -773 161 560 -519 -338 -29 -188 -194 -204 57 100 236 52 108 -168 -157 149 -118 -82 240 179 -461 92 100 77 102 -229 210 10 13 -170 -72 -61 -8 88 -264 85 -70 221 -77 47 -100 -94 -142 -131 36 326 -125 93 -21 91 120 -109 64 36 -68 118 2 114 105 -49 71 8 -35 287 -85 -84 72 313 148 6 48 283 7 19 117 83 -310 267 -114 215 18 42 36 -67 160 -74 -46 56 214 -226 -193 15 -26 95 -11 -229 26 37 6 22 175 35 -140 -29 -229 25 4 -58 64 -103 74 82 -155 -49 66 -48 -96 -109 -2 97 59 -189 -71 6 -70 -86 58 -22]
[-746 -13 -765 348 520 -589 653 720 360 -412 -589 733 11 358 85 -16 -652 -617 670 86 666 -445 201 762 -744 740 207 -764 133 -449 -265 -57 -255 238 -8 -188 -50 238 140 -159 -138 265 45 -285 104 -126 202 147 51 -27 45 118 -24 -365 -51 114 111 -60 -63 15 43 -83 65 107 -56 368 -216 -56 -137 -7 -52 -43 120 48 178 -80 -12 -15 4 59 36 -85 -90 110 100 -88 59 -67 -81 27 266 42 -132 -94 47 66 -72 103 55 -249 62 -65 29 5 -172 -43 45 -139 123 -42 -42 -190 151 4 119 141 20 -42 202 112 -162 -27 94 -5 -50 -48 41 52 -93 95 -9 -14 -115 -66 117 254 -70 49 82 29 -44 88 165 49 17 7 -70 119 157 -219 -175 14 -263 124 -204 -16]
[489 -182 111 -742 -80 132 724 369 -216 28 742 227 502 120 465 -711 -400 661 -519 212 776 613 -348 299 238 33 786 374 30 623 -264 118 -159 765 86 322 94 511 -47 -167 -49 -144 -39 -27 317 313 190 -151 35 20 149 -99 58 75 -153 64 -259 227 -35 -102 -3 215 -54 -3 49 -197 -177 233 -124 -54 -115 136 -101 45 -68 55 164 83 -156 213 -129 61 112 182 60 143 71 119 -123 -131 -196 -147 -101 183 149 215 131 -136 -20 99 -1 -20 -266 57 2 208 42 13 187 54 -25 -58 47 -188 -51 0 -63 46 221 -302 -10 51 21 -149 -60 -96 -111 -86 67 46 135 47 201 149 -135 -107 -105 -51 57 -146 -30 -123 251 -80 -64 4 30 303 -81 74 -98 26 149 86 29 15]
[-135 602 296 -741 -509 -468 -34 -374 -100 707 62 680 -186 -629 -204 -183 -191 -654 -262 352 137 168 -65 251 -186 607 -295 -283 -739 373 -507 316 301 -377 229 61 -21 107 -263 20 -21 -203 0 -149 -216 -283 10 -175 -26 135 -15 96 158 -199 -207 -6 -153 -18 -137 49 103 73 -144 88 30 281 -59 70 -80 -305 -204 -45 253 133 -88 -68 -52 -201 -20 -29 111 8 -100 13 115 -116 -86 -326 -207 179 -22 -148 -5 48 91 32 -101 -39 143 -250 71 108 -143 33 109 12 154 -181 -85 -115 35 -154 83 -17 -63 182 49 167 152 -100 -25 -160 118 -98 -68 23 41 -20 -182 -84 15 -92 139 97 -159 103 49 -33 56 -54 -126 183 253 98 87 -10 183 37 238 14 -80 102 -42 61 -210 -36]
[3 140 -763 197 256 597 -286 -280 91 -722 320 -155 -516 291 -733 732 -413 -269 -360 296 190 106 160 -754 520 -159 711 -798 791 -226 -452 -390 -119 378 -187 -271 98 463 -15 -359 -185 -330 280 -98 -157 -355 154 -52 -103 88 72 -143 98 -139 9 -39 199 71 196 -109 -109 -45 23 191 -3 81 -20 32 -234 -252 -3 -162 259 155 -17 -159 -7 69 -116 -25 85 79 54 80 -23 -150 66 -59 30 -129 22 84 9 -20 -56 89 -127 86 34 -211 -92 -117 17 -184 -190 -55 239 -38 -133 35 -88 -16 92 -28 72 -4 -192 66 86 -130 -62 -238 41 -86 20 5 1 73 29 13 -75 146 81 14 69 34 2 104 -141 -172 -146 175 92 -104 16 -86 -5 176 228 67 58 93 -128 199 110 -18]
[172 -658 26 630 -134 -711 636 465 -632 498 -174 8 -61 -556 -109 155 466 -645 546 725 -742 404 -766 27 41 42 -398 39 -218 -302 -625 -575 -39 420 660 -133 -101 -14 -73 69 153 134 43 -314 166 14 -38 -165 441 73 -93 -102 -120 68 -144 -105 -119 -167 -127 46 186 126 43 35 111 -118 -7 148 145 81 -234 -44 -174 -14 211 -196 21 27 29 177 39 -81 -82 106 161 105 -125 -139 92 183 -119 2 17 194 60 -60 98 24 68 -136 40 188 -67 116 287 -20 -167 -98 94 -24 125 12 -78 112 -217 62 173 78 -67 -74 -149 -49 -49 76 4 97 -30 -97 -86 -107 89 -18 62 99 -260 16 171 -51 33 -8 -71 -36 266 -26 131 -85 19 -118 -54 86 59 -63 -23 -59 -94 25]]