40
89
1601
0.005
[[12 30 -8 -27 11 -32 35 -20 -41 43 -41 -85 15 1 -22 -8 -17 20 -11 74 38 -15 35 -28 58 31 32 -41 32 -14 -7 -11 -31 2 -5 -5 -13 1 -3 45 20 -1 38 -24 -3 11 16 -6 19 -13 22 -3 -34 0 50 38 -74 23 -26 -19 -17 -11 1 47 -10 -34 9 64 9 -12 -1 -16 -23 -1 36 5 -9 11 -24 -33 10 -27 -1 41 40 9 1 -49 -46 -6]
[9 -11 -41 12 -4 62 -47 -33 26 35 32 -34 42 41 17 -22 -73 71 7 20 -43 11 -1 -54 -2 44 -23 -2 -6 34 46 28 44 22 -1 -41 67 1 50 55 39 -6 41 -22 -48 -17 31 18 6 -7 -4 4 18 -22 -17 -30 -24 35 -55 -2 -28 -7 -18 -2 -23 -49 -31 4 -16 -14 15 -19 -13 -35 -37 -50 -38 -51 51 -6 1 -23 17 5 -36 -30 4 11 11 -19]
[15 27 13 8 15 -64 12 -3 -10 8 -47 -26 -21 -22 -15 48 -30 9 39 3 75 -24 27 29 40 -18 52 46 1 -43 -63 -3 -58 17 60 32 -76 -28 10 9 -4 52 33 44 20 15 4 -1 39 -42 30 26 53 56 -64 54 -35 36 17 -44 5 -13 25 3 -70 31 29 43 -29 32 18 36 15 31 55 -11 20 -27 -14 -38 -17 -27 12 -14 44 37 21 -67 -54 5]
[5 24 14 29 0 -25 -49 2 25 11 27 9 63 47 37 -10 -33 12 36 1 10 3 -12 22 -10 14 -60 43 5 -2 -33 -20 43 16 40 -25 13 16 17 18 -13 10 18 17 -20 -27 88 -2 47 -9 -40 45 78 -31 -82 -2 -59 16 0 -82 -45 8 54 -34 6 37 26 36 -43 4 -32 35 14 -46 -28 -26 -4 -49 54 -36 8 -23 13 -13 14 -7 56 -24 4 -13]
[18 -20 -4 40 -5 50 -32 -10 -30 -28 -23 -20 11 26 8 16 -54 25 -32 21 7 -12 -50 20 -28 -22 6 31 -48 -23 -7 -22 14 44 16 -31 -35 1 75 11 -10 24 -13 3 -2 -9 -31 -5 -2 23 15 8 6 16 -6 -30 -13 -1 -54 -8 43 19 9 -23 -5 27 -56 0 -46 52 -12 -62 8 -8 -42 -17 52 -25 37 -57 8 61 -16 -9 -17 35 31 -39 17 -6]
[-5 29 2 -13 -47 -2 19 18 -2 -25 24 17 -8 -16 -30 64 9 21 30 23 -16 21 52 32 55 2 -2 5 23 22 29 33 -53 -42 4 54 -33 20 -16 8 -30 52 -15 14 -32 -4 20 -28 -8 -56 13 -30 24 15 3 7 -34 28 56 -16 -22 -15 -17 -5 -12 -16 37 8 -30 7 57 42 2 4 39 18 -15 -12 -6 64 -36 -80 42 8 26 -35 18 -42 -33 10]
[21 22 -47 -33 2 -1 51 61 58 25 -8 15 -31 -56 -7 3 -8 45 18 -24 -2 -32 60 65 35 10 43 5 0 26 -1 43 -17 -17 42 17 13 -28 -34 18 -42 29 17 27 11 11 -13 11 49 -34 14 10 71 11 -21 42 31 21 -31 31 8 -57 -32 -31 -41 -7 42 -56 37 -6 35 38 25 24 89 -18 -6 14 -36 4 -26 14 14 -24 34 -32 -13 -9 -55 13]
[-19 -33 31 -38 -6 24 -4 -21 55 16 26 -17 -25 -25 22 -46 51 -49 24 -3 -6 -26 -1 -68 -37 -7 -42 16 12 -7 42 24 21 -40 3 12 6 -5 -65 -42 64 -52 -3 14 -5 37 15 -2 -28 -16 -45 -12 -12 -18 0 -2 47 23 6 3 -26 1 4 33 -28 16 12 20 26 19 0 -5 -42 9 -40 -63 -32 -74 52 33 -8 -47 22 10 -3 -47 -72 58 14 11]
[-10 -2 52 -10 26 20 0 40 95 6 76 86 42 1 58 -98 24 7 -1 -6 8 -17 -20 5 -64 19 -54 -14 11 29 -25 6 19 -24 -39 -53 90 -15 -74 10 -8 -71 7 -9 -15 8 53 -5 -11 27 -78 -10 0 -77 -27 -12 61 11 -16 25 -57 -12 -53 -39 27 18 39 -59 69 -17 -61 7 -17 -16 -42 5 -2 -25 24 -57 47 37 -4 0 -30 -87 -24 39 17 0]
[-11 17 -58 41 -22 -19 -24 6 -34 22 -40 27 22 12 -7 -19 34 -70 -27 -39 16 25 -8 -45 -40 -19 -11 -31 28 1 -22 -6 19 26 -24 -14 -8 8 6 -22 1 14 -73 30 6 -38 -11 7 19 43 -26 45 -42 -18 -9 20 -32 -13 -5 -35 -19 62 57 58 63 5 -34 21 -16 -49 -65 -2 33 -16 -4 81 0 33 -43 38 32 53 -28 -14 30 46 38 44 9 -12]
[-30 -21 -41 -2 48 27 -5 5 26 -17 -3 7 -17 24 18 25 -66 93 3 -21 60 23 -12 22 31 -16 47 29 4 17 -70 10 -17 63 10 -43 29 -73 54 29 10 10 81 -8 7 11 -13 18 -6 4 53 24 56 9 -55 -47 53 2 -50 45 51 -33 -23 -66 -83 -4 4 -115 37 -1 8 21 14 28 -3 -51 11 -17 45 -45 5 74 -25 -9 -34 -35 -25 -55 34 -16]
[33 23 47 32 44 -2 51 29 -9 -35 -18 3 30 34 29 -33 22 -3 -26 18 -5 16 -67 103 -2 3 47 -65 -23 -62 -31 -41 -24 -21 -14 -13 30 29 -18 11 -10 -5 -1 -49 27 -18 -22 19 -4 57 5 -43 -78 -1 65 47 6 -38 -28 70 9 -16 -55 -67 59 -45 -12 -13 46 37 -36 -19 -22 15 4 53 42 52 -63 -82 17 60 -48 -3 -19 55 -4 4 -15 -5]
[-42 44 57 -2 28 -30 71 18 -4 -14 44 -47 24 82 17 3 6 -12 33 27 45 -15 5 77 24 37 4 -11 69 -14 -73 -32 -4 -37 23 -46 -12 4 -61 24 -6 -13 63 -30 4 2 20 0 26 37 1 7 16 -32 27 20 -44 7 -28 6 19 -34 54 -53 20 7 66 -36 38 34 -35 39 -13 -7 46 3 23 2 -2 2 21 38 2 27 28 -13 -21 -30 -2 18]
[-36 -48 -11 -8 -6 8 -23 -35 30 26 -25 -14 -5 -52 20 -38 -58 24 -8 44 74 -21 11 -104 22 7 -11 23 21 22 2 29 -7 -22 -30 4 0 10 30 29 18 -13 0 1 -4 1 88 -34 -29 -7 -3 21 -28 -36 -19 -10 -14 52 -23 -37 -54 -2 -36 31 -27 1 -23 2 -20 3 -26 -67 -18 -8 -41 -34 -4 -19 25 -71 29 -69 17 31 13 -51 -35 -24 30 -6]
[-5 31 25 -16 -17 3 0 0 23 38 46 -64 26 4 2 -7 12 40 13 36 39 -53 51 -53 16 11 6 12 36 -20 -8 -23 -6 -9 25 -13 -16 -2 -48 -1 16 13 42 7 -43 5 -16 1 24 -14 -9 13 23 15 15 -31 -63 -2 -31 -44 -9 6 12 54 -7 -8 44 52 11 -4 17 35 20 -11 -12 -3 -16 -8 20 30 14 -44 28 9 23 -52 44 -25 -75 -7]
[9 -16 46 0 -50 63 -78 -23 51 -39 70 40 99 48 7 -5 42 51 8 52 -28 39 -67 -11 -41 -10 -26 9 -13 -15 63 -42 -14 14 -38 -8 24 21 18 -30 45 -8 -49 -20 -44 -14 16 -19 -24 -37 0 -37 -50 -9 -16 -73 9 -9 -4 13 -28 51 -41 -57 38 1 -44 25 -34 48 -5 -3 4 -12 -128 -11 -27 -35 74 -33 19 -23 1 -5 -48 -22 48 -16 12 -14]
[37 -13 -42 -25 28 -17 -14 -33 -54 11 -71 -47 5 -19 -14 23 22 -10 -9 8 1 61 -22 -36 34 25 79 -63 27 -57 12 9 -34 11 -52 12 28 39 21 -14 24 -19 -19 -12 16 -13 22 33 -4 37 11 -7 -57 13 22 23 5 -10 -9 60 -11 38 -40 2 -22 -65 -66 2 -7 -13 7 -16 12 12 -26 35 -54 61 -20 32 21 14 -72 -35 12 59 -10 23 38 -15]
[-35 7 0 37 48 -23 19 -19 3 -44 20 42 -1 89 15 -9 -3 -20 -4 -33 -26 59 5 41 -1 36 -7 -4 36 31 -75 -6 -22 19 -4 -8 0 -5 -1 20 53 28 37 -50 -23 4 -30 15 -10 27 -6 -26 -46 -44 -18 -17 11 0 53 24 13 -19 3 -16 4 -5 8 -20 20 -9 -13 38 -48 47 12 27 -1 -31 -33 32 -24 -32 23 29 -18 8 21 -24 20 -32]
[13 -34 13 -35 15 -21 -20 -28 44 58 -7 17 5 -59 -34 -52 5 -14 14 42 -68 -27 21 -122 -42 55 33 -21 -26 15 7 67 -29 20 -27 -20 58 -22 -24 22 59 -75 11 -2 -38 38 7 32 -1 -9 -31 -14 -14 2 -62 3 53 74 23 29 -61 9 -86 63 -39 -3 -37 54 9 -55 18 -25 -43 78 -24 16 -66 -79 -11 -20 28 6 7 -17 -2 -11 -2 33 27 -12]
[11 -11 -47 25 -10 23 23 34 19 -62 -69 57 3 12 -16 22 32 8 -21 -33 19 23 -29 158 29 -34 -20 53 1 -16 -52 -42 26 29 37 47 -65 12 56 -43 -54 45 -56 -36 49 -20 17 10 56 -11 24 15 45 -21 -32 1 26 -80 30 15 43 -3 56 -88 24 57 15 -45 -38 81 -36 29 51 -31 4 -35 48 6 1 -17 -53 -23 -25 4 22 48 35 -81 23 2]
[55 -3 55 27 28 13 -23 -7 63 11 13 -14 -16 -15 -6 -45 22 33 41 -30 -12 -44 -1 -20 -65 37 36 -11 10 -53 -67 17 -9 7 27 -13 15 -2 -35 -9 43 17 33 35 -15 -19 -56 69 44 55 -71 -10 44 23 -72 19 35 30 11 4 -41 9 -26 13 -30 -4 24 15 26 46 25 19 -1 28 -29 32 -1 -98 5 -7 2 -18 -26 -58 5 -5 32 32 -7 -1]
[-23 -23 67 26 -6 -55 4 -14 -64 -22 -12 -25 -42 -36 -32 14 -27 -70 -23 -72 25 -27 -26 12 -23 -26 -31 -3 -9 -2 -35 -34 6 -23 1 23 -25 6 19 -25 2 -35 3 8 41 -13 1 1 -59 0 -22 14 8 48 43 -2 -6 -11 61 -38 -7 0 46 39 40 58 -2 -3 -25 -20 -26 -5 -25 -41 10 -3 38 24 -29 -31 -13 1 -37 -16 -19 44 -63 33 57 34]
[-8 9 70 -31 -40 -12 -11 -36 -37 -13 31 -29 14 14 -34 47 61 -9 27 3 70 14 3 48 8 17 25 13 81 -20 -5 -45 -29 6 -3 16 -53 -35 -56 -28 -13 -22 23 29 7 14 33 -2 31 -34 -24 6 25 -5 33 27 -25 37 8 1 7 -5 47 -12 -43 30 56 7 -35 70 16 44 25 -22 -7 -7 14 -66 36 23 9 15 -40 -25 37 -9 9 -20 -55 38]
[16 -7 55 9 -34 -20 -4 -72 -58 68 51 22 6 -32 -103 27 -45 40 34 36 -14 -15 42 -6 12 75 65 -49 10 46 4 13 -34 -3 -33 -3 3 -1 16 57 -43 -38 64 -65 1 30 33 42 5 -30 14 -30 -12 37 44 10 0 72 45 39 -29 -13 -24 11 -12 -30 10 -17 -17 -17 25 -3 -2 0 49 50 -39 9 -31 -9 24 -6 -37 -7 -28 22 15 -9 9 41]
[-44 3 -76 19 3 -43 -9 -10 2 -21 -7 10 -3 27 26 -40 -53 31 18 -22 44 66 10 -56 31 -13 -33 -29 8 54 -43 7 36 24 -21 -37 47 -25 59 21 6 26 -7 -10 8 -32 27 -15 23 38 20 51 -18 -41 -11 -5 2 26 -46 -19 -10 -29 15 31 3 -48 -4 -9 27 -75 2 -19 8 -8 11 53 10 -26 -28 -28 30 -15 -2 26 -14 -47 -8 31 16 -13]
[16 6 -21 -70 26 2 10 27 -30 -9 -37 16 5 -6 -34 32 13 56 -2 29 35 35 34 -6 23 -7 61 5 -5 -45 0 -45 -1 51 -52 -31 3 -46 30 4 -69 -61 -7 -27 38 -16 -11 -19 46 16 33 -17 5 6 25 -23 52 -42 -23 57 51 -11 -29 -20 -32 5 0 -37 27 -26 47 -36 73 -2 27 37 15 70 -14 -40 30 38 -59 17 -11 -14 -11 -52 -6 27]
[-20 -8 41 8 -2 -1 29 -11 14 -31 2 -50 22 54 -10 4 -17 -3 13 12 -25 0 -46 20 10 -9 -1 -34 -18 -8 -47 5 32 24 -19 -13 17 -18 26 26 47 10 38 14 24 -19 -32 -20 -12 13 80 -8 -43 38 -16 0 10 -6 -45 1 19 -19 -4 -35 10 -5 -38 -3 26 5 -31 -26 -40 18 4 -37 39 -27 1 -40 11 57 3 25 -52 12 -42 10 37 -13]
[-29 1 -59 -12 -43 23 -1 40 33 13 -21 50 -9 -37 -4 -1 103 -40 -15 0 7 7 14 28 5 -36 -6 -15 36 -25 3 -2 -1 -22 7 41 9 19 -21 -75 -21 -2 -73 -23 30 -32 -8 37 -20 -4 -31 1 28 -25 49 -37 12 -71 69 -6 -33 27 39 -50 108 -1 -7 -71 4 2 -33 34 -4 -4 -25 25 -36 59 8 45 -32 -24 -32 -33 41 0 9 26 44 -1]
[-6 24 -34 17 -14 61 6 6 -27 48 28 -14 26 24 -16 -53 -32 24 -39 49 50 3 0 -20 -13 -4 -34 3 24 52 44 36 -2 19 -31 -18 8 -42 -22 39 12 3 35 1 -64 26 2 -12 -65 -19 -29 -20 -20 -39 40 -4 -54 31 -31 -29 -9 44 6 77 8 -38 50 -2 20 -12 5 -19 -29 -17 -24 -4 17 -65 17 -3 10 27 21 51 21 -44 19 -36 -55 -22]
[17 30 -70 -15 -40 21 57 55 8 17 -55 31 -2 -48 -2 -4 10 -34 -13 5 -8 -29 68 47 28 -34 -6 16 -5 -27 -37 24 -2 4 25 45 -54 3 -51 11 -54 26 -28 26 23 20 21 -47 52 -83 -20 -6 8 -10 3 69 -5 24 -29 -14 -38 -9 5 27 -5 27 -15 52 -12 -14 -12 14 7 6 75 4 14 -21 -70 -23 -9 -55 -9 31 68 4 -8 -54 -80 7]
[-14 18 38 9 -9 33 -52 11 52 -18 49 49 39 15 39 59 -21 21 -10 -42 -30 44 46 -58 -25 11 40 27 28 38 -30 22 -35 40 -20 -31 72 11 28 32 -15 -26 1 39 -95 -50 34 -5 -6 -5 -27 -7 48 -14 -85 -84 -28 20 17 -42 -32 -3 -60 9 -43 27 -21 -19 -26 -67 -6 59 41 4 -48 35 -19 -28 42 63 -14 -14 35 -41 -34 -70 85 -37 -32 -45]
[-28 -22 46 23 25 64 9 -1 3 -43 -10 52 -45 -3 -38 14 13 -16 -27 -15 -26 -33 26 42 -26 -38 92 43 -24 -16 -88 -11 -19 33 20 28 -5 -54 12 -18 -37 16 44 -16 23 9 -71 -9 -20 14 27 -35 -1 37 22 -49 46 -24 25 15 31 -41 -49 -44 0 13 23 -62 25 26 16 -25 4 99 9 25 67 -23 -21 -41 -17 25 -22 -16 -2 -1 61 -39 -13 -41]
[58 52 -10 -21 4 18 26 65 31 6 11 56 62 -22 -54 -37 -33 18 16 50 33 -50 53 35 -10 11 15 24 -38 1 -22 8 -46 -4 19 -13 -71 -24 -33 18 -36 38 -46 -9 -51 39 13 -16 81 -29 8 15 11 6 -62 15 -13 46 -4 7 -6 4 -43 30 -30 12 76 54 0 29 -23 -1 46 -10 37 22 19 -20 -1 -2 34 3 41 32 -10 -48 79 -55 -49 -3]
[-28 -6 -28 2 1 -8 -7 44 -13 23 -38 -16 -50 -36 3 39 58 57 -8 19 -11 15 3 24 76 -17 8 -55 26 -17 14 -16 4 -5 4 -5 69 30 -27 -13 -49 2 15 -20 4 -22 13 62 -13 38 -10 -13 48 1 17 -3 -2 -78 22 -4 -8 -16 -10 0 43 -24 46 -66 72 -56 18 73 -6 -18 -4 38 -32 47 21 20 -16 22 -66 -17 38 -2 2 -45 37 -6]
[2 30 35 -22 30 -57 65 2 -45 -13 9 -72 61 61 -30 -7 71 -3 -2 29 28 7 -75 43 6 22 17 -79 34 -23 -31 -38 3 -9 -29 -42 7 14 -42 -11 23 -65 24 -17 -1 3 2 43 13 31 28 10 -49 -23 33 53 -45 -51 -25 8 55 27 43 2 77 -32 13 11 37 -10 -29 11 -4 5 -18 45 1 38 -44 -24 74 64 -39 30 8 39 17 -2 27 24]
[-11 36 -63 7 9 -1 39 48 35 16 6 16 34 -27 43 -6 -45 25 3 13 23 52 4 24 31 -6 21 -33 14 17 -43 80 -32 -28 13 -19 47 82 15 -6 -16 -8 -27 -18 -53 -3 75 32 -42 -18 -22 36 51 -15 3 -1 -37 13 -26 -24 -43 25 -38 -34 47 -82 -20 -65 -10 -67 -41 71 -10 -2 -2 42 -53 40 0 17 31 -3 -17 -24 9 -50 28 18 49 -21]
[16 44 -10 40 -4 7 -9 -36 23 69 29 -26 85 73 11 -16 -11 37 50 -33 12 -2 7 -44 -4 -14 -5 -69 52 -28 -49 -3 52 -7 13 -60 33 6 -7 41 58 1 45 -5 15 -42 47 14 37 8 3 24 -59 19 -11 18 -76 7 -37 -4 -45 16 72 18 -8 -54 -3 38 38 -30 -59 12 26 -54 14 -12 -53 35 -26 6 19 -18 -25 19 -21 22 -34 3 -34 4]
[61 10 -1 -21 4 13 -20 -10 2 22 50 -33 34 16 -9 -5 -20 72 39 -17 -29 39 -28 29 -7 29 -11 -37 2 -24 -41 6 68 28 1 -6 25 34 -23 -15 55 32 50 4 -9 -5 -2 43 6 -1 -35 27 40 27 -7 -39 -30 -12 -29 3 -5 42 -13 0 -16 -56 14 -7 23 -11 27 34 -14 -42 -39 -43 -51 -6 53 17 5 4 -46 -46 -53 -17 13 21 31 -21]
[0 -5 129 -3 16 -29 -3 -8 21 -33 63 30 8 36 -27 -9 53 -49 61 6 -33 -14 -15 5 -36 7 -32 -7 -7 -12 -20 -10 7 -50 -12 -36 17 57 -30 -48 -24 -84 -1 -23 1 36 62 -3 19 45 8 -16 5 9 -62 -4 48 -28 49 1 20 12 36 -45 19 47 3 11 19 28 -43 27 26 -2 -26 23 -25 11 43 50 37 -35 -8 5 -33 -5 5 34 81 20]
[24 -45 -15 3 18 7 33 -38 19 26 -58 -13 -64 -51 40 -35 -1 -11 4 -16 28 -5 -9 -5 19 -32 3 -30 -44 4 -16 -4 36 17 24 38 10 -12 46 2 41 -13 3 -31 57 41 -8 33 5 7 17 -7 -17 4 38 33 58 7 -16 40 -10 -49 6 10 -63 -5 24 18 75 20 -33 -28 -69 -9 8 -54 32 -69 33 -42 -54 -51 -5 25 -23 13 -63 -7 11 -2]
[40 -19 26 -18 24 43 -35 -26 53 46 -3 -17 -1 -26 41 -12 27 37 14 -11 -49 -2 -17 -69 -6 -14 17 -49 -21 -19 9 29 10 17 27 -13 78 10 -8 -1 100 -26 49 -42 6 2 -19 47 -25 -15 -17 -13 33 -4 -47 -39 23 4 30 43 -35 23 15 -17 -49 -26 7 28 62 10 -3 57 -31 1 -67 -68 -58 -33 63 -3 -51 -40 -9 -6 -20 12 -42 25 34 -11]
[-18 -1 -27 44 -11 33 -21 -8 26 22 -23 2 4 -1 -59 14 -75 13 44 32 26 -2 18 -48 38 -33 -24 19 -34 -14 -9 27 -37 11 21 4 -33 -33 95 20 45 19 -9 -16 -26 10 40 -19 5 -38 66 9 14 77 -15 -3 5 49 21 -19 -32 -32 -21 5 -56 -7 -25 35 -44 -19 -31 -10 -17 -4 20 -34 -22 -80 42 7 -14 -52 5 27 -55 -29 -7 -42 20 -9]
[-15 12 14 -5 -20 -32 -13 -21 21 16 40 -3 58 52 -13 -61 31 29 -2 -19 -2 50 -23 -28 -18 26 2 -40 44 61 -9 -35 -11 36 -58 -12 104 -49 1 42 62 -49 47 -2 -23 -35 33 24 -7 -23 5 -18 -21 -36 -24 5 -7 -3 35 -10 -41 34 -13 6 65 9 -14 4 14 -54 -20 49 -23 -5 -44 16 -52 -28 -30 -81 -5 -27 3 6 -12 3 -1 12 -17 -25]
[-12 -14 -36 2 -18 35 -25 -31 -5 21 21 -8 -21 -25 16 17 -37 18 17 12 57 -15 13 -107 23 -5 -25 46 2 -3 37 30 -6 -45 -12 55 1 -43 6 11 18 -5 44 5 -22 12 56 -17 -10 -32 -16 24 24 5 14 4 -18 22 -30 -1 -71 6 -16 37 -57 -48 8 19 -16 7 53 -47 6 -18 -19 -18 -16 -26 29 5 19 -70 14 -12 -21 -48 -39 16 -11 6]
[12 34 36 1 -60 -57 -26 10 3 9 12 -29 23 -8 -34 40 84 -95 75 -56 -4 30 -2 34 12 -28 22 -25 17 -68 -6 -30 0 -24 18 66 -7 44 -40 -59 17 16 -27 41 11 -34 46 17 25 -23 -21 -2 18 21 -35 18 -27 -5 58 -48 -29 30 54 2 21 43 24 12 -16 -33 -4 92 21 16 -12 25 -53 -43 6 48 -35 -32 -26 -45 11 32 17 13 9 3]
[3 -21 -22 6 -12 -1 0 5 69 67 20 -47 -12 -12 4 -38 -11 13 42 27 -39 -59 -10 -30 -12 63 8 45 -1 -32 47 22 11 -16 36 0 73 -8 -27 7 8 -26 46 -6 2 -3 -18 44 21 -20 -15 -5 51 11 -14 35 53 45 -58 33 -58 -20 -19 -21 9 -42 -22 -2 -6 20 14 18 -15 -8 15 -38 -26 -47 -7 -1 8 -9 -16 -34 26 22 -41 61 -32 18]
[64 48 8 -7 -12 -37 43 36 -45 5 -7 14 -18 -20 -24 -24 58 -42 27 -16 -63 36 21 -38 5 -22 48 -128 -19 -5 -30 40 -54 -6 -32 28 52 27 -33 -9 -9 2 -2 36 32 4 -24 -10 20 5 -8 -12 -49 47 13 64 25 34 34 23 -67 36 -30 26 26 -71 27 53 57 -62 -10 44 -16 37 65 101 0 10 -66 2 17 30 -55 -3 32 29 -17 65 2 1]
[-1 -65 15 2 4 34 -34 9 -7 20 30 51 -46 -44 -34 -10 -25 14 -15 -41 -29 -7 16 -32 -43 25 -35 -13 -8 23 13 82 11 -4 -54 -23 -9 31 -37 21 -7 -8 -11 42 -14 40 -48 10 -56 23 -52 -42 -25 -23 8 15 69 55 -1 32 28 -4 -40 51 -48 -1 -38 -42 19 -9 12 -40 -41 -4 -7 18 21 -15 14 74 37 14 -39 3 -13 -58 -15 27 57 29]
[20 -27 -11 -55 44 34 -19 11 -21 14 -76 -14 -46 -18 -37 -24 -7 34 -31 36 3 -36 10 -52 -31 -6 16 32 -8 -18 1 -33 -18 84 11 -32 -38 -51 15 -10 54 -17 12 22 22 44 -48 -23 30 -24 -1 23 11 26 -55 -15 12 7 -14 -31 -7 13 9 26 -55 35 11 50 35 43 -10 -19 -23 7 0 -42 23 -8 48 -86 10 30 -26 25 14 32 -26 -53 24 -13]
[10 37 10 -61 66 -85 45 -32 -27 -5 23 -89 -6 43 45 -23 -46 3 18 10 42 33 5 -4 34 64 20 -46 58 62 -31 -36 -34 5 13 -40 81 -30 18 19 33 -63 46 -9 6 9 22 4 22 -11 15 42 52 -24 39 13 -20 50 -22 2 -33 -47 27 -44 -17 -30 41 5 12 -16 4 25 -11 -39 37 -38 -8 0 6 -19 -7 2 7 -5 19 -16 -42 30 14 0]
[1 39 50 -58 7 -15 19 15 -13 36 -26 -39 -23 -51 -49 -1 53 -48 31 33 3 -45 40 -27 -3 24 29 -10 8 -55 27 -20 -3 -30 -2 6 -8 11 -81 -21 2 -9 -57 -8 25 -17 -53 20 13 -14 -28 -24 8 26 27 32 -9 -15 46 0 -17 7 -6 68 17 -9 50 35 17 3 31 3 18 -35 41 25 -10 42 -35 39 1 -21 13 -3 21 6 -7 56 -22 26]
[8 26 -20 37 8 -42 -39 -74 -33 81 7 -36 0 24 33 10 -40 13 26 8 58 24 4 -63 11 25 -23 -30 26 -25 -3 50 17 27 -17 -49 16 -13 26 40 17 -5 43 -9 12 29 3 42 -27 28 -25 8 -12 -1 21 34 -50 44 -42 -35 -5 30 47 66 -68 -79 -3 28 -17 -46 -36 43 -13 -60 14 10 -35 -27 51 70 36 16 16 -10 -29 5 -18 47 -45 4]
[-40 -28 25 -33 7 63 -41 -13 41 21 84 -18 11 23 27 -15 -14 48 -23 -30 -13 -23 36 -70 -18 44 -23 4 38 48 68 -15 23 18 -20 -41 17 -61 -81 16 58 -1 75 15 -16 14 -63 -8 -22 -35 -18 -16 -20 -29 24 -48 38 30 -27 61 19 -34 -24 33 -29 16 0 -22 62 -5 50 10 -35 11 -22 -64 4 1 -4 3 9 0 20 28 -19 -55 -35 26 -66 8]
[5 10 -16 -36 39 -11 15 -3 46 38 31 -23 -11 -23 26 -19 13 17 -2 -48 25 -38 38 -1 -13 -15 31 2 -6 28 -16 28 -13 3 21 -16 27 -18 -18 -10 4 -21 39 20 -28 49 -46 44 -11 23 -9 10 40 -13 24 -36 22 0 -35 7 50 -34 14 29 -35 1 9 -40 46 -29 18 1 -29 43 2 -4 -17 -9 24 57 -19 20 10 -31 6 -55 36 20 -49 -11]
[68 -14 33 -8 76 -34 -2 -1 -45 -13 -29 -24 -8 -32 21 -46 -29 -13 -80 19 -5 -65 -36 27 -19 41 -63 -3 -14 9 -9 -39 -13 29 -32 -24 19 28 29 10 -18 -32 19 -18 52 42 7 -23 -22 36 -47 -15 20 -56 -20 -13 24 -12 18 -4 3 36 18 -35 -6 89 -11 29 29 21 -51 -22 -22 -27 -64 -9 26 50 15 -75 18 -15 -28 5 51 57 4 -59 31 -4]
[-34 -40 20 55 -13 14 -27 -21 3 -104 -16 62 44 37 -18 62 -56 6 7 -39 -17 92 -19 5 19 14 22 22 1 -3 -85 22 -24 11 -4 23 -40 6 71 22 24 15 -30 -27 -23 -34 47 -18 7 -15 -12 11 -31 10 -46 -21 -1 34 41 36 -48 -18 -55 -4 -30 6 -21 20 -59 11 6 14 4 19 -15 26 47 -58 -43 -39 3 -21 -10 0 -26 6 35 -50 64 2]
[16 -13 -1 -42 -11 4 84 26 -23 -48 -61 -65 -61 -38 -1 75 24 -48 0 34 -46 -15 -31 37 17 3 62 -3 -51 -58 25 14 -16 -42 21 4 -35 61 27 -38 -51 -44 -38 -30 23 20 -18 10 33 -18 44 -17 2 39 43 11 37 -22 -41 43 28 -29 -10 1 19 -1 -88 -1 -22 32 2 -39 -24 19 36 8 12 35 -39 20 10 -3 -12 13 -20 60 -43 3 38 48]
[53 24 9 -20 -30 30 13 -17 -22 29 41 -51 68 -11 0 -26 -68 36 -21 82 -11 -45 13 74 11 93 -4 3 17 7 1 6 23 28 6 -23 -23 25 -23 72 -56 -16 89 -1 -32 14 88 20 43 -46 -24 -5 47 -36 -6 7 -57 41 -19 -6 -11 -8 -8 -62 -21 1 -32 10 -55 75 -23 -14 -27 -39 -10 -65 7 -5 29 -53 19 14 1 -12 -4 -5 11 -25 -47 -3]
[-17 10 -37 -17 13 -33 29 -2 -46 -6 -95 -38 -80 -67 -10 16 27 10 -14 -13 57 -11 20 -41 33 -59 57 -12 12 -22 -87 2 2 -12 15 17 -13 -35 4 -1 -25 31 37 34 44 -2 52 -3 60 26 -7 59 27 6 -26 45 -32 39 -57 -59 2 -25 21 46 -69 16 25 25 19 -22 3 -30 45 34 40 27 27 -12 -13 -63 45 -8 -48 0 73 -13 -21 -26 -2 -3]
[28 23 12 -14 13 -44 28 16 26 25 57 26 -29 -32 -10 23 -2 10 48 25 -46 -31 56 29 56 -11 6 -4 -49 -25 2 54 6 -32 19 7 31 15 -27 15 -57 -13 42 -18 -7 22 0 -12 -26 -24 20 -47 36 -4 -14 -14 34 -14 31 -12 18 -14 -15 -31 -16 -28 8 -8 19 -46 45 5 -7 26 48 17 -30 48 -30 26 -7 -65 19 1 -34 -23 16 -19 -25 10]
[41 21 -14 -28 3 16 13 9 -13 40 9 -18 6 -28 -25 16 -14 48 -33 -5 -16 -28 22 32 -11 26 61 -10 -2 10 -11 -19 24 37 4 -27 17 39 -16 3 -42 -7 7 -28 9 9 -9 22 31 -6 13 14 8 18 25 -27 -28 -32 -27 1 35 -10 -24 13 14 -15 -16 -29 20 -31 -43 28 12 -41 18 -2 -30 115 -9 13 18 19 -25 -14 -20 16 58 20 -17 -6]
[-5 -16 29 21 32 6 -7 8 19 -4 -32 -54 -23 6 -7 -15 -93 13 30 28 37 -63 -19 1 -3 -23 47 8 -44 -30 35 42 -43 -54 45 -41 -11 -33 10 41 69 40 6 39 -4 31 -37 5 -21 22 51 -1 6 33 -23 60 -14 79 -34 32 4 -45 -16 -27 -31 -12 7 -15 30 88 4 -67 -58 31 20 -45 39 -21 25 -87 -5 44 18 11 -8 11 -55 -2 28 8]
[-46 4 18 17 12 57 -7 -21 -33 -43 14 -85 26 95 -4 23 -39 -35 -12 13 -69 -32 18 -37 33 33 -85 19 59 -11 39 -40 17 -36 -12 -8 -12 60 13 40 56 -2 23 -45 -44 -33 43 -45 -11 28 -12 -30 -28 -20 48 -51 -49 -20 17 -13 -35 -4 9 9 8 17 13 44 -41 -2 -22 -13 -33 -48 -25 -54 -26 -15 51 71 -37 -26 24 43 1 -6 -39 -47 49 -18]
[-20 20 -39 -10 40 -48 44 24 -14 2 -29 -113 16 35 24 7 -68 13 -31 31 38 34 -20 37 73 32 2 15 14 19 9 -4 -39 20 28 -35 25 34 8 9 22 -6 16 -31 -43 -1 10 29 -6 -6 44 20 26 -10 10 -21 -49 -6 -53 -17 36 -19 13 -1 27 -8 -53 11 -16 -2 21 11 -29 -8 -4 -42 -6 14 -4 8 -35 8 3 16 25 12 3 -28 7 -19]
[-36 -38 -64 -5 -16 64 -9 10 64 71 10 8 -20 -20 12 -82 -37 5 -23 45 39 -99 71 -116 -8 19 -39 24 18 28 12 28 28 -31 -7 -41 30 -35 -31 29 39 -25 -21 -60 -15 27 1 -5 -4 61 -7 21 -4 -79 31 -8 -5 13 -78 44 -23 1 -1 58 4 -18 -13 -29 50 -12 -58 -64 -9 -42 -1 -13 -33 14 25 17 7 2 48 20 4 -42 -48 29 -7 -24]
[4 54 -54 -34 -4 -6 71 -8 29 -17 -28 -29 7 31 26 18 32 3 3 45 16 54 -14 -5 48 3 4 -28 51 51 0 12 -30 -14 8 -3 -51 30 15 1 42 58 -35 16 -22 -5 25 -29 48 -26 34 34 -24 -64 -34 39 -47 31 -21 -56 -7 6 30 7 -14 -24 18 20 23 -1 -29 25 1 13 21 0 -23 -11 16 18 -4 -15 35 67 35 -30 35 -43 -54 -6]
[-56 3 9 60 -38 -32 -34 -3 -56 6 7 19 -22 16 -35 58 -54 -37 40 -52 52 21 -10 -28 1 -43 11 60 4 -22 -53 -19 22 16 40 17 -63 23 42 -15 -79 39 -2 25 -1 -50 16 -9 6 2 10 50 26 37 -58 -25 -61 -4 44 -86 19 25 85 66 25 42 22 -20 -44 -50 9 16 58 -20 12 42 47 -9 -12 34 -2 -9 -25 -7 -10 32 26 -33 40 13]
[24 -23 1 -5 -20 3 -38 9 37 -16 23 -6 7 -8 1 43 -43 104 -25 -14 23 14 -3 16 30 -38 38 1 -13 8 23 -30 -30 33 -24 10 -7 -25 37 46 0 50 21 17 -8 -33 -41 -17 -41 -31 49 -31 -35 33 2 -10 26 -18 -20 0 23 -31 -62 -25 -8 4 -26 -53 11 -30 17 26 7 4 -11 -13 15 34 -11 -72 2 16 -17 24 -48 -39 22 -44 -26 -5]
[-45 12 28 75 1 30 -24 -18 17 56 -7 -7 48 -3 15 -10 -37 32 -6 -14 17 34 0 -17 61 17 -2 -43 38 0 -22 10 8 20 -2 1 47 10 13 65 21 8 91 -44 -44 -74 92 32 3 15 -13 14 4 2 -18 -8 -50 27 19 -47 -75 -12 -16 3 -10 -42 50 12 -12 -42 -51 100 -7 -36 -12 -7 -6 -59 29 -26 -22 -26 -25 6 -43 -12 14 -8 -15 -24]
[-22 -9 0 -60 -2 -32 10 4 -22 -14 -1 -12 -30 -26 42 41 66 -7 0 9 33 51 -32 50 22 -12 1 12 72 -11 36 -57 17 -27 -7 23 -25 52 -85 -50 -26 -13 -21 28 13 -16 18 -30 -40 9 -16 -11 4 -15 46 8 -6 -63 21 -5 29 31 7 -10 18 3 59 -41 25 -3 7 34 31 -31 -20 -17 -24 77 10 45 -10 19 -25 -7 33 -18 -14 -7 -18 6]
[-3 10 -31 31 3 85 13 21 41 -24 28 20 -64 7 22 0 -31 -21 -14 -65 1 4 28 44 -22 -45 28 -28 -6 39 -40 35 -2 -25 33 -39 -4 -20 16 9 12 67 -22 46 -26 -26 -14 -17 -8 33 -19 -2 -25 -35 -2 -40 9 60 -41 -44 23 -32 0 -23 9 32 -39 -113 43 13 -67 -44 -41 19 37 1 22 -16 13 -6 -35 37 -4 -20 -40 -46 -20 -5 21 -12]
[-49 -24 9 -25 -17 -36 22 -11 -21 -28 -59 -34 -32 -30 -36 21 44 -45 -44 28 48 3 3 -81 -7 -10 21 -13 59 13 -14 2 -53 -19 -5 -11 -76 22 -6 -25 38 10 -65 -18 16 10 -48 -24 -45 1 -15 0 -74 -37 28 -11 -31 46 29 -14 21 30 17 89 11 39 -1 14 -6 -16 -23 -27 -19 47 -14 18 27 -5 -16 13 -5 30 2 40 85 5 -29 -53 20 11]
[53 17 36 -8 13 -31 -26 -11 22 4 -3 54 -13 -16 15 10 49 12 -9 -38 -15 -4 15 17 -26 -23 -15 -26 -15 42 -2 32 -43 8 0 21 16 -5 13 -1 -41 10 -34 72 11 1 -23 6 -18 -22 -38 -40 -2 0 -48 20 37 7 77 -24 -33 20 -14 -7 -24 41 1 -2 -6 0 -2 -12 4 32 10 18 7 7 2 -7 -25 7 -6 -33 -2 -15 38 -16 -16 -1]
[30 -4 51 -21 53 -48 -11 -26 -39 -12 -2 -7 19 20 -57 16 -75 -12 5 -31 26 -12 42 16 -34 55 90 39 12 -5 -78 -47 -51 73 -32 -25 -11 -5 55 13 0 -29 16 -15 3 -8 -13 4 25 13 14 -20 -9 56 -62 -53 48 27 30 4 -12 7 -24 5 -39 54 -5 -16 -11 22 -9 -16 25 6 10 30 28 1 -23 -38 15 10 -49 -21 -37 28 35 -40 22 7]
[-55 -24 -7 -33 -60 22 30 -2 53 -11 65 -21 29 16 -18 -17 -2 44 17 49 -31 -25 50 -31 61 45 -58 5 36 113 50 16 50 -52 2 -29 29 16 -24 2 -12 -32 -11 -43 -42 30 64 -14 23 -34 44 28 -1 -56 8 -37 -20 13 -38 15 15 -31 22 2 26 -15 55 -26 -3 -3 25 -6 30 -14 10 -45 -9 0 15 29 18 -42 72 55 20 -103 11 -10 31 23]
[12 -29 -58 -1 -39 26 -6 30 16 7 -39 5 31 -80 -20 -40 -48 45 -56 2 59 -66 -34 -6 0 0 -38 14 -49 40 9 23 -16 -2 14 12 -24 -49 39 40 9 11 -24 7 -4 16 21 -6 23 -97 11 32 2 -29 -38 59 -2 50 -62 4 -17 -5 -8 41 -27 45 -20 16 -43 10 -14 -38 11 -24 -21 -57 45 -56 -25 -118 30 30 10 23 16 -19 -45 -38 4 32]
[-4 2 29 -36 15 -38 18 -33 -92 -15 -30 -40 -34 -10 -47 32 19 -59 -5 55 -14 3 58 -36 39 8 32 -12 -16 -38 31 -30 -24 -7 -49 14 -43 47 8 -33 -43 -44 -60 -14 45 18 -21 -33 4 16 49 -38 -53 10 79 6 26 -35 26 9 72 8 -4 2 17 6 -60 38 -51 0 25 -38 12 -2 47 48 15 99 -26 39 28 -56 -6 24 5 32 14 25 23 19]
[13 -16 -64 6 -30 65 3 15 40 -41 -12 -22 -28 -33 6 0 -16 -1 27 8 -26 -13 0 -37 -5 -22 -27 -34 -10 -10 4 67 26 -46 -10 -3 63 9 -16 -32 55 4 -44 24 17 -18 -10 1 -26 -5 -7 12 6 -1 -25 -1 33 36 -28 44 -28 -17 -15 5 22 -53 -57 -35 25 4 -1 -42 -29 -38 -20 -44 -25 -42 -9 36 -8 -73 -8 -11 5 -4 -70 82 31 6]
[-1 -18 -32 -34 -26 57 5 7 -8 72 -11 -74 14 -3 -40 -64 32 59 -8 51 -109 -73 24 -85 -7 55 -22 -55 -10 23 65 -30 58 17 -31 -35 28 -20 -10 59 41 -28 24 -37 -26 -44 -63 8 67 27 25 -7 -24 -15 21 -29 -21 4 -27 25 12 -8 -2 48 17 -3 15 46 6 -27 23 -44 13 -3 -1 -16 -33 -16 -6 12 2 19 24 44 -11 -4 -25 12 4 17]
[1 7 -13 26 -3 73 -4 16 1 -22 32 64 -24 15 -31 10 -5 2 0 -20 -52 6 -11 2 -81 43 30 0 13 41 79 51 -37 -61 -31 -9 -14 21 17 22 -20 56 -42 28 -20 -36 -31 3 -14 34 -46 -27 -43 -17 -10 12 22 59 18 33 -19 22 -52 -34 49 -28 -15 -108 -13 36 11 -56 -5 21 28 57 6 30 -5 20 34 35 -2 -16 -35 -2 -21 36 44 35]
[-30 26 -5 -4 36 12 58 20 26 -60 8 6 -15 43 7 42 1 27 12 -30 50 34 28 47 8 6 35 -27 57 9 -70 -18 -51 17 -6 6 -49 -45 -13 21 40 60 14 41 26 -10 -80 -24 30 -29 39 -15 -34 9 3 55 43 17 -34 25 28 -75 -34 -57 -24 15 1 -57 53 2 2 30 -7 23 84 19 33 3 -38 4 14 -4 -8 37 1 -45 -28 -21 -15 20]
[59 21 -47 -61 51 36 -8 23 25 1 -12 71 -22 -49 6 -50 27 41 -34 -33 -2 18 33 -12 -14 -31 -47 -70 7 38 -5 71 -30 15 -61 -41 8 -16 -14 -4 -27 -15 -30 44 -4 53 1 -13 8 19 -58 -15 8 -42 -11 2 77 19 8 17 -26 7 -42 9 -79 -19 38 -48 57 -32 -10 -9 5 2 21 2 -14 8 71 38 35 71 -28 18 -32 -119 -6 8 52 -5]
[25 -34 40 5 15 5 -28 8 12 -7 25 -14 7 -18 71 -44 53 -14 -48 -58 6 -32 -53 16 -25 -6 -42 -30 -34 -23 -3 -59 44 24 -1 -1 -7 10 -14 -37 -2 -20 19 10 19 7 -24 -9 23 34 -49 11 12 -29 9 -66 35 -38 -16 4 29 8 4 -16 -11 59 -5 15 6 -7 -37 2 10 14 -95 -35 10 -7 17 -28 21 56 -14 -11 -3 -5 33 42 6 9]
[-28 11 -42 20 -41 77 7 9 -8 -10 -23 -81 -32 14 4 29 -18 20 -2 59 37 -10 5 11 14 -13 43 -6 -24 -8 14 -5 -15 0 67 -4 -42 28 26 -24 23 40 28 -13 -42 4 -37 35 1 -2 1 22 37 15 33 -34 -66 26 -85 -24 74 -6 33 11 -10 -8 -30 -22 -20 42 48 -22 -12 47 -19 -19 20 -100 58 -9 -31 -18 7 -19 32 1 31 -50 -12 -12]
[12 33 -35 -63 39 -43 43 34 16 81 -44 -11 9 -46 -6 -36 17 -7 35 70 76 -36 47 22 21 29 20 -13 14 -29 -12 9 -57 2 20 -19 -11 -41 -65 31 -4 15 36 4 3 51 48 1 28 -34 -26 -19 51 -16 -49 51 23 84 -30 7 -52 -17 -11 -5 -77 21 22 -30 45 -14 -12 10 -31 44 56 -27 -56 -46 21 -18 14 30 8 21 60 -8 -31 -23 -36 -1]
[32 -26 -64 17 46 57 -51 7 0 20 -4 -4 -5 15 28 -30 -42 40 -50 -47 -59 -28 -33 -35 -40 13 47 20 -44 55 41 -38 25 49 6 -32 74 27 42 1 -13 -1 13 -12 -18 -1 -36 52 42 23 32 31 -5 -52 -63 -40 27 -59 -56 18 46 14 -33 7 27 -12 -34 -56 8 -26 -1 -20 40 -14 -64 -15 -11 68 23 -10 -4 57 -12 -10 -23 42 56 12 23 -40]
[27 27 -49 3 0 -6 32 34 -48 -9 -32 5 -1 -16 -24 1 39 -20 -18 38 -2 20 44 56 11 6 84 -58 -10 -17 13 17 -52 -4 -10 1 -15 -9 -15 8 -62 11 -48 26 -1 21 -29 -13 28 30 -2 -34 -70 31 70 55 23 34 -26 45 -11 -5 -50 -8 29 -42 -9 -21 31 -9 19 -49 -30 72 55 118 31 20 -73 -24 43 61 -34 -28 48 16 43 12 -40 21]
[-13 17 20 6 23 40 10 -33 130 3 35 19 57 11 6 -64 -25 33 73 -56 56 -41 11 20 -62 -11 -6 24 12 -16 -64 33 21 -23 31 -32 -23 -25 -29 -6 63 25 -7 4 8 28 -10 35 27 -39 -10 4 2 13 -81 29 63 41 -46 8 -20 9 19 3 -25 -1 19 -13 25 42 -29 19 16 -9 5 -57 -1 -54 12 -19 36 -64 35 22 -42 -58 -48 34 -30 -3]
[13 19 27 6 40 -37 35 8 0 40 -18 23 50 -15 -19 -49 24 12 -12 19 -30 -22 42 -3 28 9 39 -34 -22 -15 -60 3 43 13 -27 -21 62 -8 2 25 -67 -62 25 -32 18 -7 58 33 26 28 -26 -13 -29 -13 13 44 -8 -17 9 -7 -6 -8 -49 43 17 -23 51 43 43 -80 -40 -9 18 21 39 68 38 16 -84 -86 49 -2 -27 24 47 1 60 -31 -57 -17]
[40 2 34 22 47 -5 -41 15 -15 -28 -22 35 21 51 7 -30 -8 -8 -26 -18 -2 44 -51 31 -64 31 -36 -44 -32 13 22 -6 21 28 -49 -61 34 -9 34 18 4 -16 -17 3 13 -22 -57 6 -20 60 -36 -17 -14 -11 -37 30 22 -63 -3 12 35 40 -8 -7 20 22 -28 -33 36 -24 -25 -9 10 -29 -1 39 26 44 14 -22 45 88 -12 -15 -46 34 6 49 36 -12]]