40
89
1601
0.005
[[-12 10 -30 7 -12 58 -11 -15 -40 -19 9 2 -18 9 1 -8 -25 -18 3 -31 19 -23 -47 14 7 11 -22 4 38 -31 4 -1 -7 18 -5 -5 -28 15 -7 -19 10 -9 -16 -30 34 -15 18 21 -20 12 -23 -24 -2 8 -3 13 -1 12 -25 1 25 38 28 10 33 8 10 -68 2 -43 17 -2 11 -2 0 -18 19 -34 65 1 22 -13 -38 -21 15 8 -2 -39 22 -6]
[-4 18 11 26 -2 20 -6 -34 -64 -20 9 1 8 25 -30 -13 -15 -1 -11 -15 31 0 15 2 -9 21 -25 -32 20 5 -46 -18 3 16 -23 -37 -21 19 -13 -39 38 19 -10 -6 15 -54 1 -13 -21 49 6 24 3 -4 -15 -80 1 7 26 5 -10 -6 7 -16 18 -45 10 -21 21 -23 -6 0 7 15 7 48 13 -24 22 5 2 19 -13 -40 20 -11 11 2 2 21]
[6 12 -54 38 24 21 -16 -31 -2 6 -7 -6 -1 29 -24 24 -43 -10 -2 -11 -24 32 7 3 -12 -14 -42 -3 10 -26 -2 24 12 0 20 -26 -19 3 51 5 60 27 -32 1 -1 -74 -55 -5 -2 11 14 16 19 15 -22 -57 26 1 -10 28 -25 7 -23 -47 20 -6 -6 -46 -18 1 21 -31 -2 -1 -20 2 12 -31 17 8 2 24 -33 -41 0 -6 10 3 8 19]
[-51 -4 23 2 -42 -6 30 32 9 4 -19 -11 -29 10 39 -1 37 3 14 12 20 -2 -11 25 38 8 22 -3 2 -5 16 -20 -18 3 32 7 7 -30 34 -11 10 -20 8 -48 21 19 18 -3 23 -19 32 -13 -27 -8 36 -21 12 -5 -12 3 -16 21 7 21 27 30 52 -39 10 26 35 26 67 -8 5 32 13 -24 31 -10 15 -21 -21 -4 -28 9 32 -26 7 -15]
[-23 60 23 23 -19 -15 27 2 27 -29 -24 -32 -20 -4 1 19 -6 36 -22 -14 40 -23 -16 -7 52 10 -14 33 37 -14 43 -2 -28 4 -11 5 -10 -8 -6 -5 -38 15 25 -72 8 32 25 -20 -7 -23 26 -55 0 -3 7 -10 -40 -3 2 15 26 20 6 11 21 -15 44 -53 47 1 26 16 30 -2 12 -7 27 -11 44 -14 -13 -28 28 12 -4 47 -56 3 9 -16]
[-36 -55 -34 -17 23 13 -39 27 -15 9 -10 -10 20 13 47 -5 49 -12 12 13 -62 -27 1 7 5 -27 47 -12 -24 -33 -6 11 8 10 20 -19 -12 -3 47 5 39 -20 3 -15 -3 6 29 -10 31 -53 11 35 5 -32 4 -8 -2 -17 0 -27 -42 45 52 2 -9 28 0 -9 -31 -16 4 -2 13 -52 -30 4 25 18 26 -33 -7 14 -2 -14 -19 -37 32 -48 6 -23]
[-8 44 -11 5 -14 14 -20 -30 -20 20 10 -19 -21 -18 -19 -29 -22 -32 28 1 4 -2 -54 31 19 -21 3 -35 -10 -35 -9 29 19 4 49 31 12 21 16 39 -22 -14 3 -27 12 -34 22 20 30 -11 14 -13 -6 40 2 51 -1 14 -42 6 -2 10 4 27 42 39 13 -47 4 26 17 -75 21 -61 5 -17 8 17 27 13 9 -5 -54 2 6 5 37 -54 15 -19]
[-41 -47 -15 -46 -20 -11 -40 31 -6 -14 47 5 21 -36 53 -36 44 -21 12 -5 -3 -19 -10 -1 21 9 58 -41 -18 1 -55 -31 -20 13 35 5 64 16 -34 24 0 -19 2 -42 -13 17 18 2 13 -46 -3 -4 -9 -19 19 63 -24 2 -12 -14 -2 1 30 -10 30 -28 14 4 -33 -22 3 -25 35 -96 48 26 -17 39 -18 -8 -17 -15 -7 19 10 -19 62 -27 -31 -54]
[-51 3 14 22 -28 12 -11 -14 -34 -5 -18 7 -26 -6 -32 17 11 -38 18 -1 -21 -6 -20 10 33 57 -16 17 9 -47 2 -20 37 33 -18 22 -64 -38 1 24 1 2 58 -16 38 18 46 -5 2 -10 -39 -21 -27 -10 -6 9 -12 -9 -16 -22 6 15 41 1 -34 15 24 -11 42 -41 4 13 5 11 -54 -18 20 -13 31 -29 10 -14 43 -6 -20 26 -6 -1 26 -6]
[9 12 -2 -46 -8 24 -38 12 -63 -19 42 -17 0 11 18 -41 25 7 -33 9 11 -55 -60 -19 12 -24 13 -28 -25 -16 -14 -33 7 -14 32 7 53 22 -48 14 3 -39 -7 -58 -17 -4 3 13 15 -4 9 -18 35 -41 7 41 -30 22 3 -14 -20 66 19 18 54 -24 10 -10 -29 0 8 -17 41 -49 35 30 21 -2 55 -23 -25 -5 -17 -30 29 -66 9 -13 18 -29]
[-30 15 -34 7 9 -34 -16 11 -19 -54 -16 -1 16 -23 28 36 -14 -8 -8 -48 33 -7 -13 -5 23 15 -1 -17 22 -5 -8 33 -73 42 1 -7 9 16 19 -11 -7 -11 4 -42 -7 13 2 6 25 -65 4 -21 -25 5 -28 5 -16 -13 8 4 -6 0 11 -36 24 2 36 -97 4 -10 33 -48 49 -23 24 -16 50 21 57 20 -3 -36 -29 26 -1 4 19 -56 -6 -33]
[15 45 -1 -17 -14 0 -40 -34 -50 -53 25 10 -7 32 -21 -18 -27 19 -4 -37 8 -20 -15 -1 3 24 -13 -5 -3 -18 6 -24 -12 -44 0 -9 -12 1 -29 19 5 3 -10 20 -31 -13 -52 10 -21 3 16 -7 -7 -33 -13 -12 17 7 20 -14 7 -6 0 -43 -50 -44 -4 -8 37 -14 -16 -20 6 52 44 19 26 -17 13 -8 -24 -33 -9 -38 2 -36 -19 44 -15 4]
[32 32 8 1 36 -31 28 -18 -32 -19 14 -34 22 -6 -69 23 -30 -18 -29 38 28 -14 2 -61 -14 40 -63 -1 7 -17 -37 11 54 19 -47 7 -21 19 -23 14 -14 18 34 6 0 -22 28 15 13 7 -41 -37 -13 -4 -15 -26 -8 6 20 -8 -40 57 -1 20 7 -10 -20 -2 10 4 -23 -49 -39 -19 -27 -29 33 11 47 10 1 15 8 -4 34 -4 -54 0 22 3]
[-5 25 1 -35 -3 -28 6 -5 10 16 -37 -1 -4 -28 -58 41 4 -11 5 22 -23 2 13 -17 -2 17 -24 43 -42 -59 49 -39 2 -31 22 38 -34 -43 60 47 -1 -20 32 34 5 -17 -49 46 10 -14 -39 -40 -35 19 -4 -8 34 -33 -27 4 -18 18 -23 13 -33 51 -11 8 28 31 -12 -12 3 61 8 -17 20 -29 11 18 16 -43 21 -16 -34 -10 -40 36 14 2]
[20 26 6 -30 -18 8 -6 -1 -52 -36 -27 44 19 20 -14 -1 -24 33 -4 -52 37 -6 -11 9 -13 4 5 49 13 48 28 14 -68 3 -52 28 -12 11 -33 -55 -26 -9 -10 -2 9 51 19 -4 -37 34 -14 24 21 -15 -32 -51 -19 44 86 21 46 -21 -8 -5 -40 -30 -4 -4 37 -8 -5 26 3 64 29 4 -8 -44 31 3 -7 15 -4 -11 18 -16 -20 18 -29 4]
[-43 -52 2 8 -1 9 0 0 71 -11 -12 -14 -7 -31 9 42 -6 -45 2 -12 38 49 -4 -1 1 9 15 -21 16 -21 -13 -3 -20 8 13 2 8 -8 7 21 -5 -59 -18 3 19 0 -22 25 7 -28 -42 -31 -42 29 1 38 23 -16 -32 54 1 -26 -41 -19 40 21 -5 -14 -38 25 53 -27 60 -2 -27 -7 -3 16 0 16 -2 -22 1 51 -1 18 28 -17 26 -12]
[-39 9 30 -21 -60 3 -27 1 -46 -7 24 22 28 19 -55 -41 -8 -40 22 -13 19 9 -6 -20 2 46 5 -15 -9 8 -19 -85 -13 -13 -16 37 34 23 -46 44 4 -30 14 11 3 -8 -11 -3 -21 34 -20 23 6 4 -3 3 -13 7 18 21 21 -37 4 -17 -17 -57 -43 71 35 16 -7 -46 40 13 34 75 -33 -13 -34 -24 -65 -27 56 2 24 -8 10 53 -40 -10]
[29 -29 -45 18 25 9 -41 11 13 27 -23 54 -10 -33 21 29 -15 3 1 -32 -72 14 17 -2 -21 -22 -1 57 -6 8 58 -23 8 52 14 2 -16 -19 48 0 22 10 10 42 13 -16 -28 -1 -19 -33 -4 -14 -13 17 -29 49 -2 -42 -58 -44 52 -39 21 -29 -88 41 -29 28 8 -6 -27 -11 -7 34 -3 -48 2 3 -31 -1 -18 -37 33 5 -45 18 -25 26 -13 8]
[-14 -20 -15 -34 -38 18 9 48 47 15 3 1 22 19 12 38 53 -4 -9 -8 -20 -14 -33 9 26 -18 13 47 -4 -38 20 -57 -28 -16 -2 12 30 2 -27 33 32 -16 9 -29 -9 52 0 -14 4 -27 -49 -8 26 -21 -6 68 -55 -26 2 -1 47 37 -1 -23 52 -20 11 24 -66 -18 22 76 4 -16 -2 32 -14 8 -30 -26 -11 -24 77 19 11 -25 -15 38 14 12]
[64 -3 25 34 -25 -29 7 5 18 55 25 34 -28 38 -28 -2 7 3 -11 10 -24 21 -48 17 -16 -57 -37 -2 -24 26 5 7 67 -13 0 0 6 13 5 16 -2 14 -3 35 -32 -2 -10 -27 10 52 23 -7 18 -9 -6 4 -11 15 -5 -12 -21 -9 -35 -19 1 13 8 43 -2 20 -14 26 -50 9 -25 21 -2 4 -42 6 3 -16 31 -21 11 -21 -8 31 15 57]
[35 39 8 42 23 -9 -50 -42 -70 -10 -19 10 5 -42 -21 12 -59 -4 7 -38 0 -37 -3 -11 4 20 -26 27 -5 4 9 42 5 12 18 39 -7 1 22 -4 -7 17 25 -6 6 -17 4 -13 11 7 38 23 12 22 -72 0 -28 -27 13 -21 16 -29 -6 -3 -56 14 1 -11 24 -49 -15 -65 9 4 -11 -61 46 35 21 17 0 7 -1 -14 -23 36 -11 10 6 17]
[-43 3 2 -34 -41 10 1 -8 -19 14 49 -9 -8 -20 -22 -52 -1 -28 38 24 7 37 -22 28 9 -1 38 -17 -20 -44 -12 -36 19 -49 10 49 5 -18 -51 43 -37 -34 9 2 2 14 -12 50 1 8 -44 -44 -39 12 81 67 12 42 6 21 6 4 32 32 13 12 -9 3 17 0 -21 -43 -11 -11 24 7 -66 -19 -31 -33 -3 32 -55 13 22 0 25 -4 -14 -40]
[28 -16 -40 -6 -3 23 -37 11 27 6 -16 22 7 -30 2 4 22 0 34 -10 -27 -30 -7 26 -8 -33 23 -17 19 -30 -4 43 2 16 20 -28 -39 29 47 -9 5 -13 -19 62 6 -13 40 23 28 -41 5 -27 -72 -21 -11 33 16 -37 -46 -55 23 23 19 7 -18 48 6 -62 11 37 -42 0 -23 -22 19 -28 48 22 37 31 27 -18 -31 -18 -11 -20 -13 -57 7 -21]
[14 31 10 51 7 -79 -18 20 41 27 -41 -11 0 -7 -10 41 13 -2 -30 10 -60 46 8 10 37 -50 -18 -19 -43 -23 12 50 29 14 16 8 32 -26 5 23 -36 -1 20 -41 -33 7 -28 -28 53 -49 25 -53 52 -45 14 28 -28 -3 12 -3 -46 -12 11 -58 9 19 74 -17 16 54 13 -13 24 -34 -58 -34 2 12 -28 -33 -22 13 31 18 -28 3 -20 -14 47 -18]
[35 22 -4 1 52 -15 7 -15 8 3 -32 -30 -12 -45 -32 31 24 21 -22 5 11 -13 -66 -18 -1 -82 -10 6 -15 -23 -23 11 -1 38 -16 -9 -29 43 24 21 -45 5 38 -11 -41 -8 36 28 22 -37 -52 -31 -7 25 -46 14 -51 -21 -23 -6 3 40 -10 37 45 14 2 -60 -11 22 7 -7 -46 12 10 -43 60 52 63 32 -2 -11 5 15 29 -22 -55 -28 39 5]
[0 -51 38 7 29 -29 17 16 21 -9 34 -42 -7 -27 48 -10 6 6 1 2 43 16 32 11 -1 17 48 -43 11 25 -45 -30 6 19 -9 -6 80 19 -47 -43 -33 -57 -29 -18 4 -1 11 50 16 -16 -10 -45 -24 4 52 -2 41 -11 -3 8 -20 -29 18 23 20 21 8 13 -15 46 0 -24 43 11 21 -24 -13 10 3 12 5 29 -81 28 11 12 36 -47 -1 -48]
[-10 20 32 -22 -28 -47 23 1 -5 1 42 -15 -28 36 20 -7 -8 12 3 36 22 -4 -69 9 24 25 5 15 -2 4 25 3 40 -22 45 29 17 -20 20 63 -10 -20 14 -29 -23 42 25 16 33 -9 38 -27 -38 -36 38 49 5 -5 -15 -44 -21 23 -31 6 -38 28 30 2 0 22 -25 -10 -7 -9 -10 3 24 5 14 6 5 -51 -15 15 -18 -1 11 1 -7 23]
[-71 -35 -2 -16 9 -42 14 35 -13 -3 -31 -3 15 -25 8 10 6 -10 -2 4 -18 -23 -13 -68 13 18 4 40 -17 5 36 3 -41 14 16 48 24 -30 38 23 -18 -8 63 -25 -8 50 0 9 18 -30 -7 51 55 -10 -16 -6 -8 -17 -5 1 -18 13 0 -10 -17 -4 -6 2 -26 -34 14 21 9 5 -19 -25 8 -5 28 4 -4 -25 42 51 -16 35 -45 3 25 -22]
[-24 -24 17 7 -2 2 17 -22 37 17 28 -53 -43 -30 4 -44 20 2 18 20 22 10 -38 19 5 -10 25 -24 -28 -12 -16 12 6 -20 11 12 14 15 -31 8 -29 11 39 -1 -5 17 42 -4 -11 12 -9 44 3 40 -12 -4 11 19 -32 14 -18 -2 -13 66 24 -9 -33 51 -10 17 52 -8 -9 -8 -9 -10 -1 44 -16 10 19 18 -12 33 12 1 19 -36 10 -10]
[13 32 50 8 -25 19 -9 -37 -33 18 40 19 3 8 -41 -42 -28 -5 28 -56 -3 -3 -26 44 23 -8 -16 -38 20 -12 -50 -49 5 39 -24 -14 6 32 -37 12 -11 34 14 -30 17 -43 30 -2 -55 46 -43 -16 13 48 -6 6 -33 -12 -28 -4 56 -35 32 -19 50 -12 21 -37 32 -42 -45 15 -36 -31 41 17 -53 1 -30 37 31 -10 9 5 34 44 -10 -43 30 13]
[33 -56 15 -35 9 22 0 34 -6 -35 36 -8 25 32 34 0 -24 -8 9 -31 18 -42 0 -47 -9 24 -18 48 36 17 -57 -46 3 26 -44 -8 19 17 -68 -4 36 33 -22 20 14 -15 21 -42 -34 -26 -6 48 -2 -50 -32 -8 14 -9 24 -11 25 73 21 -15 -11 -52 -50 18 -43 -15 5 -3 40 -64 6 28 5 4 0 -18 -38 12 26 3 16 -10 -60 37 14 3]
[-10 22 -8 -34 41 35 -17 2 -50 23 -30 -29 -13 -1 9 7 40 7 31 13 -62 14 -15 40 6 -22 29 29 -35 -42 -21 -32 9 6 39 19 -6 -17 53 27 43 -23 -31 -49 -13 -36 14 31 23 0 -11 38 33 -24 -6 -10 -6 -21 5 -13 -16 32 -1 7 25 13 8 -12 -19 16 -9 43 -13 -10 -3 30 10 -42 31 -15 22 72 -28 -63 -26 -56 47 -12 2 -28]
[-46 16 -36 51 -14 -5 39 -15 6 -30 -6 -6 -49 38 18 26 -24 -16 1 -23 -13 1 36 -7 46 82 -64 7 57 25 -21 -28 8 44 -15 -25 13 -20 -10 -7 26 91 15 -51 11 -48 -51 -38 -2 12 3 -3 29 3 35 -54 8 21 -61 27 -27 19 36 -45 46 -55 24 -69 19 -65 69 22 24 15 0 -3 0 -62 16 -26 0 -3 -12 -13 23 58 17 19 -19 -9]
[44 -1 7 -8 -45 -28 31 6 25 45 7 19 -42 28 5 -4 -20 20 8 -28 -16 14 -51 52 4 -35 -16 48 -39 27 6 11 24 -15 4 36 65 46 -8 -3 -11 18 -7 4 -8 -4 -19 -31 -9 19 33 28 59 -4 30 1 7 20 -22 6 16 6 -20 14 -12 -7 3 43 -29 24 20 11 1 -2 16 -1 -2 -15 -44 2 9 -11 -56 -10 6 -2 -32 26 14 28]
[-8 51 45 29 -13 10 27 -48 7 -15 -64 -1 -12 -4 -71 17 27 -30 -1 -30 21 15 50 16 16 23 -14 -23 10 -5 -39 -19 0 21 -61 2 -25 19 -26 -7 -30 14 48 -5 19 -15 34 -8 -40 42 -37 -9 32 29 -30 -38 -55 -19 13 3 28 -29 24 11 27 -15 1 8 61 -4 19 48 -13 42 -21 -5 -24 1 -14 -32 -12 16 91 -15 18 38 3 15 18 11]
[6 -2 36 -49 18 -21 -8 -22 4 -1 -52 14 43 1 -52 6 -26 -12 18 -13 -8 5 21 -25 -36 18 11 -32 -15 11 -15 19 -26 -13 -14 32 -38 0 19 32 -36 -56 33 63 14 -6 -20 28 -5 -10 -44 38 10 13 5 4 12 -8 28 -2 -3 -20 0 13 -54 37 -52 16 -5 42 -26 -27 15 32 -26 -22 -35 6 -27 17 -7 -16 4 20 -17 2 -1 -3 16 2]
[11 9 18 45 -31 19 12 31 63 8 9 -31 -23 19 50 -31 -5 38 -3 -13 2 -24 -45 7 25 18 -8 -25 27 32 55 -5 -28 -51 32 -29 28 -1 13 8 21 10 -26 -28 -54 15 -16 -52 -3 35 48 7 3 35 -26 6 -23 -3 -34 5 -4 -30 -29 -16 13 8 -25 43 -19 0 32 13 18 -2 22 37 15 25 -41 1 12 -60 26 -3 -6 16 31 -5 -56 7]
[-13 -47 84 -9 -7 10 -26 -14 -30 11 6 -3 27 -38 20 -41 11 -6 18 20 47 -28 18 13 6 -13 35 -45 -22 19 -74 -31 18 -29 -5 -19 14 1 -6 4 -7 -17 -10 -19 -15 -34 9 -23 -2 35 -13 17 -33 -26 16 -39 -13 -2 29 26 -53 6 21 24 6 16 13 2 37 -21 -33 -49 43 -34 20 21 27 40 -3 -18 -25 -4 14 2 14 -2 -1 -32 -8 22]
[3 -73 -18 1 -13 29 -25 38 35 31 -58 -13 -18 24 35 -13 33 -35 20 20 -41 -14 -3 -7 7 -43 33 -1 -9 39 23 40 28 14 25 11 -10 -6 35 -12 13 -10 20 23 -16 25 14 -14 42 -17 30 17 10 -33 6 -15 15 -4 -11 -15 -36 38 4 16 -43 68 -15 9 -14 56 29 11 41 25 -50 -51 4 -6 24 -31 -21 7 -5 -31 -29 -16 44 -17 0 -22]
[-25 -21 14 -37 8 -3 -11 -28 -12 9 17 44 11 38 -8 -64 15 13 60 12 -73 37 -16 58 13 -29 27 -19 -55 -16 -39 53 36 3 14 -2 -22 4 44 33 -6 41 10 16 -27 27 28 -10 -30 -17 11 49 4 -17 40 -15 -1 27 6 -14 -9 -22 19 -8 -52 -40 19 32 -15 -27 -28 21 -58 -52 -15 0 -60 17 -30 11 41 22 -24 7 -10 -14 31 -25 -14 2]
[-15 -33 43 -19 5 -41 -52 -30 -43 7 9 -29 39 0 -11 -1 5 3 -15 32 18 -27 -12 14 3 3 40 -20 -19 -3 -17 15 -18 36 52 -3 22 -8 -4 18 48 -35 34 10 -8 -7 41 -20 43 -8 27 67 -30 -28 -39 -16 6 -39 40 -32 -54 -10 -35 -3 2 26 -24 22 -35 77 -1 -21 47 -2 -37 31 13 22 3 -6 -13 32 22 8 2 -69 38 -13 -3 -5]
[-28 33 35 11 8 -9 -36 -21 -43 -2 -5 -32 -11 20 -40 -33 -9 21 -26 -4 33 -21 -63 -28 -10 -33 11 -44 22 19 20 -12 17 1 -50 -5 -13 32 2 -20 -33 -59 13 -37 -15 -17 32 2 13 7 -5 4 15 -14 -2 -46 -12 30 26 25 -22 23 32 9 -20 -11 -12 -19 44 33 -15 -36 29 -7 11 36 44 -6 74 -3 -50 -12 -4 -9 49 -24 -37 -22 21 -6]
[-7 -21 46 -16 -1 -18 19 8 13 -48 -21 31 -5 28 10 1 8 32 -19 -8 2 33 47 -8 6 31 2 -26 -32 15 -14 -47 -44 44 29 -17 49 -32 -34 -14 -2 -1 20 14 18 -19 -52 -6 -20 -47 -15 -7 -13 -4 15 -23 26 9 -31 14 7 -53 -17 -36 15 -35 8 28 -34 52 55 17 104 50 9 2 -10 14 -25 21 -1 -38 7 33 -12 -19 6 27 37 12]
[62 72 10 -5 7 30 21 10 -7 15 3 -22 -16 -7 -6 -21 -40 11 -18 8 27 -32 -27 -8 0 13 -58 38 26 79 1 16 -5 9 -39 23 30 40 -44 -29 -21 34 -6 -26 -14 29 26 -18 -7 48 3 15 47 -4 0 86 -63 10 -35 -1 40 32 -17 79 16 -41 -8 14 14 18 -8 6 -18 -16 35 -13 9 6 15 8 -9 11 3 14 14 10 -56 -21 -13 5]
[34 0 57 9 -13 32 54 -10 -40 -2 13 -2 -52 -13 42 -41 -12 -19 6 -11 31 4 -25 -8 -17 -5 -26 -4 27 18 15 -18 1 30 -9 4 -29 -32 -52 -37 -15 19 27 26 31 21 28 11 -39 56 -2 -9 7 44 -7 54 21 8 -16 -29 29 -4 18 41 35 30 -19 -14 2 -68 9 45 -19 28 -2 -19 -28 -7 -15 6 38 -2 17 33 19 37 -15 -6 64 34]
[-8 -53 -40 -4 -29 74 -36 70 -9 34 36 22 -25 6 60 -20 53 -29 5 -9 -41 -5 0 1 5 -24 27 7 19 11 29 -58 -7 22 10 2 -14 -43 -9 -30 54 -26 26 -22 41 32 0 5 -25 -15 -8 -31 -33 -10 37 72 -18 0 -13 -16 44 19 71 16 11 23 6 -7 -10 -32 -2 34 20 -37 25 9 -38 -25 -3 -36 -28 10 28 -18 -12 -24 35 -2 7 -24]
[-57 -57 1 -9 38 7 -27 42 -29 25 -9 -15 -33 43 45 12 51 -33 -31 43 -26 5 6 -1 -13 -38 27 18 -46 -12 35 -20 7 1 -10 4 -15 -43 26 -19 3 -45 -1 -20 9 19 0 25 -1 -23 18 6 7 -38 34 21 28 -24 -11 -16 -41 12 39 22 -41 45 26 45 18 8 -4 32 1 44 -43 -15 -12 -5 5 -50 -45 -16 28 -10 -56 -13 31 -14 20 14]
[32 28 -45 4 -26 -5 24 -22 -18 42 -24 54 -60 3 -7 32 9 -17 18 0 -50 46 -49 43 -12 -33 -9 52 -35 -10 0 -33 66 18 -4 52 -55 -38 12 27 29 -6 17 -21 40 -6 -7 11 -10 -23 -36 4 33 14 18 55 -12 39 -5 -38 11 36 15 14 -6 37 22 -14 -12 1 48 26 0 -25 -40 -18 -25 -51 -13 -49 16 19 -20 -30 -33 -31 4 33 42 27]
[28 29 -12 32 -12 -28 -20 -47 -23 -41 7 14 5 39 -56 -4 -97 20 -41 -38 14 55 -48 -12 -9 -10 -21 -13 43 38 -23 25 9 27 -24 12 43 51 -22 28 -21 -28 -21 -29 -42 -32 -41 14 -34 22 7 -66 15 12 4 -19 -33 50 28 27 -4 -51 -11 -55 9 -58 -22 -52 -7 53 11 -88 21 12 34 -25 -38 -18 19 -20 -81 9 -30 -19 60 11 -12 39 -31 -12]
[23 23 1 -6 51 -3 -31 -40 17 -51 38 -27 -15 43 2 -12 -34 22 -8 -11 6 -32 -13 -16 14 -6 -10 -20 10 13 -23 29 25 -2 -21 -17 -1 37 -11 33 -35 38 -19 -6 -38 -18 18 -14 -29 -29 41 16 15 15 7 -32 19 7 -16 15 -13 -7 -2 14 -34 -48 -49 -16 22 -3 -16 -29 -71 -32 33 -16 -9 18 32 6 -29 17 -29 5 43 19 -34 -7 -6 -21]
[-28 -31 -22 0 -27 -11 23 -3 64 -11 31 -14 -7 15 33 12 -17 -22 22 7 83 18 20 -15 9 10 46 63 71 35 18 3 7 -31 -3 8 0 -4 -35 -5 4 15 -20 12 20 46 24 6 -11 -14 55 -15 -68 -2 50 69 -24 -18 -1 21 71 18 -48 5 1 -26 1 -5 -35 -27 -15 8 -1 -46 1 7 -43 22 -48 3 -29 16 2 45 19 61 -31 53 -17 33]
[0 -55 -42 15 -36 17 -2 40 -35 -11 -23 40 16 -3 22 6 21 -46 26 -35 -36 -13 13 8 6 -1 -4 -11 -22 -14 -25 -31 11 48 15 -30 4 43 17 -45 83 18 -20 8 -14 -29 -4 -22 8 -3 12 -10 -24 -5 3 -40 -12 -41 -19 -29 -3 11 17 -45 17 -4 7 -22 -22 -38 9 9 4 -8 18 34 42 -22 14 5 30 -23 -37 -28 -7 -28 11 -33 3 -22]
[9 -9 -31 18 -13 28 -35 8 -24 -17 4 17 6 71 -22 -21 -48 -42 32 -9 20 28 -11 -13 -5 42 -41 6 33 -17 -19 17 -23 -48 8 -7 -37 -3 33 16 62 -29 -44 -14 8 -18 -17 6 -32 44 -2 38 11 -63 -24 -53 27 0 40 9 0 41 -28 -48 -10 -19 -24 -24 2 4 7 -26 22 2 -59 2 -6 -47 24 -42 -1 37 7 -40 -9 -18 -9 -21 2 22]
[22 6 -23 28 33 -25 18 6 57 -21 -14 -26 8 -19 -14 36 -46 40 -3 1 -2 36 21 -39 -13 -1 1 11 42 7 23 57 -12 4 -32 -7 -19 26 -4 -16 2 -1 -2 0 -5 6 -17 3 -9 -42 1 -11 -29 -26 17 -5 -1 -26 25 -21 31 10 -20 -38 -42 -21 -30 -22 -9 40 -21 -37 -20 -3 -29 -49 17 37 -3 6 -18 52 -21 26 -17 18 -64 -5 23 5]
[-61 -14 -45 -19 -20 42 -41 19 -6 -23 -43 -26 7 9 7 7 20 -7 -13 -29 -35 -5 1 1 18 15 61 -1 38 -30 8 10 -44 24 10 -9 -5 -8 -9 -34 3 -34 -1 -44 33 1 26 37 4 -21 -19 -4 28 -29 5 -12 -12 17 11 11 38 4 25 -77 25 -16 34 -25 -25 0 11 65 27 -7 -21 -1 -10 -46 27 -32 11 16 -28 -16 -5 -17 34 -26 14 -48]
[35 15 41 14 -32 15 -24 -34 26 -17 32 -31 -7 21 -25 -27 -60 -7 9 3 50 -6 -48 -8 31 1 -2 12 18 13 -22 -8 65 -42 -5 37 53 60 -56 63 -28 -5 8 -20 -47 -2 14 -25 -19 23 13 -20 17 -19 -17 -5 -33 9 9 14 18 -4 -18 -23 -29 -29 -20 70 36 31 -14 -49 8 -12 13 -43 -9 37 -16 -36 -43 -24 34 19 36 24 -48 10 -15 14]
[21 -46 11 -122 37 29 35 -7 5 -27 -58 10 27 -30 25 -1 51 42 -33 35 19 13 20 -8 -55 4 66 10 -17 37 -9 21 -31 10 -25 -21 -27 7 -4 -17 -48 -45 -13 46 16 6 28 37 -26 -10 -56 0 -22 -26 22 6 13 32 9 -27 -15 18 14 78 -41 5 -43 45 -42 31 -13 17 10 38 15 -4 -9 -20 28 7 20 -13 -15 7 -8 -52 11 19 -38 -7]
[56 60 16 -46 5 -34 -25 -14 -29 -25 23 11 -10 7 -26 -2 -26 8 -21 -23 42 -10 -15 36 -4 -1 -9 5 14 -30 7 -4 1 12 -45 -12 7 50 -67 -22 -62 -24 -23 -34 46 -38 40 -3 -22 -4 -22 -88 -38 9 8 3 0 21 12 17 50 12 41 20 35 -4 -4 -33 57 21 -39 -65 -12 -38 58 -2 8 -9 16 12 -24 -15 -34 -9 45 4 -37 -5 -3 -20]
[26 -44 41 -42 40 -6 21 44 -3 -1 23 39 3 18 29 12 10 -33 -28 14 -40 -33 15 -26 -47 15 -1 -1 -44 45 16 6 56 21 -57 10 36 -15 -14 35 -33 -41 -2 32 7 47 21 9 -29 4 -33 32 28 11 -16 7 28 7 2 -10 -35 -1 26 29 -25 62 -77 97 0 9 -15 33 -53 9 -30 2 -17 -10 -4 -39 -17 3 72 38 -1 -16 -2 -10 6 -30]
[8 8 -40 -38 7 68 -17 -2 -24 26 1 16 -23 4 -37 0 31 -36 9 1 -68 9 -40 6 -16 -17 -37 41 -19 -48 17 13 5 0 -9 31 -45 1 15 61 -17 9 22 67 -8 0 -7 2 3 0 -42 21 29 4 -22 72 -13 18 -31 15 -16 81 38 22 2 28 -52 27 -12 -36 14 4 -43 18 -47 -21 14 -25 28 -22 16 8 46 -11 0 -47 -9 -10 31 5]
[2 35 -7 28 -15 15 -44 -11 -2 -9 22 33 55 -6 -30 -11 -49 -3 12 -13 19 20 -24 -27 10 -11 -14 -35 25 -6 8 31 9 -33 21 23 30 -5 -38 41 17 -31 0 6 -24 33 -43 -28 40 -28 -1 -4 10 -5 -43 50 -29 43 58 18 44 -8 -1 -58 -16 -23 3 -5 -28 12 -5 -89 69 -48 7 -4 -4 36 -3 -6 -58 31 25 45 33 6 2 36 2 -4]
[-31 8 -14 -40 -12 -1 18 -24 19 1 -17 -7 3 -33 -18 -1 12 -27 10 17 32 49 3 24 1 13 18 -27 -38 -14 -34 -19 -33 -14 54 -2 22 -14 8 51 39 3 32 -13 -5 -27 -47 39 15 -1 -65 10 -32 44 -7 22 -1 13 -31 36 16 -13 -67 -13 59 16 -6 -26 -47 25 50 -18 32 5 18 20 11 35 -43 26 32 -7 -26 26 9 -38 79 18 -3 38]
[8 -22 45 11 -16 -24 49 25 -9 22 16 9 7 91 1 12 8 -22 5 35 -33 26 5 11 -1 6 -29 17 -22 -22 0 -27 53 4 -56 -22 -17 -12 2 9 47 25 8 47 -5 13 -35 -18 3 -19 27 -4 4 -9 54 -52 50 -6 47 15 -12 14 22 -36 -16 4 43 42 -30 14 -18 17 -15 40 -42 46 -33 -13 -32 -57 -13 -16 18 19 -23 -23 -41 44 21 54]
[-5 26 2 31 -5 -19 -13 17 -73 -29 -9 15 49 24 -23 -15 -3 -10 -5 -14 -3 -38 14 -12 22 72 -29 -3 6 -10 -34 -24 -29 15 -49 -20 -16 9 -34 -12 -7 47 29 -23 -32 8 12 -51 -23 -4 -14 10 -6 25 -29 -34 -54 -5 39 -27 -7 -33 64 -6 -6 -41 9 8 14 -65 -15 -27 -21 -15 21 -24 -5 51 -20 -15 -4 -35 41 -1 11 13 2 1 -38 17]
[6 26 12 -3 -9 -18 5 -7 29 -6 35 -29 -27 -40 26 1 -9 18 -37 15 70 34 -30 -4 31 -3 6 -13 4 10 -2 11 24 11 -7 6 24 -24 -73 30 -35 -2 28 -80 30 34 22 -10 -20 -11 0 -69 -1 1 32 83 -43 34 10 35 8 27 -16 26 17 0 30 8 19 -15 30 -32 47 -75 -13 -19 -4 27 -13 -6 -35 23 6 35 2 30 -3 17 27 -8]
[-66 3 -13 44 15 -24 2 0 -32 4 -8 24 23 12 1 9 18 -18 31 21 -11 -14 31 20 -2 -1 1 -42 -27 -29 42 46 -9 -27 5 -9 -19 4 78 19 27 -11 20 7 11 -2 -1 -16 62 -13 56 36 -28 19 15 -3 -36 -51 -37 -23 -31 17 23 35 1 60 9 -26 33 -58 -4 -24 -18 9 -30 -9 49 55 -1 -6 2 13 6 0 0 41 28 -55 1 26]
[0 -33 4 25 -11 -57 3 56 -15 31 35 20 20 -16 62 -6 27 -31 -15 26 10 -28 -14 -35 -11 -39 -9 -39 4 46 -28 27 -43 5 33 -9 38 18 6 -3 -25 8 10 6 -36 28 -5 -35 80 -18 50 32 -13 26 0 65 -16 9 -5 -4 -41 -27 -18 -12 64 25 21 -27 -33 -18 25 -38 -4 -36 9 30 4 60 -26 10 -8 -37 1 46 7 -9 72 -19 -23 17]
[-47 21 7 21 -48 -24 47 1 -11 10 -24 -12 -2 -7 -41 10 20 -31 0 -33 20 60 -25 16 27 -6 -16 50 -11 -22 -39 -38 -19 20 10 39 -49 6 -7 -7 -30 11 21 -52 48 -32 29 -14 -43 44 -15 7 -1 5 15 -62 -38 29 6 14 6 7 17 37 57 -16 21 -21 45 -15 37 16 16 -25 4 38 -10 -53 -18 -4 14 -5 10 -28 3 35 -15 4 8 18]
[-14 -12 21 -4 20 -1 28 28 59 37 -20 -19 12 -35 37 -8 31 8 -16 6 63 -6 18 -10 3 -25 8 -39 20 5 50 12 -41 23 -9 -28 12 40 13 -38 -42 -58 8 0 31 52 34 13 -7 6 13 -7 34 21 10 49 -6 -32 -6 -1 9 4 10 51 29 29 10 45 -4 20 -11 28 40 4 -15 3 10 21 4 27 17 -66 33 55 -9 4 -12 -37 3 2]
[-62 -33 -14 -11 -43 18 -4 3 -42 -33 33 27 -14 -21 -2 -30 25 -30 1 1 17 -1 -1 -9 1 62 2 -39 14 4 -16 -46 -22 -8 2 -29 -22 -4 -19 -13 26 -25 -2 -5 5 -29 -29 23 -3 40 -27 -24 -34 -12 24 -29 12 -18 -19 -14 3 -17 -8 -2 14 -23 -14 -11 18 -50 -19 30 -5 38 32 43 -26 -53 19 -12 36 -16 -37 -55 18 6 46 17 -48 -58]
[20 46 -1 -5 43 -30 73 -18 -1 -12 -38 -42 -5 -38 12 -1 -18 41 6 10 5 7 38 -18 -15 -27 -17 16 -9 0 13 12 -35 -23 -4 -15 -17 -6 27 -10 -20 61 -11 24 -21 -34 -43 21 -17 18 12 36 34 35 -19 -50 18 -20 9 -5 -1 13 5 -19 -7 3 6 -21 7 -29 -24 30 -44 48 36 -6 -3 16 -52 31 30 9 -13 21 -23 31 -72 10 22 29]
[1 25 17 1 22 7 -42 -61 26 -19 72 4 -14 -46 27 -34 -47 25 -1 -41 16 -57 -43 23 -12 11 30 -47 7 -2 13 31 -1 -42 4 -7 35 -2 -43 -1 -47 4 -16 2 -19 38 -2 -3 -4 -11 6 -13 -4 54 -34 84 -4 28 -16 1 55 -70 0 -23 -33 11 31 3 -36 -53 1 -33 -26 -31 50 -28 -3 84 -26 25 16 -38 -19 38 5 19 36 -15 -3 -8]
[16 -24 -13 -33 -34 34 -33 39 9 16 11 7 -16 4 40 -22 -2 -5 -9 -61 5 -10 -22 34 -4 -31 14 9 3 4 69 9 -60 25 -23 17 21 -1 -34 -23 -16 -29 -44 20 19 14 1 13 -26 18 -8 -35 -9 17 0 52 45 -4 -14 23 37 -4 37 25 -14 51 -35 -10 17 -7 1 -3 12 25 33 -3 -23 -32 -8 12 10 -2 -34 4 9 18 9 -50 6 -23]
[7 38 24 -2 19 -5 37 -18 7 12 17 -39 -8 14 -9 -4 -6 10 5 -37 52 -6 -44 12 -7 -64 17 -31 -17 4 10 28 -23 0 4 4 -7 48 7 23 -19 -31 44 -2 -5 17 16 16 7 -12 18 20 11 50 -25 -3 -14 -9 38 3 11 1 4 24 5 29 3 -12 -10 65 31 -35 -4 27 20 22 32 23 21 17 -34 -39 -33 16 -2 -33 18 -13 11 8]
[22 -1 -14 -33 -13 7 -35 45 -34 -5 11 47 17 1 29 -68 -11 -18 2 -20 7 11 -5 -6 -29 -43 13 -16 0 34 31 -22 -55 1 45 24 14 6 -8 -34 -23 -29 -48 4 -11 4 -27 40 -29 21 13 -42 13 0 43 78 -19 12 -12 -17 28 -32 8 8 5 36 -41 -18 10 1 -27 3 0 2 33 14 -62 -35 -40 -15 15 -30 -29 -6 -45 -26 57 -22 -26 -5]
[-8 -10 -23 21 9 -7 -30 -26 12 -4 -17 33 -1 -104 -25 11 19 -9 -37 30 4 65 41 -26 -18 -6 -1 -43 -56 28 -24 -21 8 37 44 -7 41 -39 -21 24 -8 13 38 -10 -12 -21 -41 -2 14 11 -60 -25 -27 12 -43 35 -35 4 -21 5 3 -56 -32 -17 -3 -7 -11 18 15 6 6 -50 15 15 13 -30 -1 36 -39 -9 -45 58 52 16 33 19 32 24 7 -19]
[22 -7 -12 8 26 22 -28 22 23 16 -78 -2 28 20 -1 3 14 8 -14 12 -73 15 25 -33 -11 -67 18 -18 -65 12 1 21 7 47 2 -33 8 7 17 -7 16 6 18 12 10 -15 -14 -37 11 -28 5 20 43 21 -34 -27 -5 9 -22 20 9 -11 -35 11 13 -11 -12 1 -23 79 27 -27 56 6 -21 -2 2 49 26 17 -59 38 19 10 -7 -42 -27 -30 59 -16]
[-15 5 -25 -25 -11 -39 -37 -13 -50 0 58 13 29 -2 -21 3 4 -30 -19 10 -9 8 36 9 -24 24 1 -28 -44 -1 -30 -50 9 3 -28 -11 0 35 9 20 42 -22 -15 -5 -35 -6 -41 26 -22 3 -2 0 4 -1 8 -15 12 -39 3 -39 -34 -36 -34 -17 -45 -30 -13 35 15 8 -8 -22 -26 51 35 19 11 17 -19 -10 -10 -15 6 -23 -22 -44 25 12 -29 -5]
[-25 -32 9 -8 8 -5 9 25 24 -3 28 -12 20 -61 24 11 -9 -22 24 6 5 -17 25 -23 12 40 57 48 16 11 -41 -23 35 14 -11 57 55 -14 -21 13 -33 13 -2 10 35 18 35 28 42 -31 -4 -17 -25 7 13 67 -7 19 -3 -2 37 -4 13 -9 -25 4 -4 41 -5 -10 -9 -44 0 -76 -4 -6 -33 29 -29 -27 -6 27 -13 25 -8 51 17 15 -49 -39]
[-18 9 -13 -8 -35 -21 7 -25 41 -36 13 5 17 16 -25 -12 -23 18 -4 6 36 7 22 -12 -29 21 19 -38 30 17 2 -2 18 -45 -14 -12 16 21 -19 -1 -9 -41 -19 4 13 -3 -43 2 -10 1 23 0 13 -71 70 -6 24 9 4 -17 -17 5 14 -12 -32 -46 -6 -12 16 60 -4 -7 34 -15 14 51 -2 -32 -9 -28 -30 -9 -7 -2 13 -20 -43 17 0 -21]
[-13 35 32 7 -20 -26 43 13 15 12 -35 1 -3 -14 -6 4 -23 25 5 35 67 5 1 10 -2 24 -1 11 12 50 15 37 -38 19 -3 50 5 7 45 -2 -18 0 23 12 22 7 18 -13 30 -4 35 54 -50 32 -10 -7 23 17 -11 -3 6 -36 -45 46 -16 20 -11 -5 47 90 20 -38 50 39 -4 -9 15 32 2 6 -1 -22 -20 47 -33 22 30 -8 -39 28]
[31 83 -19 -11 28 26 19 -25 -9 2 13 -2 -46 -34 21 -1 -18 38 -24 -3 -4 -4 -57 4 -36 -12 -36 -2 0 16 47 10 3 19 15 32 11 0 -43 7 -36 -12 -1 -26 -1 -13 -47 15 -6 14 -17 14 50 -5 12 118 -16 29 -56 -25 29 -6 8 26 18 8 -3 -26 -1 3 13 28 -19 15 8 0 -14 -6 9 28 11 -5 -6 21 8 -32 6 -8 28 4]
[7 3 -20 -1 29 -7 41 -36 27 -10 -2 -37 47 9 14 24 19 29 -38 31 14 17 89 -6 -23 -24 34 17 -10 -23 2 -31 9 -42 -5 -56 -21 -28 19 -26 71 29 2 48 -1 -18 -16 5 10 -12 -15 14 -35 -3 16 -58 17 4 29 16 -33 -1 -13 5 -12 -7 -6 40 -29 -13 2 1 -9 8 -7 40 15 12 -12 -35 13 44 12 24 1 -29 -23 18 5 70]
[-32 -20 -49 35 -9 13 -37 21 -38 28 -17 49 18 -29 5 34 30 -85 37 -4 -39 7 -32 24 -3 -20 2 -25 -8 -19 -14 31 -10 88 -3 28 -12 6 61 29 -1 -4 15 33 19 -8 50 7 54 -52 -7 10 -13 56 -29 35 -13 -9 1 8 -26 -8 46 16 14 106 -1 -48 17 -23 -7 -54 0 -39 -46 -14 36 28 33 -18 -13 8 17 -21 -12 10 79 -58 7 -11]
[-32 7 1 17 42 -51 -6 -17 -29 -38 24 -17 1 -11 35 23 -10 -3 -33 -70 -20 21 6 15 9 28 7 -34 42 -19 13 5 -40 47 -15 -28 -2 -12 -39 -30 -57 -40 19 -20 10 36 21 -10 7 2 -32 -17 8 -28 3 51 -31 -20 20 -43 5 -35 88 -40 9 -36 21 -20 -3 -86 15 22 4 23 -37 -7 1 1 -17 2 1 -11 29 89 0 29 31 -47 33 -18]
[-6 5 -19 -73 37 -14 -32 -19 -4 -8 30 -28 34 -14 -21 -19 11 13 12 7 4 -61 -8 16 7 -5 65 -23 13 -33 -63 8 2 11 -16 0 9 30 -54 15 -9 -13 5 3 -7 -19 44 51 30 -74 -21 9 -17 -32 20 31 -5 -15 40 -51 27 24 43 -10 -10 3 34 -12 -30 44 -51 -15 -31 -46 13 -34 0 20 18 13 -15 -3 -52 2 -16 -35 4 -34 -6 -30]
[4 -80 -11 -24 -32 25 -93 41 39 17 1 11 15 -74 53 -4 41 -15 -18 9 -13 -40 17 -3 5 -39 32 4 0 -5 -30 -36 -17 -19 31 -34 -7 2 13 -31 4 -11 -30 -16 -13 -12 -7 -11 27 -11 -7 -50 -41 -24 30 8 -8 -18 -34 6 -25 28 22 15 13 18 21 -16 -6 -35 7 -13 35 -44 37 4 11 14 2 -34 5 -6 -32 -31 -15 -4 15 -19 0 -26]
[-13 30 -13 -46 -16 -72 -1 -19 9 -59 25 -5 7 18 -19 19 -4 16 -14 21 -18 13 25 15 32 64 0 2 -34 -30 37 19 -21 3 14 17 24 -26 -27 6 17 21 71 -23 7 51 -13 15 -9 -60 -30 -39 -29 -31 21 -14 35 -12 42 -26 0 20 18 -52 -48 -13 23 -12 22 -7 -2 14 1 38 4 -30 -19 -19 8 -8 30 8 -6 26 -6 -12 -1 0 16 -11]
[-8 -35 -58 6 44 34 -81 -38 11 12 -24 6 11 -8 -24 -14 -13 -20 9 -19 -47 -6 -21 31 -9 -25 33 -20 -27 -43 -1 42 -16 23 -3 -3 -40 6 13 -2 10 -21 -18 -1 54 -30 52 -15 -6 -30 -29 11 16 48 -43 33 4 8 -57 3 14 -15 31 39 -6 31 -17 6 16 23 45 -62 18 -22 -35 -47 -26 14 8 -32 -6 48 -7 -1 -25 11 25 -50 15 -33]
[-37 -16 3 -33 6 6 -46 -4 -54 -23 31 26 27 36 25 -19 -5 -40 36 -32 -24 -48 -27 60 12 43 14 -11 22 -45 -21 -1 8 32 -17 -27 -46 26 -16 31 -19 6 -17 15 5 35 40 3 -9 -42 -39 25 -42 -12 10 73 2 -1 -14 -44 30 16 74 -11 -33 19 12 -27 15 -64 -40 -4 -18 -6 -25 -1 7 48 -24 8 48 -61 8 46 -15 -25 50 -84 3 26]]