40
89
1601
0.005
[[-10 46 18 17 -34 -23 -21 -21 13 -16 19 64 22 -14 -63 9 -13 10 -19 -22 34 62 2 20 -22 -25 12 -20 26 1 26 -4 -34 -1 -72 -14 22 15 -37 -8 -30 2 -21 0 1 17 -15 -49 13 -12 16 -35 -36 21 -38 34 -36 0 -7 20 18 -8 -28 -26 18 -22 -3 -11 52 -6 23 0 25 -6 12 78 -27 13 2 -31 -11 -1 67 23 41 25 -13 -8 -1 4]
[0 39 -8 19 11 -8 -72 -21 -47 -30 -43 27 -6 5 -10 34 -4 15 -23 -54 -41 -10 -27 9 16 -20 1 13 -23 -16 52 21 -38 8 0 8 -24 -20 2 19 -9 -18 27 -2 -28 28 -31 -21 13 -33 9 18 34 -23 -64 26 -37 -15 24 -14 13 -36 7 -58 -53 -7 14 -13 28 -16 13 -2 21 64 -21 -15 43 14 18 -25 -39 -21 55 0 -23 -30 -16 22 18 4]
[2 18 -21 -30 16 5 -10 37 -14 -32 -61 -4 -26 -14 30 -7 39 -13 -46 21 -74 17 -59 -40 11 -53 8 11 4 19 46 18 -7 -5 -18 -5 -57 -12 17 -18 29 -25 -15 -27 -31 3 -34 -44 -15 -37 -12 -10 6 -59 -73 17 22 41 31 -36 -12 73 29 -43 -2 -3 19 -18 -7 -46 16 42 44 69 -45 17 -5 -16 17 -37 27 35 -6 -25 -1 -52 -25 56 28 -4]
[21 40 20 27 -6 1 -25 7 17 8 28 84 23 -8 21 -23 43 19 -19 3 -34 11 -22 10 -12 -28 1 -16 35 68 64 -5 -12 -15 -10 8 -12 -36 -2 -23 0 -12 -8 -19 21 25 -64 -16 -19 -46 13 8 -2 -63 61 29 3 71 30 -14 43 3 42 -58 -8 -27 89 -36 40 0 -9 22 36 26 -30 22 -26 -8 53 -10 -1 38 30 16 5 -21 8 50 -35 -4]
[-12 -27 -25 9 5 -14 -37 -16 45 5 6 27 48 31 -1 55 -50 40 36 -5 42 51 58 32 13 -17 18 22 -39 -49 -17 -33 3 31 21 5 46 -25 11 2 39 -2 -62 -6 -4 14 18 1 14 -23 36 -17 2 60 26 40 -40 -34 -21 44 -2 -31 -71 48 23 -24 -20 16 -51 25 48 40 -22 -70 33 32 -52 -16 -34 -23 -25 -62 -3 -9 -39 57 46 -31 -34 0]
[30 -11 -30 -10 49 28 49 11 51 2 17 14 -7 -10 100 46 27 -26 5 18 -38 26 51 -39 -10 -47 27 -13 20 64 -15 -15 49 -34 76 -16 -40 13 101 -9 82 -66 -32 23 -27 -64 -35 10 7 4 21 -12 57 -65 50 -11 2 49 0 -19 -36 20 1 -5 55 46 60 39 -29 -9 22 32 20 21 -41 30 -30 -33 27 -16 10 25 -55 -42 -6 -25 59 4 -6 4]
[-13 52 -32 -29 38 -72 -25 -45 22 -32 28 18 -28 22 48 46 34 44 -4 30 -20 102 39 1 27 8 60 -11 54 75 40 -29 -30 -21 30 -30 18 -19 63 -8 22 -44 13 -34 -20 0 -14 -7 -4 -21 37 13 60 -55 -3 20 -12 30 -14 3 7 11 -29 -51 25 -26 74 -21 29 -11 44 70 26 7 -26 46 -42 5 30 -15 8 -4 25 -35 32 -16 63 10 -38 4]
[-2 24 23 15 1 7 14 17 39 4 -46 13 -15 -42 22 -10 16 -40 -68 -33 3 26 32 -7 -45 -26 26 7 36 16 18 -30 12 -36 -20 37 -9 17 17 -31 -9 -37 -34 19 15 -42 -32 -97 16 -47 -12 -10 -2 28 -4 -17 -21 41 8 -59 -19 -33 35 -4 -23 78 11 48 32 31 -67 -57 24 20 24 4 19 -9 -21 16 -25 -30 -11 63 -16 -1 -48 -3 -29 0]
[16 3 -6 13 13 25 -5 0 -8 -14 33 42 -27 -3 9 4 6 20 -1 9 -80 -15 -5 -36 -40 2 -20 -26 -19 5 68 21 40 -35 53 -43 16 58 17 16 43 -21 16 34 -67 -39 19 38 15 39 -9 -22 -6 -50 -56 -7 -1 -25 5 5 -17 -7 -70 7 67 4 -15 21 35 -46 47 44 -38 20 -41 16 8 0 -23 -41 1 11 48 -81 14 2 16 6 23 8]
[-84 6 15 35 0 20 -22 12 25 -9 3 73 36 -6 -25 29 1 2 36 -18 22 9 -34 41 27 -57 -9 -1 8 -40 -28 -55 -31 55 -64 48 39 -48 -12 9 -50 -10 -44 -14 2 6 -61 -18 6 -30 13 -2 21 30 -19 -12 19 -2 20 37 29 -33 -2 -52 -12 18 -2 -77 4 42 9 16 29 7 -9 0 9 -10 18 -27 -18 12 18 14 -29 4 -1 -31 19 -7]
[-58 -48 -4 45 37 42 -38 17 73 -21 -12 80 8 -75 39 -1 -19 -13 -30 -25 -6 17 -23 -27 -53 -21 -22 34 -7 -36 25 -10 32 -13 34 67 55 10 37 -23 51 -45 -28 26 17 -64 -39 -19 -5 -79 -25 -17 28 -3 -69 -11 -11 29 11 -40 -36 -53 6 -17 -8 48 -27 27 -4 6 9 27 62 -13 -39 -28 9 -3 -7 -11 3 -45 -16 -25 1 23 -20 18 7 -4]
[-7 -28 54 17 -9 14 50 -15 15 -15 51 25 9 -3 27 -77 -73 8 -26 -31 12 -8 -4 -13 -91 86 -15 45 -21 23 -12 42 57 -38 79 -6 11 9 9 -4 19 27 85 -1 66 -34 38 19 -50 -3 -9 39 -38 -9 82 -53 -14 52 -16 -32 16 -45 25 22 2 -48 22 17 45 4 -51 -43 -12 -34 17 -31 45 1 -42 62 26 -18 -15 41 -22 32 -26 32 -26 7]
[50 -13 36 14 -27 69 -51 2 16 19 -10 26 -16 -9 -21 9 73 6 -58 -9 -94 -55 -31 17 0 -32 -14 -2 -48 -12 47 49 34 -41 -12 -2 -47 3 -77 11 -6 44 5 -41 -37 47 -27 -19 5 -62 -26 -36 -51 -9 -1 20 -1 -47 0 -2 21 -21 -8 -2 -73 11 8 46 -23 -54 -38 22 -51 49 -4 -30 29 -23 9 -6 -7 12 44 -4 6 -42 -37 41 37 -11]
[23 16 -35 23 12 -32 -69 11 21 -27 16 57 -45 -36 80 10 0 14 -21 -56 4 33 7 -7 -21 -71 13 21 3 23 74 -35 -42 -28 48 -8 -2 39 53 -42 11 9 -23 6 -19 -9 -42 5 -34 11 6 27 57 -26 -59 -22 14 38 15 -45 22 7 -19 -33 6 41 -17 -18 34 22 51 -20 50 4 -10 5 -10 45 33 -15 -36 -26 -5 -18 10 -8 -3 -18 -14 8]
[54 14 -70 -20 -43 28 -27 4 -16 8 -5 -44 10 -35 12 9 7 -47 -32 -31 -19 -36 36 31 1 0 -8 -17 2 -5 24 29 -10 -39 40 -44 -83 65 20 -12 10 38 31 20 -3 10 8 25 24 57 -3 10 44 14 11 -33 -27 -34 -40 10 2 -6 -15 -12 -2 76 -32 8 6 8 -33 -50 -14 34 -5 -90 30 73 54 37 -22 53 -10 -27 24 -15 -15 -59 23 12]
[49 -4 5 -13 -9 -45 -35 -11 70 50 73 7 21 -3 28 -42 28 30 -15 60 31 82 -9 10 -41 8 13 -20 35 39 31 27 3 -21 38 -46 10 8 9 -61 14 46 20 -27 47 29 37 42 -20 10 0 45 15 2 18 -10 25 7 -2 -42 53 57 -3 -23 5 -2 6 1 -6 13 -56 59 -27 -35 -32 -7 -76 24 15 20 55 62 -26 -6 57 10 5 -17 16 -3]
[-23 39 -48 -20 -22 -53 41 13 40 4 14 -19 15 46 17 8 -13 16 47 -2 26 19 57 33 38 21 12 30 49 8 -2 -52 -23 5 1 -1 -3 -42 -3 -17 11 45 -38 -6 43 3 -16 -50 34 2 46 11 12 4 50 12 29 21 -12 33 1 40 15 -13 30 -22 57 -61 13 -16 62 12 41 -32 19 77 -69 -16 -19 6 7 -6 -11 -19 -10 56 51 37 -85 -13]
[30 29 41 27 65 10 28 -17 -10 28 57 82 26 -4 -51 -5 2 12 29 -16 -8 -10 47 -14 -32 -35 23 -66 33 24 26 -16 21 18 -56 5 43 -15 21 25 -54 -93 -1 94 -28 -40 5 25 48 36 -19 -16 -23 -8 3 20 10 8 83 16 30 -54 -25 -9 27 33 11 29 44 30 -48 -39 -30 -15 -12 26 -26 30 -29 -18 -49 17 73 54 -24 -20 -17 -34 16 14]
[25 6 -22 49 36 26 12 7 -20 -10 -45 10 -37 -27 33 24 -35 5 -38 -19 0 27 -23 -41 -6 2 -17 3 -20 87 0 14 14 19 -8 53 -9 -30 59 19 36 -60 -38 1 -13 -52 -70 -12 -75 -34 9 37 40 -35 28 37 -1 93 -6 -62 -34 4 38 -21 -28 -43 37 -4 -10 17 3 -46 43 25 -2 -2 25 -43 40 1 9 -20 -31 47 -41 -47 -15 47 -13 -1]
[16 -79 52 -13 2 -61 -37 42 -24 19 -38 -22 -64 -12 67 9 -23 24 15 35 38 15 -26 -50 -15 28 22 82 -40 -29 -13 2 -6 0 49 15 54 32 2 -31 35 33 -15 -34 43 5 44 5 -61 -11 -28 -14 -7 21 -61 -48 -6 29 39 -74 -9 33 -24 67 -25 19 -61 4 -18 13 20 24 -9 8 13 -29 -9 -18 -38 -24 21 -56 -100 -3 -23 34 -6 -19 9 -1]
[6 -63 -27 37 69 73 6 -26 33 43 78 0 51 24 -4 13 -19 36 80 35 77 -38 35 -9 29 14 -28 -26 -7 -8 -13 -42 16 55 17 24 77 -56 42 32 27 -53 -44 33 9 -34 -17 140 -9 15 -14 6 15 -18 99 51 55 10 -12 27 -18 -40 34 -12 -21 -45 14 35 -67 28 11 -24 -4 -111 -14 -34 -53 -19 106 -2 2 -15 -1 11 18 7 26 25 11 -11]
[0 49 -24 -24 -21 -54 -56 -7 14 -2 -4 -12 -32 -7 -19 18 -16 69 4 26 36 42 -22 -21 -15 7 -9 39 8 0 60 -34 -54 -13 -24 1 78 18 -10 -10 8 26 -19 -21 -39 -36 23 -68 16 -7 34 28 71 55 -143 -35 -8 -19 -12 -33 -4 6 -60 -60 -19 7 -62 -22 44 31 4 0 -19 19 27 -19 2 5 -22 -58 31 0 15 -30 22 26 -7 -17 -12 -2]
[-67 -27 -7 -3 36 -3 -33 20 51 -19 -49 45 -47 -60 77 39 28 42 -11 -5 -24 48 18 8 44 2 25 19 20 13 -47 7 -25 35 7 70 -18 -30 38 -10 4 18 5 -19 55 -7 -61 -14 -95 -75 -13 18 47 1 40 -29 38 46 24 -40 5 -15 -13 10 -79 8 40 -55 -2 6 9 41 20 22 -13 -40 9 2 41 54 -19 -46 -70 19 -51 -37 -1 -6 -29 -8]
[-64 42 14 -33 6 -8 24 -28 -41 -20 50 -17 -34 36 -63 -24 -7 50 61 26 0 -56 -30 -18 58 -11 15 13 18 -20 -10 15 -76 9 -55 -34 1 -27 -67 37 -63 62 106 -18 -25 35 -26 -4 -13 8 18 2 2 -8 -25 4 30 1 30 31 30 -6 23 -48 -35 -95 11 -20 63 -46 51 -32 -14 57 18 22 25 31 -6 -63 -6 2 57 19 21 -32 -22 50 20 -6]
[-41 47 10 9 -18 -15 -22 -7 -37 7 -52 -24 19 3 -83 62 -15 -26 -27 1 -21 -15 13 10 48 30 -5 -6 -4 -85 -8 7 -50 7 -61 10 -25 -17 -76 24 -36 44 7 -65 16 32 -55 -49 28 -61 13 -30 -33 57 -1 20 -36 -62 -10 13 -2 -16 13 -43 -49 -1 13 1 22 -49 -26 1 -22 61 -5 26 28 36 -24 -17 14 -4 31 28 23 29 -56 -4 53 -12]
[17 10 34 31 -8 19 34 22 54 48 10 -16 8 35 -2 -29 -22 15 35 8 12 -26 15 37 9 15 23 -1 43 30 -26 -13 26 34 -31 29 1 -46 -9 -21 -32 13 -35 37 31 19 -20 -19 -12 -7 23 13 -37 26 72 -2 74 42 28 -11 41 -32 37 4 -58 12 34 -33 23 50 -74 -24 -41 10 61 -53 1 -45 -23 18 -14 -12 -26 51 -95 10 -58 31 2 -12]
[18 83 29 7 0 -28 45 -57 -38 -26 13 2 36 24 2 59 -27 6 -11 -68 20 -2 21 -5 -35 49 -30 11 27 -13 27 12 -52 1 51 -47 -58 -32 27 13 -6 -2 59 20 23 -8 -20 -6 59 57 6 46 3 -31 50 0 -88 25 -15 0 19 4 29 -75 21 -28 94 4 69 -1 9 -45 19 21 -42 75 29 -3 67 5 -30 52 38 32 14 36 22 20 9 9]
[44 -34 11 -66 -37 39 52 58 -13 38 41 27 46 -14 24 0 42 -27 2 0 -15 -104 66 -15 -3 -3 -21 0 0 18 -3 -32 28 -71 -3 7 -20 22 -48 -1 10 5 -5 -2 42 -37 -5 10 12 41 2 -32 8 1 116 -66 -5 -20 38 61 -16 -24 -10 30 24 53 4 -5 -9 1 -62 -73 -29 -16 42 -31 -10 47 -2 49 -19 27 -17 3 24 -21 -14 -37 -65 -8]
[5 6 50 -38 0 -52 -34 -39 -73 -23 -97 -70 -44 17 -2 21 23 14 -42 -6 -45 16 -19 31 30 50 40 30 -23 -31 -21 3 -7 20 -16 -6 -13 -36 2 14 -18 -8 29 -82 -17 64 45 -36 1 -29 -53 -22 -26 39 -13 -10 -67 14 4 6 -2 24 18 45 -22 11 -19 -9 -41 -7 -45 36 -34 18 22 -45 31 -43 -5 -4 -7 12 -34 12 -54 17 26 -15 29 2]
[-54 15 34 -24 33 9 20 -58 19 -34 75 36 24 43 2 21 4 -25 34 -36 -18 -62 44 16 21 12 3 -11 60 -2 -16 -31 13 -58 -12 -20 30 21 -7 20 -7 11 37 -20 -21 -28 -34 26 37 -27 12 -39 36 -8 6 -80 16 -38 16 51 -13 -101 21 -53 -17 31 29 20 17 -43 10 -23 11 -4 -4 3 10 -6 32 9 21 -3 31 -47 48 -6 27 5 -4 0]
[-5 -6 46 79 -12 19 -15 5 -26 9 14 22 13 11 -46 2 -57 -10 17 -42 35 -26 -70 11 5 -27 30 5 -11 42 -85 0 12 32 -65 59 29 -20 -20 21 -68 12 -4 -6 -20 16 -50 -10 -19 -5 16 20 4 41 -40 -28 -2 30 37 -17 54 -28 11 1 -62 -6 3 -45 -7 40 -10 -51 31 71 27 -22 56 -68 -26 -13 -6 2 -7 34 -86 -37 -8 -1 20 3]
[11 -34 -6 -7 -10 13 0 19 52 -20 -6 -32 -40 -23 70 19 48 47 -37 18 41 22 -16 -3 7 2 27 32 0 71 -7 -50 -23 -15 56 41 34 -31 17 -59 23 -11 -40 -39 -12 22 -18 9 -32 -23 18 29 16 -23 34 21 6 36 -70 0 2 2 -3 28 -28 -35 54 11 -47 44 16 67 39 -40 82 9 10 -47 36 61 8 -70 -51 -23 -8 -11 16 53 -41 -11]
[36 -4 12 14 14 -39 -34 -41 -30 -9 -48 -45 -63 20 34 71 -6 4 17 -83 -4 -53 42 40 26 12 -11 36 -33 -46 -39 -26 -7 19 57 18 -39 12 -6 -27 18 50 -11 9 -23 28 1 31 -6 13 -11 49 33 29 -2 -39 8 -42 -14 -24 -17 -18 -12 36 -51 29 -19 38 -28 19 25 11 -39 -30 59 16 49 -36 3 34 -38 -73 -60 -41 -61 12 10 7 29 0]
[-40 -17 38 26 44 11 21 -11 35 -48 16 16 -48 -2 64 -7 -26 -23 -3 -19 -45 -17 0 -14 -59 41 18 49 66 -30 13 55 12 -38 58 -56 -8 70 29 -37 13 49 64 47 33 -12 1 1 -3 -1 -47 -17 -3 -32 -50 -75 22 53 14 -51 6 -12 23 -26 7 42 -27 -2 64 -14 0 35 -6 36 -39 -1 50 15 -7 -6 -1 9 -41 -14 7 24 -46 6 67 7]
[-16 38 -54 -62 -28 -71 22 25 -36 7 -114 -66 -2 -3 -30 59 -17 -40 6 46 -21 6 32 -25 76 28 -10 1 17 -13 2 9 -37 28 -40 14 -92 -28 -6 -23 30 -35 -34 6 27 3 -10 -61 5 17 25 -17 -4 4 -11 59 -31 24 2 42 -69 22 -4 21 35 -22 10 -10 13 8 38 12 5 64 -8 10 -20 21 -43 -34 5 -37 -26 -14 0 20 -23 20 -49 -10]
[-10 20 -77 -37 -6 -18 -18 6 -57 -8 -7 -4 7 13 -3 32 -5 -29 -65 19 -38 61 50 -11 15 -32 22 8 -6 -24 47 -41 8 -4 -15 -53 -31 72 7 5 35 -12 -23 -33 -31 -21 -29 -24 -27 -9 -2 -51 -12 1 6 0 -56 -37 -19 -5 -10 27 -77 7 45 8 -14 52 -2 -16 27 -35 -1 31 -11 -8 -12 35 17 -34 -9 15 26 13 14 -42 -33 -19 -24 19]
[0 -5 -11 18 24 -86 -57 4 4 28 30 69 11 -25 -9 4 -29 -13 17 37 89 108 15 25 29 -1 20 -2 20 15 -20 -11 -33 40 -26 35 55 -48 21 -29 -19 15 -65 -32 47 19 -16 43 -22 -66 16 -38 -29 23 -24 52 20 8 27 6 56 -8 -20 4 -7 7 16 -36 -43 31 -7 80 48 -49 -19 -6 -97 53 -9 36 69 6 -47 7 31 33 34 -44 -15 14]
[66 -11 5 59 5 19 -68 -72 -27 4 24 40 -4 -26 -57 25 -24 -2 2 -66 69 13 -7 23 -2 -67 16 28 -44 -24 -61 58 -3 35 -36 5 -13 15 -16 37 -35 22 29 52 -11 40 6 4 -1 1 20 -46 -32 29 -67 55 -46 -48 -2 10 33 8 23 27 -86 -3 -88 38 -38 -30 -2 -36 31 -8 30 11 16 31 23 -23 -76 -9 28 13 29 0 0 9 53 12]
[-48 36 35 53 58 -23 10 -10 -33 -17 -9 57 -4 11 -20 -28 16 -2 -28 28 -32 48 -29 -8 -14 50 16 -60 71 81 19 -10 -2 4 -65 49 75 -29 -17 -1 -64 -43 10 -2 13 -17 -29 -42 -20 -38 21 55 8 7 -7 -15 38 23 25 -54 19 -14 26 -63 -30 -17 56 -30 38 -14 -58 10 26 6 -35 59 14 28 -54 51 53 10 30 38 -3 -32 -9 10 -17 9]
[-25 55 24 65 -40 -8 -29 31 -51 2 -26 20 79 7 -56 -67 2 -49 -36 -48 -48 -56 -27 32 -34 27 -58 -71 -3 -52 71 -13 14 7 -12 43 45 22 -33 28 -58 -40 -31 29 -5 2 -7 6 50 16 -5 9 -20 -4 24 -9 -27 -44 22 -1 3 -64 8 -14 44 47 2 -25 62 57 -29 -52 -13 -5 -32 -26 52 -4 -5 12 -55 29 84 12 -35 24 -22 -27 -45 -7]
[6 -12 -13 -42 1 -22 6 49 -25 -29 -10 38 61 -15 -14 30 -19 30 -27 5 -22 0 33 -46 6 -31 36 -15 12 -27 43 -22 -40 16 -73 -10 18 20 -14 -29 28 -52 -59 -11 -29 22 -4 11 2 -35 -29 -102 -70 5 -19 23 -59 2 68 65 -1 35 -41 37 69 3 -11 -3 -25 -12 16 15 31 10 28 39 -56 19 -7 -40 -7 16 17 -11 -10 16 -52 -8 36 2]
[47 -24 -43 8 54 5 -31 -42 -28 -14 20 28 52 7 16 -4 -34 30 36 -26 -6 -30 0 -41 -13 -43 -31 23 -51 -31 -2 37 -21 43 54 10 -46 8 35 12 31 4 39 79 -4 -1 11 66 -40 20 -11 55 26 -20 29 8 -30 9 7 -7 8 21 18 -9 -43 -52 -12 68 -41 28 46 -61 18 -11 -47 -9 -11 28 48 -4 -39 20 -22 -1 10 -18 5 28 -2 19]
[-85 33 -32 11 9 -23 -29 -16 46 24 -20 -17 44 -5 -30 -24 40 1 28 93 -22 -5 -36 11 14 58 -5 -23 57 2 42 -27 -8 9 -16 50 30 -3 -2 -25 10 -10 26 5 58 -5 17 -13 14 -47 -7 44 57 6 -12 -21 11 -14 -9 -8 -4 -6 32 -30 -18 31 31 -53 55 20 -15 45 13 38 -41 -38 -5 -21 -16 14 26 4 13 -72 31 19 -5 6 -42 -18]
[-36 -26 31 45 -27 -14 46 31 22 25 102 67 16 12 -30 -65 -39 37 29 -28 77 47 -54 31 -41 5 -38 11 -34 21 1 10 6 62 -2 10 73 -61 -18 16 -75 55 -16 15 43 -6 -15 73 -40 69 3 66 -43 0 34 45 40 18 2 24 76 24 -23 19 40 -82 9 -78 14 11 28 -34 25 -101 8 51 -50 -4 1 40 -53 23 72 63 -27 30 -5 21 -16 2]
[-51 8 -8 23 26 11 21 20 -56 56 -54 -42 -56 31 -44 15 -3 14 -3 15 -7 -1 -23 1 -9 34 12 24 -27 -29 -10 -12 11 49 -23 29 14 -26 10 61 -41 -24 35 64 20 -46 -14 -68 43 3 -17 39 44 35 -55 -2 12 -47 39 -33 -3 -23 25 4 -66 53 -22 -20 17 -21 -76 -44 -45 81 -5 -31 49 -27 -86 9 -46 -27 47 52 -72 -29 -47 -5 6 -8]
[22 -2 32 -28 1 -1 -45 9 3 23 31 35 6 -45 16 -13 22 52 52 15 -14 -75 15 8 46 -31 18 -56 11 21 24 -35 -48 17 -32 1 -13 -12 -24 -42 -34 21 16 -31 3 55 -23 95 -62 10 -48 5 -8 2 51 4 43 58 45 21 42 -21 -2 7 3 -8 22 -29 30 42 0 -5 -23 -18 38 -59 -33 47 61 8 12 7 -27 -14 -10 -10 -24 -11 26 -2]
[31 6 41 38 -11 30 -2 -5 -87 25 -47 -67 -94 4 4 17 99 -23 -39 29 -84 -52 -4 -5 56 28 47 24 4 52 3 20 32 -42 15 5 -31 0 -6 22 -29 -6 86 -46 -6 31 -18 -29 9 -11 -46 -40 -14 -47 35 27 -31 50 -18 -19 -20 9 85 19 -42 2 26 31 4 -23 -22 14 -1 95 1 -18 58 -17 52 -29 -26 18 -13 31 11 -30 17 64 -22 -11]
[-42 42 -16 20 4 -26 -56 -4 76 28 2 25 -3 -41 -22 -26 36 24 11 6 22 80 -24 32 14 -28 27 -75 42 14 -31 31 -49 37 -32 25 -1 -35 24 -2 -57 4 -16 -6 48 32 -58 -10 1 -39 23 62 55 -13 -23 60 64 10 5 -10 27 17 47 -65 -39 -16 35 -73 17 -25 14 52 30 -4 -51 31 -59 -4 43 14 -5 15 28 6 46 5 23 3 5 -29]
[-19 -22 18 48 20 7 -56 14 -17 -18 35 29 -31 36 9 10 -29 27 74 -12 -63 -75 11 20 67 -1 13 -17 1 -24 -25 -34 -24 -10 -3 18 -8 5 -48 50 -41 86 -21 -27 -17 53 -80 53 -78 -20 0 -22 -14 -11 80 -32 90 0 44 -4 60 -26 -24 31 -45 -15 30 -74 23 -42 51 -15 -63 23 -13 -5 35 -17 -24 -1 -24 -50 -12 -33 -64 -17 14 -17 -2 -8]
[12 6 -77 62 -55 5 22 8 62 30 12 -65 -9 -18 12 26 -10 -76 -28 -49 60 30 47 36 -4 19 19 -36 40 21 -32 8 26 -47 -25 7 -12 104 7 -4 2 7 -26 55 44 -12 -25 -39 32 9 -9 -39 35 32 27 13 -23 0 -50 15 -57 33 58 30 32 83 -54 -12 -10 2 23 -77 74 10 28 24 -40 24 9 21 -26 -1 -18 22 55 33 -16 -44 -12 -20]
[6 25 55 -30 3 -48 31 -16 -44 50 -12 -38 -36 -32 -4 -37 4 10 17 65 43 42 -46 -32 -12 63 -5 -21 60 70 -15 48 -31 31 -27 -3 12 17 24 -40 29 -49 74 2 48 16 -3 -13 -27 -4 -2 14 26 -24 -11 4 -8 62 23 -41 -32 22 80 -27 -20 -41 0 23 20 -11 -38 33 34 50 -11 -24 -37 8 39 -23 88 29 -56 32 39 -4 -7 51 47 -6]
[-32 1 31 34 -26 28 44 -3 34 1 0 21 61 -37 -12 -63 -26 -20 4 -9 66 -32 4 -34 -56 -18 -2 5 29 -10 -62 -1 18 -1 20 5 -17 45 39 10 -1 -34 10 64 28 -43 2 -15 21 -42 21 -16 -33 -36 11 -4 -29 34 -24 -40 -21 -32 107 4 -20 9 33 43 40 16 -48 -46 50 34 -23 -12 56 -22 33 7 0 -17 6 29 24 41 -10 56 -25 3]
[-25 0 -3 -8 -1 -32 -98 -9 -72 -54 -55 33 26 -11 -65 7 -32 8 -9 22 42 -4 -47 0 24 22 7 20 9 -26 -3 -6 -75 26 -55 36 78 16 -7 -6 -19 9 -7 -20 19 31 0 -1 -15 -21 13 -38 20 31 -112 -7 -20 -42 0 32 11 -58 -35 -13 -62 -10 -50 -49 -15 13 9 54 22 22 10 -53 52 42 31 30 19 -45 20 -33 18 4 -10 -36 -28 28]
[-20 -22 63 19 -5 -47 31 38 4 7 11 -14 23 9 23 -53 13 -16 17 23 34 -20 -70 -16 -50 0 -58 5 -7 -50 65 -60 -41 4 35 27 85 16 -17 -56 -44 29 -49 -24 18 25 5 32 18 37 -24 48 -32 43 -17 -56 35 -17 8 -12 41 -3 26 5 35 39 -29 15 -25 50 -6 -21 -8 -50 -21 15 -10 -4 -15 30 33 29 -30 15 15 78 -8 -20 -3 -5]
[-35 23 -17 -46 25 -38 15 16 18 -45 12 53 38 71 46 -9 0 20 23 8 -45 53 -4 -13 -2 -85 47 -3 11 -12 32 -37 -1 14 41 -54 -51 2 53 -41 31 -23 7 34 -56 1 18 14 -1 22 19 40 25 -20 -58 -15 3 -28 44 -9 27 51 -48 -33 57 -7 42 -5 0 -10 36 59 7 36 -34 61 -43 -4 -40 -26 7 -5 30 -52 -58 -25 -3 17 6 29]
[48 -4 25 0 18 -7 73 6 -72 19 18 -27 -13 -33 17 0 -3 -53 4 -15 36 -51 11 -54 -13 26 -3 -15 -13 22 -73 3 29 -9 36 -5 -22 7 21 44 -1 -12 62 16 65 -31 0 44 1 38 -11 -27 -23 -81 57 -18 2 26 27 -42 -1 36 59 18 12 18 56 24 22 -25 20 -32 56 39 -24 49 32 -2 35 40 22 39 -32 15 17 -26 42 -2 -5 6]
[15 -35 -44 -17 2 10 10 29 99 4 20 -29 -40 -26 33 27 -11 0 0 -9 59 26 62 -3 33 -12 12 22 -22 11 -16 -39 -2 -17 13 12 13 2 20 2 42 57 -92 -46 5 -50 -45 -2 -31 -75 27 -71 -14 5 28 -24 90 -29 -42 -32 -18 -5 -34 -7 -40 26 21 60 -32 -28 28 0 32 -58 59 41 -46 -19 15 29 59 -56 -29 -11 14 14 -6 22 -4 -8]
[-41 -4 -58 52 -13 21 -4 85 -6 6 -84 -12 -4 -17 41 0 12 -39 -47 -15 -68 -31 -33 26 33 -15 -66 32 -10 10 52 -7 -10 30 -22 43 -35 -26 5 -42 -7 62 -58 -43 11 25 -78 -68 -14 -80 3 23 26 17 37 12 -2 28 -39 -16 7 -2 42 2 -25 18 1 -24 -40 40 7 7 44 66 -22 -47 21 16 -6 19 8 -12 -35 60 -62 2 -30 -14 -48 4]
[62 -9 23 16 -69 -14 -25 52 -15 55 11 -55 -47 33 13 -32 36 -50 -13 25 16 40 -68 -11 7 -56 10 -59 -12 49 -15 -8 17 -9 -10 -7 -30 32 -22 -20 -29 19 -46 -12 -28 40 -24 22 -57 72 7 -13 -55 -27 -33 43 58 -19 -6 -31 -2 106 23 43 14 -2 -28 -11 -32 -8 -8 -11 -12 27 19 14 -21 -53 0 -7 16 1 -5 -21 16 -52 -38 -7 28 -3]
[-36 -31 -41 -20 25 -48 -6 -11 -18 -49 -2 -96 3 22 25 28 -27 13 -11 20 14 1 31 -7 26 27 40 44 -30 -47 -63 -72 -23 -6 83 18 35 -29 0 -9 -7 -26 31 -37 -47 37 12 16 39 -6 37 42 37 46 10 -16 -10 -54 -56 14 3 -24 -64 18 15 -6 -11 37 -71 58 -25 44 -41 -35 47 -54 88 42 -73 35 1 -59 -31 -8 -58 -12 9 -19 17 5]
[-65 38 3 -52 -10 4 49 71 -57 12 -37 23 16 -27 -36 -91 5 -4 21 84 -85 -54 -18 -14 20 13 5 -17 50 32 50 -60 6 6 -24 23 10 -23 -10 -11 -15 -38 28 -6 3 -23 5 -39 -15 -7 26 15 -36 -24 40 -24 25 44 41 4 25 -23 2 -11 46 -13 61 -62 95 19 -77 11 -3 44 17 -63 40 83 -83 10 20 12 14 3 -61 -13 -47 18 -43 7]
[26 20 -21 -27 -50 -3 -10 5 8 16 7 27 24 21 -38 77 -11 27 20 18 12 68 38 27 25 -7 4 -49 21 6 5 -20 -14 -17 -25 -36 4 1 -21 -3 47 -7 -72 -25 -12 -13 -9 7 10 26 31 -20 31 10 25 10 12 -5 -18 32 -27 -10 -40 -61 30 1 38 -28 29 -27 8 33 -34 -5 -17 70 -67 -15 41 -34 61 21 15 -29 46 29 25 -27 34 -11]
[33 0 6 -8 -11 72 -89 -8 26 19 -11 31 78 23 21 -44 9 1 -32 2 -51 -35 0 29 -12 -53 5 -13 -53 -51 59 11 41 -4 50 -36 -78 -25 8 -14 23 37 0 -49 -3 26 12 38 -29 -26 -5 14 -30 19 54 -10 3 -37 10 -32 48 -52 -14 13 -63 -1 22 40 -24 0 -50 -17 -67 -4 -24 -107 10 -29 52 15 -12 -32 34 12 -49 -45 -20 -4 -37 -5]
[-30 -1 -53 -67 37 -12 8 -39 14 -62 -31 -30 -63 20 22 47 5 55 -58 -27 -21 89 22 14 57 -48 0 4 -33 17 19 58 -30 22 -56 -40 -70 -29 2 -2 14 25 32 -40 -61 45 -2 -15 -55 -20 -25 3 36 0 -42 67 -8 -29 -17 47 -10 39 -35 43 10 -87 -29 25 -62 -48 84 32 19 -7 31 77 -39 5 -24 12 -4 -34 14 35 -8 -67 -4 12 -9 -1]
[6 -28 -9 -30 -17 44 31 71 61 34 -35 -73 -6 -63 1 -98 59 -55 -41 40 -11 -43 -26 2 -9 -41 -30 10 14 -66 4 40 7 -32 10 -5 -81 -6 -41 -28 -7 73 11 25 17 32 18 -18 18 14 -45 -9 -69 31 -2 6 35 4 4 -41 22 63 37 64 -9 49 -39 19 -28 3 -57 4 -37 -11 -30 -61 2 35 -16 21 -13 34 -48 26 3 -15 -31 -27 -20 -25]
[4 24 -1 30 -45 2 14 5 -4 43 64 64 -17 28 -18 -39 5 -32 -29 -39 -43 30 33 54 -49 4 -1 -23 -12 -2 34 -27 52 -29 -7 -48 -32 23 -21 3 -80 44 6 -15 12 -22 17 -3 18 40 -31 19 -73 14 52 -55 50 5 -2 16 41 7 -24 -9 33 50 1 -22 69 7 -46 -49 -43 -9 -34 2 -13 27 -62 14 24 42 44 45 18 15 -9 -61 -9 6]
[-15 15 11 34 -21 62 -56 -27 -2 -24 25 28 7 -54 -14 -20 41 -7 -63 -27 32 7 -74 33 -61 9 -19 15 -6 50 70 -36 -3 -24 4 2 59 34 13 -2 -29 -19 44 -26 4 -21 -1 -24 -5 -6 1 41 31 5 -48 -47 -68 -3 -75 -34 22 -51 -12 -66 -22 23 -14 -2 66 53 -34 -50 35 -22 19 -68 82 15 74 26 -29 7 69 -6 43 -21 1 -28 -23 29]
[-42 5 -72 -35 4 -26 -75 -36 42 -78 -13 16 -42 -65 -16 59 -73 6 -89 -83 11 129 44 35 8 16 82 36 17 24 -56 10 -43 -25 -15 36 -33 -1 39 7 -3 1 29 -50 34 0 -59 -43 -52 -40 1 12 50 10 -41 14 -20 30 -51 25 19 -4 -53 -34 -33 -35 -22 -55 15 -13 -10 28 63 5 31 1 58 71 -6 54 -21 -68 16 14 1 -42 -43 -21 20 5]
[115 -1 -17 50 -23 28 -20 -12 -37 82 22 -2 25 -6 -20 27 -10 15 14 -28 -19 -90 19 14 -20 4 10 -11 -24 50 -7 53 39 -37 36 7 -29 23 14 1 30 4 27 57 -10 11 -1 36 23 6 23 36 72 -18 55 -22 -46 -16 31 3 21 -42 35 1 -64 33 11 25 -11 5 -62 -27 -36 74 32 -44 23 -14 -5 14 1 24 -6 -9 -40 -11 -3 11 5 -24]
[-32 -74 60 -25 4 19 36 39 49 23 22 -18 -36 -29 -5 -44 -3 -1 13 8 55 -11 -42 -16 -37 -13 28 42 -37 -69 -51 6 15 6 30 26 18 -23 -15 -40 -38 30 27 37 36 -21 43 41 -48 30 -59 5 -31 43 -17 -41 50 22 54 -5 17 -7 6 61 -41 30 -62 28 -6 30 -73 -11 -47 -26 69 -43 6 -27 -63 26 -11 -51 -60 12 -57 21 -82 1 49 -9]
[-37 75 69 -15 0 -114 -24 -44 -91 1 -35 20 49 49 -61 27 -25 -19 22 -23 17 28 -34 29 13 41 -8 -28 -19 -21 -30 18 -25 42 -20 -41 -9 -35 -8 37 -88 -16 62 -43 30 44 53 25 -1 60 34 51 14 14 3 -16 -70 -32 22 30 34 -18 -8 -15 25 -31 15 -64 65 31 -20 7 -36 37 -30 15 13 40 -53 6 -10 19 57 27 -20 21 18 -73 -5 24]
[-36 21 -30 -19 15 44 1 18 -6 -21 -37 10 43 18 -30 28 -31 -39 -3 -8 -20 10 -3 -18 -10 -96 60 3 -27 8 0 -39 21 8 -56 -9 -17 15 53 6 47 -89 -16 -1 -83 -19 -25 -48 48 -21 29 -15 39 38 -68 1 -36 6 13 52 -25 -32 -31 2 14 30 -44 30 -13 1 15 -38 25 41 22 -22 19 -7 -18 -81 -46 -34 65 -10 -78 -31 -11 -12 24 12]
[-76 45 -16 -49 8 -29 39 -23 33 -48 -10 -37 11 10 8 47 15 -32 8 51 -8 63 50 12 31 -5 39 -3 23 -22 -9 -66 -13 4 -1 -41 -6 -30 41 2 -13 -35 1 -40 -7 -22 -12 -105 59 -11 66 -22 18 22 10 -20 -27 20 -62 32 -22 -5 -31 -44 55 27 29 29 36 47 30 6 22 -16 -13 53 12 39 10 -40 3 36 16 12 1 28 47 -54 -27 -1]
[34 2 21 30 24 14 -19 -42 64 54 -12 -17 37 20 -30 -17 -5 1 9 -23 -3 -59 51 17 -25 17 -59 -36 41 -60 2 -14 63 14 13 -4 30 36 2 -31 29 8 -32 70 10 -21 36 7 50 6 -23 -4 -44 35 3 -19 43 -53 12 -23 -33 -20 21 32 -7 30 -39 98 4 5 -36 14 -54 -73 0 -1 -9 -26 6 -6 0 -35 21 -10 -2 72 -6 11 -1 14]
[3 9 -11 44 -11 -9 13 19 -38 -30 -81 21 -10 -32 -8 9 -9 8 -63 -33 -70 22 -22 -39 -21 -28 8 -3 -78 2 69 -15 2 14 8 16 -7 -12 27 7 51 -70 -50 -44 -47 -28 -1 -49 -7 -46 -24 -26 -51 -24 0 71 -93 57 -3 -10 -27 -2 -18 15 88 -46 44 40 3 -14 33 34 31 38 -10 62 5 -18 -57 -50 5 -25 49 34 -55 29 8 29 -10 19]
[-30 -33 -26 30 8 7 -41 6 45 -46 -30 -20 -12 41 85 16 -51 -25 -34 -31 -28 69 -30 -8 -34 -57 50 12 -36 -6 42 -39 34 -31 77 -13 -17 43 68 -33 60 -68 -40 -28 -39 9 -18 -3 -33 17 27 35 21 -30 -87 -24 16 -5 15 -47 -6 31 -13 8 50 26 -30 -2 -11 -21 22 18 21 23 -27 31 41 -35 -79 -42 2 -59 14 -57 -63 -24 -22 4 46 -9]
[40 18 -5 -66 5 -11 -37 9 52 -16 -16 5 35 -19 39 -44 -10 10 4 11 18 36 4 4 -2 -33 52 52 15 17 20 33 -36 -2 40 11 -58 -64 73 -31 10 12 22 8 46 1 18 -31 16 -27 11 13 34 -14 -18 -8 16 69 7 -31 34 -1 43 -86 -62 11 57 -10 6 41 -41 26 55 5 1 -46 -45 51 37 25 28 30 -45 32 -7 3 1 29 -22 16]
[72 -21 7 -77 33 -66 -33 -5 -54 9 -53 -30 -39 14 80 64 85 1 18 43 10 10 3 -51 43 -71 48 32 -33 51 -2 -43 -54 7 35 -16 -29 -22 49 -22 41 -74 -30 -52 -20 8 38 3 -9 25 33 30 38 -57 -27 -17 6 8 16 -30 -15 57 -22 -11 -8 7 15 50 -51 6 38 24 -3 2 -20 16 5 -2 42 -44 5 -12 -23 -24 23 -53 68 -10 5 19]
[-52 7 86 61 -35 71 5 -23 13 10 25 19 31 10 -53 12 -15 -5 33 -46 22 -20 -33 14 -26 -31 -16 -65 -49 -41 -94 44 25 19 -18 5 -42 42 -27 51 -45 2 56 15 -15 -7 28 33 25 26 22 11 2 38 -14 -44 22 -93 2 1 -21 -35 4 -2 -5 8 -38 -8 30 -29 -30 -10 -68 46 -13 35 69 -60 -10 -14 22 14 41 -16 2 -1 5 -40 84 -17]
[-5 -19 -28 19 57 10 16 24 -10 31 -12 14 100 35 28 4 -23 -36 26 3 -41 -37 -7 -11 14 -24 -45 -16 -46 -31 29 -4 28 44 35 -21 -29 -61 47 18 30 -79 -20 23 5 10 -22 85 9 4 -22 24 -9 -34 67 55 -15 -9 57 25 12 -1 50 -14 57 20 2 -21 -38 31 -60 0 0 15 -56 -44 -30 11 -42 -35 -43 21 18 11 -26 8 -32 -1 50 -1]
[-12 -83 22 50 30 -46 -11 12 20 6 -11 -38 21 33 27 -20 -37 -5 2 18 15 -10 -8 -2 -1 25 -17 -12 -20 -39 23 4 39 37 9 37 66 -10 -21 -22 -5 -64 -47 45 19 37 37 28 -6 0 -21 -21 -44 26 -4 48 1 -24 32 -15 -17 -27 -16 98 37 17 -68 37 -77 87 -2 4 7 -71 -1 -13 -15 15 -77 -7 -27 -78 -17 51 -44 2 -35 -25 -10 -11]
[-49 -20 -67 -12 12 -38 22 27 64 -19 44 -58 -13 15 -16 12 -14 -10 -19 16 -2 33 -26 -6 34 -20 9 1 30 -47 -30 -40 -13 7 -35 -33 18 -5 -15 -13 -50 66 -74 -65 -15 14 -40 35 -25 28 -30 -17 -35 6 -49 4 50 -10 -33 50 19 88 -24 13 64 -28 -47 -40 -72 10 71 38 6 -30 -18 26 -45 -8 -30 -18 16 18 -3 -28 33 14 -22 -9 -1 -19]
[21 -28 19 60 -47 1 -9 -13 51 21 26 47 21 -24 2 3 -26 -29 -38 -71 90 84 16 38 -56 -22 -6 -17 -9 31 -56 14 19 1 -7 12 -20 58 -3 -18 3 23 -40 34 76 -27 -13 -22 -36 -4 10 -9 17 23 39 5 -61 -29 -26 -42 12 -20 9 17 4 34 -23 16 1 40 -62 -45 4 -39 43 62 -1 -18 0 35 -39 -13 -18 63 38 5 -22 -64 -28 -8]
[11 -19 -3 -6 46 8 -48 5 18 0 -28 -5 -34 -27 66 36 85 -33 -37 -7 -49 -46 1 -3 21 -42 56 -3 52 47 36 -23 -14 -66 4 6 -5 2 32 -55 -20 -39 -8 -41 -29 32 -28 -2 -13 -21 4 33 77 -19 -36 -54 36 38 19 -4 3 -20 56 -43 -47 84 -24 -3 -20 9 -60 -6 32 37 7 -74 34 57 26 27 -1 -17 -30 -15 24 -46 -42 -14 28 -4]
[-15 9 14 0 12 6 67 21 17 -32 -37 15 -20 -56 60 -42 40 27 -35 -46 -41 -18 -13 -25 -4 -52 -24 -4 -5 43 -1 -26 32 32 13 51 -32 -24 43 -1 29 -95 -11 45 -32 -37 5 -39 -18 -45 -8 -5 -17 -63 34 31 9 73 25 -37 -44 21 30 45 50 -10 56 41 11 29 40 5 54 -20 4 35 10 -32 16 -5 -12 -10 -28 25 -61 -20 10 70 -43 -13]
[-68 -10 5 -34 9 -34 63 20 35 7 29 16 -5 -21 34 -44 39 -18 -10 48 17 10 -30 -43 -26 25 -46 -38 58 38 7 -22 -29 -36 8 18 51 19 16 -34 -24 -25 34 10 -12 -25 -13 21 -16 -32 -14 44 59 -10 47 -24 -30 26 -2 0 -8 -16 14 32 67 18 27 33 2 72 -21 -9 25 -12 -19 -31 6 37 -19 52 11 -8 -29 25 46 -20 -10 -46 -30 9]
[69 9 32 46 28 14 -42 -42 23 -41 22 34 2 -25 -29 -11 -14 50 -47 -111 0 -76 -17 18 -9 -19 -26 18 9 19 32 72 -6 -6 -34 24 2 3 -39 -30 -66 59 38 32 -5 32 3 -1 -29 2 -12 30 -7 -4 -40 1 21 -26 4 -30 50 -52 4 -17 -93 -35 2 27 12 9 -10 -54 8 -38 44 24 60 22 17 86 -20 -35 29 23 -24 -23 -71 47 -22 3]
[-11 -43 17 -25 68 -33 -10 0 -5 -2 -17 -58 19 14 -4 2 8 -26 -61 3 17 50 -16 -21 -8 -34 62 19 18 -19 -1 20 3 -10 -24 -12 21 28 2 -43 5 -48 17 -38 7 35 35 10 3 -53 -30 3 -6 14 -87 10 -32 -41 36 -44 -17 39 46 33 -21 -5 -56 86 -68 -43 -19 26 49 -30 8 66 -46 -26 -20 -2 10 -33 -14 19 38 -34 -44 38 48 -20]
[51 -10 -25 -13 36 -14 0 -24 39 -13 -5 -72 -60 -31 50 -21 54 -26 -55 35 -30 -1 -13 2 40 5 45 -58 66 114 -4 -30 7 -41 -34 9 -2 17 49 -24 -48 -9 -10 -56 -11 24 -54 26 -58 -11 -35 16 -11 -8 17 -45 92 81 -48 -4 -9 43 77 6 -21 42 11 -27 -48 11 -26 -24 47 -23 -4 -72 -3 32 55 84 59 18 -62 -10 72 -48 4 -27 16 3]
[20 2 26 -62 48 -57 8 -22 -36 -45 -57 -31 -72 -67 -14 -1 -16 44 -43 8 37 30 -27 -17 5 60 -9 51 -25 26 -19 67 -16 43 -37 16 4 -63 -25 6 7 27 23 -12 46 10 22 -10 -57 -28 -14 -5 -18 -4 -47 23 19 52 0 -41 -28 62 -1 10 -72 -58 -3 -10 -2 -52 -6 8 37 -57 22 42 -14 8 17 42 27 -7 -31 15 -9 -20 -23 75 47 13]]