41
94
1693
0.005
[[40 -37 -8 3 13 -14 43 -4 -9 0 -27 27 11 1 -14 -39 -47 12 -22 18 69 26 37 22 -16 -39 35 4 13 12 26 6 2 4 -25 -27 27 -40 55 -6 10 -23 20 -18 36 -6 8 -6 -43 10 32 0 -28 -11 40 -10 39 0 6 -27 7 -27 -30 -34 24 -59 -4 29 47 23 -12 21 -20 12 -10 -29 42 28 56 -21 1 -52 23 11 17 18 -39 27 18 -18 -8 -38 -28 25 9]
[-17 1 -10 -23 41 67 -20 -16 -26 20 -56 -1 -14 -17 -42 30 -50 -60 -18 -11 46 43 8 -4 -45 -10 -14 -4 -7 -45 65 41 3 -38 -2 28 -39 19 -15 -12 45 9 53 -24 -17 17 13 -5 -25 -15 16 -6 0 41 2 -14 14 34 -3 -7 -21 -16 47 13 -17 -30 -24 42 40 38 -17 11 40 -22 24 -4 69 64 -36 -26 0 -5 -18 10 28 4 -14 26 -14 -7 33 -20 -51 -6 -6]
[-44 -12 -37 37 -33 35 34 8 -12 50 -39 21 -1 -14 59 24 -18 -17 45 -1 30 -29 45 -39 2 -24 -46 -3 -16 -20 11 27 9 7 -3 -31 6 12 1 -43 -13 32 20 30 3 48 38 15 -1 14 -1 -28 19 -4 -56 9 -13 55 -29 -5 -53 34 22 -16 21 -39 54 28 23 -10 42 17 -34 0 51 20 -1 30 -54 -36 -75 -11 -15 5 33 19 -20 41 5 18 36 19 2 3 -30]
[-12 -39 34 -42 17 32 -73 -24 -63 26 13 27 17 -12 -55 -8 -66 -20 -32 -42 17 10 13 19 -11 7 35 29 45 -28 41 20 -24 -44 32 -2 -100 1 -42 24 38 17 54 -50 -34 -63 24 -33 -44 -17 29 24 0 36 8 9 -7 15 30 21 -44 -29 34 64 -16 14 -32 -1 42 -21 -16 -14 22 10 -11 32 10 -2 15 21 1 8 -5 9 -12 -56 -5 -4 -69 -38 -61 -34 31 12 5]
[51 25 -2 20 -17 22 -3 43 -5 -40 -9 -26 -39 46 47 17 53 18 48 -39 -10 -28 -37 27 32 -9 5 53 -45 3 -13 -36 7 36 -9 7 30 7 -18 40 -27 9 -34 29 -15 37 -29 44 26 -4 -47 18 37 -28 -24 13 -13 -19 -1 -34 -29 22 -2 34 40 14 16 -83 5 5 -1 35 -18 38 -21 -39 29 -29 -97 12 -23 -14 3 -29 -15 38 33 12 10 7 34 12 -42 14 -17]
[-30 23 -19 -35 -55 -70 35 24 39 24 39 4 -1 -56 3 -3 12 -22 -27 21 -32 -9 -11 -7 81 58 39 -31 -57 86 -2 -24 24 53 -9 10 21 -12 33 -41 -53 33 -82 44 32 35 -18 -11 56 4 -20 -25 -40 -23 4 7 7 -41 -13 -31 21 31 1 -47 13 -1 27 28 -22 2 -23 -64 -7 -32 19 -27 -25 -29 32 -14 16 38 -39 37 12 -8 41 -12 3 9 -17 17 4 -1 7]
[48 1 29 7 -10 22 -67 -27 -4 -6 4 -23 11 -3 47 26 2 19 -4 -56 -6 -27 19 -6 18 -20 -50 62 21 -13 -10 31 -41 -14 20 3 -20 57 -14 70 -7 -7 -6 -51 -39 -30 9 87 10 -16 -19 25 88 14 -18 19 -35 67 10 -42 23 -13 18 32 -62 -3 -23 -57 8 -4 6 30 -31 2 4 40 -9 0 -24 -17 -38 8 14 16 -21 16 1 18 13 -19 33 38 18 56 4]
[3 37 50 -29 -26 -4 -30 14 -6 -27 -4 -70 23 -26 5 25 37 18 -57 -65 4 -8 -8 20 3 45 25 61 -47 23 -1 -23 -30 86 42 -21 -56 22 -9 42 -36 -3 -38 -5 -23 -44 -51 37 70 -38 -15 29 28 -40 63 23 5 13 20 -59 -11 6 9 9 -53 13 -6 -35 14 5 -10 -34 1 -12 -21 10 -30 -46 -7 42 15 44 -62 15 -43 28 31 -24 -6 -16 6 -36 26 9 -4]
[91 46 -22 -23 -39 45 -20 -36 -8 -4 -9 -20 -92 -14 -35 -28 0 -41 -40 31 23 7 -6 31 24 50 23 29 5 49 45 30 42 -14 -54 46 -5 12 -19 25 7 5 5 -26 2 8 -23 43 19 0 -5 2 26 47 -13 27 -13 -5 -45 -66 36 5 16 -42 -33 -82 -21 19 10 34 -43 24 20 -17 19 -70 81 35 -6 -31 -13 6 -8 33 -9 -20 -2 3 -17 -12 70 -41 -88 59 26]
[1 49 -5 24 -16 -20 0 25 -12 54 64 -9 -27 49 -27 -10 42 -8 -24 57 -68 -19 1 -3 -15 15 -40 -40 51 -5 -12 5 17 -34 17 -4 -16 -10 -44 -25 51 19 6 16 0 -9 33 -46 -9 28 30 -20 -47 39 -49 50 -58 6 -8 94 50 8 10 4 -20 -20 22 -12 -68 10 1 10 44 -24 -23 2 -69 -34 -16 -8 29 40 25 22 -3 -62 -17 -19 32 14 -26 -20 34 -4 -18]
[7 -43 -39 29 12 5 87 23 -29 -9 -57 34 27 5 -7 -32 -54 -6 4 -51 90 -23 23 44 3 -9 42 61 -31 32 35 -34 -1 39 -17 -28 -7 -28 -30 -18 -64 28 9 30 9 4 -30 -4 32 29 -23 -35 -19 -52 59 -8 67 -44 38 -46 -75 -41 -61 -21 68 2 13 -18 80 -37 -17 2 6 11 0 -20 28 -40 4 65 -46 -46 -55 -40 -16 18 -7 14 -11 -1 -19 3 32 23 -16]
[19 -7 36 -48 -19 6 12 4 28 -47 -40 -49 -5 -16 18 16 64 -7 -19 4 41 26 33 -11 20 -9 54 -5 -21 7 -1 0 -2 71 -6 -25 34 19 91 21 -44 -24 -44 -45 24 -18 -8 28 7 45 13 80 21 -30 67 -12 38 1 -27 -54 -2 33 -17 -43 27 19 -3 -5 14 -7 -8 -28 -33 68 -36 -25 38 9 -7 -21 1 -24 11 -18 -2 46 -24 -3 72 25 24 -34 -68 2 7]
[-40 -47 -12 -9 7 -37 47 -24 6 18 -11 43 -11 25 -70 3 -5 -39 38 -6 11 1 -24 13 8 1 29 0 19 12 -7 3 19 -11 -47 28 10 -19 1 -22 13 -12 -33 -26 9 8 4 -46 11 52 38 1 -21 -2 22 -34 20 -62 40 26 -39 -41 -26 5 57 31 31 59 38 -31 -62 -40 42 14 -27 23 17 -32 41 14 33 -29 -7 -36 -12 -67 -13 21 26 1 -70 -20 63 23 23]
[37 48 25 16 6 -82 22 5 78 11 25 -39 33 -29 -16 -54 18 37 -52 57 -21 44 7 28 13 34 45 -36 33 34 -16 -39 12 13 -1 -1 32 17 64 -28 -3 12 12 -41 8 -25 -38 79 -12 29 26 15 -25 -11 50 43 57 -14 9 4 97 15 -17 -67 6 -37 -16 35 -48 18 -33 -24 37 -11 -27 -16 -3 0 73 -11 38 23 29 22 3 3 -25 -58 54 11 -4 -21 -26 -40 32]
[-55 22 -21 -35 -44 -6 4 -6 -17 -14 -38 24 8 11 23 8 -22 -1 26 1 1 -26 -4 -41 -20 15 -49 -25 21 -5 -50 12 -9 -21 24 -2 -1 2 -12 -4 -41 -29 -40 9 -22 11 -10 -61 68 4 -14 -20 21 -2 -40 -50 -28 -12 19 20 -20 -21 -29 -16 -19 65 -33 19 -2 -18 -6 -2 -18 -15 32 10 -15 1 34 27 -18 -3 -61 -9 2 3 1 -56 -27 19 4 35 99 -14 11]
[-7 -38 -15 -37 -25 34 -88 -1 -55 -48 0 24 1 4 16 1 19 -31 -18 -14 -46 13 15 -9 24 -7 42 -24 -4 -14 -21 -35 -11 -31 56 24 -1 -9 -1 4 -43 14 -34 27 -55 -1 17 -28 -9 -29 -84 38 10 21 -54 -5 -44 -26 -12 -12 -55 -23 22 58 14 80 -53 -64 -4 -49 -3 -8 -12 43 -10 -18 -7 -4 -19 9 10 -22 -20 -13 -18 -20 48 22 -94 -24 -29 55 -2 -11 -21]
[-55 -55 27 79 -1 2 1 -14 -15 -19 14 12 46 -23 1 -11 19 21 -66 -9 13 14 24 -2 -11 23 32 -15 5 26 -37 -44 19 52 -5 -66 13 -35 -6 -26 -7 -14 23 2 -21 -46 -23 27 25 12 16 26 -33 -21 27 37 39 -20 5 48 -42 3 -48 -28 -7 32 14 20 13 -66 -20 -51 12 10 -19 28 -63 -6 83 46 -16 -7 11 7 -26 -23 8 -8 -50 -10 -50 21 48 -18 9]
[-45 -46 7 52 -24 27 -11 -19 3 18 0 -23 -13 -28 21 -21 -7 -9 -29 37 -7 -5 57 -9 -9 20 -12 38 22 -19 -5 -17 -10 54 5 17 3 -14 -29 -41 7 -9 64 -7 -14 -30 -22 47 -1 -8 -23 -7 28 -9 -13 58 35 40 -3 23 -15 37 46 -44 26 3 23 -13 7 -14 -1 -14 10 15 30 48 4 32 -9 -10 -25 22 14 -10 -16 -11 -30 -10 -32 -5 17 -1 -34 -13 -20]
[6 15 30 29 -7 -3 -37 18 -36 -2 94 -2 -24 12 -38 -8 -8 34 28 7 -25 -10 -78 54 53 42 41 -12 -44 29 30 -2 49 -11 -47 -14 -69 -16 -119 16 20 89 24 22 17 26 1 -31 32 4 -5 -25 -40 22 9 32 -35 -51 -28 19 -45 32 8 80 0 -10 19 -41 -47 -32 -18 6 28 -9 -18 -33 -23 7 -48 42 -39 21 17 9 29 -29 32 -26 -66 -11 -56 11 -27 -4 9]
[-22 20 15 -25 18 -31 -22 -28 57 -54 13 -8 0 34 -13 37 -17 -22 51 5 -57 60 -64 14 -5 16 4 -49 -15 -20 -30 -3 -18 -41 16 33 12 12 -27 -16 -68 -7 -28 0 -66 44 -26 9 27 22 -47 -21 -7 29 18 -49 0 -86 22 -5 -7 -72 -32 33 19 74 -72 -20 -55 -44 -30 26 39 -13 -37 3 6 -24 -10 65 18 -34 -14 -56 -9 -7 -15 -39 8 3 11 59 -9 -50 6]
[26 -9 29 -23 -12 -25 24 50 -18 -89 -6 13 -11 33 -1 10 5 -6 34 -30 27 -33 -49 6 8 23 53 14 -48 62 -8 -28 10 21 5 -16 -34 10 -34 20 -73 9 -64 25 -30 9 -18 -44 53 38 -16 -17 -7 -51 -9 -36 10 -97 25 -22 -24 13 -60 25 14 36 7 -38 36 -67 12 4 1 17 -19 -21 -17 -89 -17 95 30 -9 -67 0 -37 -16 34 -36 -8 -31 -18 -22 -31 -3 17]
[-4 4 14 3 -20 -67 1 -35 27 -17 -48 13 31 -20 -49 14 7 -50 -2 65 21 37 10 4 21 23 25 -45 -21 51 16 -3 18 -8 -15 -19 18 4 71 -41 -11 9 -13 -56 13 56 7 29 9 16 -2 39 -31 -3 24 -42 31 -17 14 -31 31 -10 -21 -28 -2 -58 15 83 58 16 -61 -10 17 -61 -1 -11 29 1 44 -41 39 9 -66 41 26 20 -6 37 61 -6 -31 -41 -16 -17 7]
[-22 12 19 78 24 -2 19 87 6 -43 -31 -46 44 23 39 -30 80 55 -31 16 -8 38 26 -2 -82 -26 9 -6 16 -8 -77 -32 17 31 29 -12 17 -26 17 -5 49 -18 -11 30 14 -50 -24 21 7 15 26 -27 -17 -25 -15 49 22 23 -14 53 18 54 27 4 -18 17 23 -11 -36 5 24 2 8 2 -19 8 -23 -8 48 17 40 31 61 3 -25 21 20 -42 34 -6 7 -11 -50 -10 4]
[-12 -71 -33 62 51 -21 35 -24 38 -35 46 -2 30 -7 43 -28 -30 52 7 3 -25 84 6 43 4 -7 40 13 -4 16 -26 -1 16 3 -12 4 80 -48 24 -18 9 -12 41 -11 45 -15 -9 -13 -30 -31 -18 -36 -18 -15 59 -15 35 -27 -6 -21 -26 -42 -5 -2 25 6 -47 5 -29 22 13 28 -22 -16 15 -7 9 -4 70 20 -23 -50 58 -35 28 18 -11 21 2 -11 -22 33 -22 6 -5]
[26 55 7 -3 -16 -2 -73 28 -28 -16 10 -1 -26 52 3 -22 -39 0 91 14 -5 -32 -4 38 14 6 -26 21 23 -9 18 -16 -5 -61 28 10 -109 -25 -48 59 22 38 38 -23 3 -25 29 -26 12 -1 -22 3 44 21 -43 9 -48 4 -27 -14 10 9 45 64 -43 -3 -15 -37 4 -1 -4 74 -34 -19 -17 14 28 23 -44 12 -42 67 -17 8 20 26 -7 -32 0 -3 -12 -25 -14 35 -16]
[-25 -18 22 12 33 -12 11 -34 26 -6 55 -35 19 6 -29 34 8 -18 -53 9 -55 62 -65 9 -13 14 -28 8 -85 21 1 33 12 61 -38 20 59 -7 19 14 30 -34 -25 -12 23 36 -32 -15 30 -40 -12 -21 -73 20 50 -22 -13 -26 19 -24 34 -28 -25 12 -44 -6 -23 -32 -24 38 -36 -29 40 -67 -16 1 -6 -15 10 27 13 -30 8 1 -14 -24 35 15 39 -36 13 2 -11 -15 22]
[7 -5 -47 -53 -53 -19 36 -53 18 38 61 38 -6 -48 13 -52 2 -22 12 11 -41 -10 -24 -30 59 31 -20 -39 3 43 9 -5 14 -16 -43 34 45 18 45 8 -46 -5 -57 14 9 3 21 -22 50 -7 -30 -10 -12 10 -30 -20 -73 -36 -33 -67 49 -23 -38 -28 -75 -11 -2 65 -31 -17 6 -30 -29 -25 29 -40 19 -5 79 -11 -39 -5 -62 20 8 -28 23 26 -51 16 13 39 93 51 54]
[9 26 60 22 -37 -10 -46 -32 23 -63 -24 -16 0 -25 34 29 91 30 47 23 11 -76 22 -8 53 1 -37 -12 16 18 -37 -33 -8 3 -11 8 -12 52 24 -1 -21 8 -21 -23 4 9 -13 84 58 19 -1 55 103 -50 14 19 5 4 -50 -18 23 55 12 -6 -5 35 58 -4 -7 -37 3 -25 -19 28 -37 58 -78 17 -33 -29 -4 30 19 37 -1 27 22 -19 38 19 8 27 -2 -18 -2]
[-74 6 24 -100 -6 -15 -25 -42 62 -20 -35 -21 12 -48 -20 54 -32 -61 21 12 -46 77 -53 -34 25 64 17 -43 -31 20 16 18 -38 22 5 86 9 35 44 -29 8 -34 -51 5 10 56 -41 -13 -17 -45 -14 -3 12 -5 -1 -61 29 -8 10 -33 8 14 75 27 14 71 -46 73 -16 54 -19 -42 -15 -37 23 4 61 -22 -13 -5 35 9 -9 -1 20 6 25 -9 22 28 32 -17 -69 -44 4]
[-45 -46 10 -46 -14 -11 18 23 -44 1 -9 -24 45 12 17 2 -93 -16 6 -59 56 -2 34 15 14 -8 -18 83 -30 25 55 45 -23 72 5 -5 -36 -6 -33 55 0 41 -30 -17 8 -51 -11 -44 58 -5 -44 -13 15 -4 32 -2 -15 60 34 -33 -32 -24 13 36 -7 54 -6 -62 40 11 -8 11 -37 -8 3 1 37 8 -46 45 -90 -6 -38 8 3 26 -7 19 32 -18 -22 18 12 71 -28]
[-12 -54 -6 -40 12 -5 18 -1 -36 1 -26 63 65 -80 45 -19 -64 15 -50 -41 51 -21 75 -50 20 -21 -2 20 56 -6 42 30 -26 -30 19 -3 -23 35 24 -20 -41 30 8 -9 1 -23 20 43 -41 24 -1 -19 25 -25 -2 6 26 57 32 3 16 9 11 -5 45 32 26 18 37 -24 48 -28 -28 36 28 2 -24 26 -19 -49 -11 3 11 8 -4 -25 4 -1 -19 -17 -17 60 10 -1 -13]
[5 45 27 30 -25 -39 -22 65 -33 -7 -22 -1 39 -13 -3 15 -4 54 -72 -7 -10 15 19 12 -29 15 45 23 -59 14 -13 -22 -11 44 27 -42 -13 -53 4 5 -5 -9 -44 27 11 65 -29 47 33 -27 -11 -24 -53 -48 -4 29 47 25 46 19 -13 35 37 15 -17 -52 8 -19 35 22 -51 -10 7 -27 0 -17 22 11 8 -49 56 44 10 27 -19 33 39 1 -19 -26 3 -28 -58 -26 -16]
[35 -13 -35 -1 13 -44 6 -29 22 14 62 8 -22 25 -27 -22 -34 6 -67 -27 -67 24 -29 50 34 16 51 48 -24 53 21 1 7 31 -12 30 84 -15 54 46 -13 7 -61 14 3 32 -42 35 -26 -33 -50 5 -32 30 24 9 3 -10 60 -10 44 -70 -37 32 8 6 -49 -86 -6 49 -41 8 20 18 -31 -27 -21 -60 -9 2 38 -64 55 -8 -46 -38 46 63 31 -16 3 69 -17 2 -25]
[29 47 -46 -10 -9 5 9 -44 65 54 31 -29 -1 -77 23 -17 40 48 12 -14 -59 -35 -4 0 52 48 0 -27 -13 16 16 -32 -6 31 -3 21 44 44 31 -21 -20 44 -12 48 -13 1 0 59 9 -68 -26 27 26 -26 -23 34 1 32 -54 -70 8 73 39 -79 -31 -62 30 55 -67 -19 26 -33 -20 -45 53 24 1 13 14 -23 -31 50 -34 7 -18 13 37 26 -56 25 85 -23 3 -24 25]
[45 10 -32 50 -27 8 -13 -28 8 -33 -47 -23 -39 46 47 35 -17 -6 107 30 -21 13 7 -8 -21 22 -36 35 -8 1 -48 27 -4 -44 -39 50 8 14 -32 31 -2 -39 -1 -37 -27 26 32 50 23 31 -40 -30 80 -14 -67 -35 0 12 -25 -81 22 -7 22 18 -36 -67 -42 10 14 0 -16 76 -25 -12 15 13 90 42 -42 -42 -53 -22 14 -13 -2 -11 -43 37 43 -5 46 -35 -35 84 10]
[-64 52 27 -39 -3 13 10 55 -7 43 -32 1 1 43 -27 23 -30 -14 33 -71 16 37 -39 10 -52 -28 5 8 -42 -66 22 33 13 4 22 -22 -78 -9 25 28 29 4 -2 -29 18 16 11 -42 -27 37 72 38 -39 41 37 -9 -34 6 21 28 -86 -10 -11 64 14 34 -16 23 24 47 -16 -21 13 69 -48 -8 39 35 -42 -4 2 -31 -13 -71 30 4 -32 -21 63 -5 -24 -30 30 -51 -6]
[47 21 26 16 -10 15 -5 -1 46 5 87 -46 -20 1 20 -50 33 34 -19 -22 -38 17 -27 30 27 46 18 10 -3 39 3 -82 24 6 -12 43 14 44 -4 44 20 15 4 4 -26 -20 -51 65 -7 -58 -48 16 26 8 2 84 -12 -22 -20 6 65 22 16 30 -54 30 -36 -45 -51 18 -5 -12 11 48 -38 -12 -25 8 -17 44 -18 -10 31 22 -6 8 28 10 -19 -8 23 57 -15 -12 21]
[-58 54 35 -55 -24 26 -51 16 -11 14 -45 8 20 -57 -40 10 -10 -15 -39 37 -10 64 -38 3 -11 56 37 -59 27 3 30 -23 -20 -42 32 -58 -77 11 -19 -35 -2 22 -11 43 -54 33 -27 34 -20 -19 15 -21 -48 28 -45 1 34 -4 44 30 13 35 36 76 -17 -22 -12 65 18 22 -7 12 25 -68 10 -10 -10 -43 -10 22 39 48 -72 58 11 -5 9 -26 -79 15 7 -27 -17 -76 -1]
[45 75 -16 -47 -11 -23 -39 -57 -1 -24 -4 -47 33 40 -7 -9 17 57 39 24 -33 33 -24 36 13 9 27 4 28 -13 -34 66 22 -36 -21 30 26 31 72 42 27 -6 -58 -52 41 -1 -11 -24 10 29 -3 32 23 3 24 -23 -34 4 -28 -23 15 -14 4 12 -13 42 -41 14 -63 14 19 -6 11 1 -47 -42 -11 16 -23 3 -23 -15 41 -16 14 -24 -25 -48 54 13 -22 -25 38 -14 33]
[-41 28 -12 -45 -17 9 -8 70 -13 32 -18 32 9 7 -10 21 31 -86 94 32 -28 -25 47 -22 9 -26 -34 -63 -33 -26 -14 -1 19 -101 24 2 -5 -6 46 -34 29 38 -14 10 44 27 91 -95 7 15 -7 10 -40 3 -60 -9 -49 -23 -57 28 -16 57 23 48 20 -6 5 -8 0 6 18 -15 -15 -8 13 1 24 -9 -62 -57 -24 24 -25 31 59 -18 29 33 30 16 -5 -38 -20 -48 -43]
[28 12 5 7 2 -24 28 -31 24 0 7 12 -34 -1 2 -59 -42 49 93 19 9 -37 21 14 -29 -20 -8 -41 38 -38 -5 22 -12 -72 -28 -24 28 0 -13 3 -63 27 42 -3 -46 2 27 43 4 32 0 9 37 11 -1 -18 -20 32 -25 5 11 -34 -66 -8 1 -57 -24 15 -38 -47 56 75 -6 30 16 -34 27 65 53 -16 -33 -38 12 -7 38 40 -64 15 -53 -6 42 60 -24 -39 -4]
[36 25 56 -10 -7 11 -29 -12 49 -5 29 21 -7 1 24 -9 -22 12 0 -24 -42 -1 -33 40 16 -6 -68 42 53 -68 -14 -26 -65 -15 20 47 13 12 -52 -8 -34 -54 42 -25 -48 -18 -59 77 -12 0 -6 -9 36 -13 42 3 5 -55 43 23 35 -53 -44 -29 18 53 -29 -22 -41 9 -5 -5 29 3 -9 46 17 -15 45 24 9 -8 -5 -59 -7 12 -39 -79 -28 30 15 28 41 -38 24]
[56 -25 -14 2 49 -26 -32 -27 -11 -69 22 -14 -2 -13 -46 -39 -52 49 -9 61 17 21 54 47 -18 -26 28 5 12 40 73 -23 -14 -24 -4 65 -1 -18 -4 -10 60 7 13 -4 20 -36 25 -87 -23 -73 -58 -20 0 -21 13 21 23 -7 -2 -19 59 -1 50 -4 -44 -11 -60 -14 -16 63 1 31 21 -39 -11 -11 -9 37 -10 29 58 19 -15 53 13 9 -23 34 -19 -43 -11 -49 -86 17 -13]
[39 49 28 -17 -13 -7 -42 -8 4 24 88 18 -14 -22 -9 48 45 8 -10 -62 -49 -11 -96 37 98 30 45 -10 14 16 33 -44 18 -13 5 -19 -44 25 -25 4 -2 26 -14 -3 -16 17 -14 26 15 4 39 59 -18 -15 4 35 22 -64 8 36 -39 0 26 15 26 28 19 32 -26 -40 -47 -64 17 28 -18 14 -5 -46 -38 -18 2 38 -12 -4 -15 -40 29 3 -29 22 -58 -23 53 -21 18]
[-46 -11 14 66 44 -30 -8 35 -15 -20 -9 3 69 7 11 0 -34 26 56 -18 -43 -5 -10 6 -4 -13 -15 55 -14 -35 -24 -8 -6 -34 -8 -24 -33 -14 -73 12 8 34 56 -10 11 -20 -9 4 5 22 -35 -78 -22 -12 -3 -30 11 -1 51 46 -3 15 -20 58 48 50 17 -42 -19 -48 44 10 8 -29 27 27 -26 -34 -26 59 -41 43 -7 -54 11 1 16 -71 -51 27 -41 1 37 -27 -16]
[-4 -6 -29 11 43 3 -25 -8 8 3 -11 12 56 -25 10 -31 -31 21 -23 -44 9 10 16 16 44 -8 2 -28 -22 11 1 -45 11 5 -14 -15 42 -1 96 -9 44 14 -20 19 -5 -23 5 30 -26 -32 12 77 -13 -16 -6 42 38 30 -10 -11 -30 24 -12 -25 0 19 -47 18 31 0 -3 -26 -34 -11 -11 13 -14 55 29 -5 -27 -21 31 36 -4 -7 47 61 1 -49 -11 37 12 -36 8]
[-13 33 -51 9 32 68 23 -23 -8 68 0 -71 -37 -48 -5 22 83 -51 -81 21 -33 -38 17 -47 -43 16 -55 3 15 -50 -15 9 -18 -2 42 -2 6 12 -82 -47 8 -24 50 47 -16 -31 -14 11 22 -57 -6 -46 -2 30 -6 26 -7 63 -49 14 46 4 45 -61 4 -43 14 -24 -62 40 49 -16 55 -45 53 -2 -60 -16 -44 -40 21 48 -19 5 4 -14 -4 -10 -35 9 58 -15 -3 -35 -48]
[-1 46 -25 -7 -29 8 23 10 16 -8 -32 -11 -7 -46 -36 9 70 16 -68 16 23 9 -22 -5 -29 13 52 -38 -59 23 -52 -23 41 21 1 -39 17 -3 18 11 -41 1 -44 7 12 -2 -42 16 47 8 6 39 -34 19 45 -11 36 -48 -51 -11 -21 -7 -59 -63 -9 6 -18 34 -21 -25 -54 -95 38 43 0 -32 15 56 55 -22 4 -34 -45 -27 -31 11 25 -24 1 11 -23 13 -13 -32 17]
[-18 -14 4 11 -11 35 41 -3 9 14 0 16 -5 -40 35 5 -66 14 44 15 33 9 59 -6 -42 -7 -36 29 1 -20 9 -5 -36 -33 12 -34 28 -52 29 -27 -31 -58 40 -8 -29 -30 9 9 19 -15 -14 -47 9 -11 -11 -8 30 10 -12 26 20 -10 -17 -24 -1 -1 -14 11 31 15 39 39 -4 -31 11 -22 12 19 11 3 -37 -8 14 22 47 49 -78 -7 -58 2 32 25 -29 -19 -33]
[-47 12 -10 -16 6 -32 56 21 32 -28 -59 7 -7 -37 24 1 -3 29 72 -44 57 -19 21 -19 -10 -20 -3 -16 -14 14 -22 19 -21 22 -25 -18 -7 -35 35 -25 -26 -29 -46 21 17 19 14 -21 17 8 65 -41 11 -11 20 -74 0 8 -10 -70 -45 19 -9 -12 10 -57 17 100 35 17 31 26 -75 -33 29 -2 14 18 67 -20 12 -14 -49 -13 20 48 3 11 22 -25 11 -35 18 9 12]
[38 11 -20 -47 -9 -53 -24 -2 -24 1 18 34 -32 7 -18 -79 -43 75 -3 2 -14 -47 0 66 16 -20 24 78 71 9 -29 13 7 -17 -14 -4 -27 -57 -11 87 -35 6 -34 -5 12 -56 -26 -50 15 -27 4 -27 11 -9 27 -24 3 3 67 -1 47 -48 -33 22 25 -19 -42 -75 -14 21 -16 26 -34 8 15 8 14 -22 69 16 30 31 9 -43 -45 -37 24 -37 -21 -16 -36 11 64 71 11]
[-29 24 18 46 -4 22 23 27 29 18 -22 28 17 -31 96 -7 22 37 60 -40 16 -56 17 -15 -9 -44 -30 48 16 -29 -61 -4 -43 14 7 -28 3 30 -13 -11 -57 -11 3 20 -24 -11 -9 59 24 36 33 -41 21 -22 17 0 36 7 13 -16 -14 13 -21 15 -16 24 26 -25 13 14 73 18 -25 14 7 27 -18 -65 -11 24 -51 -6 13 0 -41 56 -6 -38 11 62 42 58 107 1 15]
[43 18 -6 -106 -68 -7 -46 -23 11 8 39 -12 -8 -15 2 -16 -17 33 6 -16 -25 -42 -15 -6 86 -8 56 36 -9 41 22 9 -10 8 23 -3 -51 0 19 72 -65 14 -32 15 9 -26 -18 -12 -26 2 -55 44 23 44 -6 -6 -56 -29 -24 -41 -23 17 -27 -5 28 60 -17 -88 -12 -48 20 -26 -53 74 -26 -20 -38 -18 -47 38 -22 7 -4 -47 -34 -12 4 -63 -41 8 26 36 38 16 5]
[-19 -19 -11 24 44 -44 65 78 20 -21 -19 18 29 -36 38 21 7 -10 -27 57 5 54 8 -32 -5 -52 -3 -76 8 -6 31 -48 4 23 49 -19 41 12 79 -85 -9 5 8 -12 18 14 22 -6 -5 51 48 -8 -54 -77 4 3 69 -12 28 -4 44 5 18 -70 58 -30 22 48 -7 23 -30 -5 21 19 1 -25 22 -1 -26 -39 44 -9 -14 26 36 11 -31 -28 71 26 1 -41 -33 -23 10]
[14 -20 -5 -4 -12 34 33 -34 28 -44 25 -6 -78 7 -6 -4 38 -2 4 40 36 54 -32 -18 4 -21 16 -20 42 -26 7 13 51 -7 -56 28 69 11 14 -20 -4 -29 -11 -49 22 34 0 6 10 23 -23 -17 51 19 10 -5 -42 -79 -24 -38 4 19 -25 -9 35 -11 21 41 -19 27 -29 18 23 19 -14 -11 5 13 -3 -6 30 -28 0 -28 31 -29 -34 10 2 15 52 -2 -58 -15 21]
[-60 -55 -33 18 34 12 -6 -13 -54 80 28 87 34 -17 -2 -26 -25 26 52 26 19 -23 4 -27 -17 -86 -24 -33 -6 -39 17 56 -5 -5 -37 -43 10 -51 -15 -14 45 17 45 34 72 43 86 -93 -32 10 35 -58 -68 29 -27 -27 -27 -7 -17 22 -29 -12 35 52 -18 -34 38 18 -11 -13 12 -18 -26 -4 6 23 18 45 22 -42 -45 -25 60 -5 29 0 20 26 -33 16 -66 -12 54 20 17]
[31 -25 -77 53 42 59 37 5 -4 -30 -36 54 -28 4 -16 7 -2 -59 -24 25 -8 5 0 -1 4 -29 -51 -33 -26 1 41 -46 15 -32 -28 11 59 -53 -26 -33 16 -12 52 97 23 60 5 6 -26 -28 -40 6 -20 -8 -46 6 2 -26 -36 -9 -39 9 -4 -43 31 -10 46 26 15 17 -7 40 -19 -4 51 -71 71 24 -5 -37 -1 4 -18 -12 28 32 20 72 -82 31 88 39 -88 19 -45]
[10 -36 34 1 21 58 -3 8 -19 23 4 9 -74 17 -6 11 -29 -28 33 -14 58 6 8 -20 -30 -14 28 -16 73 -8 5 78 21 -33 -13 -54 -13 8 10 38 42 -18 42 -86 -31 -43 52 -3 -60 55 127 13 39 59 -29 5 -31 15 -46 18 -48 30 4 42 -29 -80 21 49 27 -13 13 49 -30 37 -8 -15 42 -8 34 -26 -35 -21 57 40 23 -19 -49 16 25 -3 32 -36 -54 58 39]
[44 16 -23 88 -36 25 5 1 20 39 13 26 38 -25 15 -4 47 20 -7 -35 23 -61 21 -21 29 -13 -25 29 5 31 -12 -22 40 -2 -37 -46 12 17 -3 -7 6 22 31 6 -6 26 -11 81 -16 -1 15 20 -13 16 -39 56 -11 18 4 12 -14 49 -14 -44 -12 -48 51 18 42 6 3 -2 -33 -20 43 -19 -46 -23 -8 17 -41 20 2 2 -11 27 26 5 -27 13 13 26 94 17 11]
[63 24 -69 -39 15 54 3 -27 -19 18 -37 6 -36 -19 -38 -26 -5 -16 -63 -4 27 29 18 13 -15 4 58 -45 57 -14 41 19 30 -50 -22 30 33 36 -19 -13 -1 29 -18 25 -8 4 -7 -13 -43 -13 -17 3 -25 36 -32 11 -1 -1 13 -12 13 -39 1 -44 38 1 -48 23 -49 -15 -9 -2 37 39 18 -91 61 -8 -34 11 -14 -38 -21 -15 -12 -48 -16 4 -57 22 31 -18 -26 30 24]
[-34 -52 -25 -35 -28 12 53 -48 18 7 -12 0 -15 -84 15 25 34 -52 -29 -26 26 14 45 -64 10 31 15 -52 -13 37 0 34 6 2 -34 40 22 27 3 -58 -66 -25 -46 5 2 3 37 -12 31 10 16 -23 -19 -6 39 -23 -13 -3 -28 -46 -5 -53 -8 -40 -14 12 2 82 0 -10 13 -66 15 2 23 -58 -3 3 22 -49 15 -27 -58 -14 -5 -41 -26 51 0 -29 -22 33 49 38 22]
[26 -28 -12 1 -40 -21 53 -28 16 16 26 -26 12 -73 14 -40 -56 64 51 -11 58 -50 39 -53 -8 38 44 0 -38 23 16 12 -32 13 -32 -53 -39 -17 -11 -5 -59 -11 21 29 31 -25 58 17 7 0 45 -68 10 -67 9 3 34 16 -48 -67 -9 26 -25 -50 -46 -78 5 57 0 -63 73 22 -83 2 45 0 -24 7 63 8 -26 -6 19 -6 0 23 -33 -8 -44 -24 31 -46 -33 55 15]
[-5 40 -9 -9 -43 3 -67 15 -19 62 17 68 -18 -3 37 -9 -37 -27 40 -8 -22 -87 0 1 93 9 -17 72 -24 40 10 30 -26 -1 10 -6 -4 -28 -29 17 -22 24 -13 38 -1 83 18 20 -8 0 -9 -1 10 25 -85 5 -15 9 16 21 -52 35 35 22 25 15 7 -58 37 38 -3 -15 -21 -30 20 -20 39 -54 -18 -37 -31 65 23 22 2 25 56 -6 -10 26 17 61 4 29 -25]
[22 -40 74 15 -22 -19 -61 -72 15 -66 -21 7 11 16 -40 9 18 17 18 5 38 60 -6 5 -39 14 50 -29 48 -5 18 23 14 -22 -16 -36 -42 -8 37 46 9 -22 4 -76 -10 -25 10 70 -34 33 20 85 41 9 39 -2 -8 2 -18 36 12 6 -4 9 -63 -13 53 83 38 -82 -47 42 -34 -1 -50 25 14 30 39 20 36 35 61 -3 -37 15 -35 36 19 20 -14 -25 -52 63 32]
[25 27 43 -26 -67 31 -50 26 -45 -1 15 -2 -42 -12 -34 -51 4 -2 -45 19 25 10 13 78 17 23 65 32 9 27 16 -20 1 36 9 -27 -36 -52 -32 -6 -50 -3 -17 30 -41 -14 -54 38 22 13 -30 35 -27 49 14 65 8 -41 -1 -42 -36 -47 -29 3 -23 -43 -61 -51 42 -6 -35 1 27 -2 -49 -60 23 9 38 47 -24 -26 -46 42 -14 23 -25 -22 -55 -45 -24 -18 -10 -2 11]
[37 49 -3 -3 1 42 -71 20 -12 -34 -11 -39 -52 27 12 1 8 -2 38 -39 -40 36 -30 31 -37 31 74 -1 -15 -28 -25 -46 34 11 49 38 -87 -20 -3 9 -39 29 4 -3 -89 7 -35 -21 -14 -57 -20 17 10 20 -32 -2 17 -44 -49 -57 -74 35 74 3 19 18 -26 -19 -15 -56 4 6 13 5 -3 6 38 20 3 47 23 32 -22 -87 -21 -16 8 -50 -79 -53 28 -76 -75 -52 23]
[-6 -44 37 30 -29 -78 12 -42 30 -62 -1 -53 23 -9 11 -32 -8 79 10 34 -34 14 -22 5 -27 -13 24 -4 -5 18 -32 1 -22 52 -22 25 63 -21 41 0 -35 -38 -21 16 15 -7 -24 33 34 -30 -63 0 46 -74 31 -11 4 47 42 -39 54 -2 -15 -21 3 -16 -5 9 -49 42 2 10 5 8 8 7 -29 22 7 -17 67 -7 -11 3 -11 26 -35 30 -21 -31 16 5 -16 -55 -8]
[24 19 66 -3 31 -36 24 83 19 7 54 -19 19 39 30 -27 23 34 -43 -32 39 42 7 37 -9 -23 12 17 -9 -20 -32 1 -36 46 6 -26 53 14 34 48 -43 -22 -51 -46 3 -12 -15 13 -2 35 19 -3 -63 -7 60 -4 47 0 49 21 75 0 -65 24 -12 19 -31 -94 -9 10 -5 16 11 9 -50 -46 25 -8 32 3 -25 -45 38 -5 7 73 -18 -49 79 -1 -22 55 -29 -7 17]
[15 73 -21 29 -9 -24 17 64 21 36 31 -52 10 46 75 33 33 52 35 -83 -14 -39 -2 14 -5 20 -80 47 -45 6 -99 -31 6 6 15 -24 46 -4 -17 57 17 1 -27 -5 -4 20 -36 13 92 -29 14 -32 36 -47 -6 23 -23 -2 -5 30 10 6 3 -12 -37 2 -22 -26 -25 37 -17 3 -1 -57 -15 14 -46 -26 13 7 -24 32 45 23 16 38 54 -16 49 -2 -9 44 46 26 -30]
[-31 24 7 -65 -68 -49 -26 22 -6 68 58 -65 -12 -28 15 -30 30 10 -52 10 -74 10 39 -19 66 53 -14 -13 22 -27 8 -14 9 16 14 39 30 50 49 -7 3 40 -51 -20 11 7 23 3 31 -23 -35 -3 -22 10 10 51 -37 20 26 7 68 39 49 -18 -15 19 -22 -46 -78 28 -48 -53 20 29 -7 7 -42 49 -12 -49 15 10 -1 17 30 -28 23 -40 1 11 -14 7 46 -29 7]
[-19 -30 12 -5 2 33 -43 -15 1 -48 -89 -1 7 -15 -39 2 32 -19 -25 -26 40 26 35 26 -7 34 66 19 33 -33 24 -31 2 -20 31 25 -9 18 14 -3 -11 -17 16 -17 -4 -39 -18 31 -3 -19 -30 99 8 -2 90 9 88 14 30 12 -47 -28 11 7 -3 44 -36 -14 81 29 -64 -19 19 37 -12 -6 53 27 -35 -10 25 -9 -25 -30 -21 47 11 -1 -16 27 -22 1 -7 -33 -17]
[-16 -19 -29 54 77 -18 40 63 37 -78 -10 20 -66 41 27 37 1 27 69 -15 -14 26 -92 38 -10 -10 23 49 -45 25 -29 -2 49 38 -58 5 61 -58 -14 35 31 -24 -17 10 6 16 -40 -2 0 8 25 -18 -5 -37 -3 -43 48 -37 35 21 -18 -10 0 20 59 13 25 6 7 67 -13 19 7 2 -4 -42 59 8 -13 15 19 11 11 -31 26 15 19 -5 0 -9 4 10 -63 20 19]
[-10 -52 15 49 66 -2 15 29 1 -17 -51 -33 30 20 0 -10 -45 -31 -21 -62 54 2 -4 2 -37 -5 10 36 -18 -12 3 -8 -13 56 -18 7 -43 18 23 35 5 -12 9 -40 -12 -31 6 30 36 67 41 11 23 -30 9 4 19 -2 46 -40 13 4 0 7 -50 -1 -28 -18 71 -4 -36 34 -15 21 -6 3 59 -19 -3 51 -6 -9 -8 -12 1 19 -14 3 63 -2 -2 -16 -22 76 23]
[-24 -58 -21 -30 9 -6 33 -26 39 -33 -8 -7 -22 20 10 -69 19 19 59 24 -38 42 -17 49 -42 -26 76 31 88 -10 -73 -41 6 -48 31 26 56 -61 26 -15 36 -35 4 19 -50 -96 -27 -18 -20 -19 15 1 46 17 -4 -22 22 -56 2 16 -33 -24 -4 24 86 61 -14 9 -9 37 -1 42 9 53 -20 -1 8 -41 82 10 67 -43 52 -64 5 -27 0 -23 -52 -8 -17 -7 28 0 3]
[-4 -62 22 38 13 -25 41 1 -22 -5 -20 27 4 1 45 -37 -76 59 47 -42 41 -66 49 21 -16 -29 -6 46 -25 -24 5 -30 -40 16 -23 26 -22 -3 8 -10 13 25 26 31 18 4 10 8 -28 -6 38 -8 27 -70 14 10 30 38 18 -47 -41 37 16 1 53 -42 56 -6 56 3 52 14 -30 36 -4 30 -21 56 -19 -10 -9 -69 29 0 2 -14 -6 10 -34 -46 -6 -45 -12 10 0]
[99 22 -42 32 25 2 29 -35 17 0 -3 -9 22 13 -18 -33 53 64 -14 39 -11 5 11 40 -34 9 -25 52 9 59 -41 47 23 -40 -22 -36 26 -11 77 57 81 -48 13 -25 84 -73 -10 -8 -41 -58 23 13 -9 28 57 -12 -43 20 -14 -21 75 -43 -46 -4 -71 -42 4 -12 -2 77 44 13 -9 -26 -21 -43 -50 -68 50 14 36 -12 31 13 -42 -16 0 34 73 -41 1 -32 46 59 31]
[-42 -49 -41 -26 36 26 60 -10 -21 28 -38 46 5 -30 -34 -10 -22 -47 -63 4 23 -35 26 -17 -10 0 20 -14 -49 14 71 -9 -23 37 23 47 -30 -10 -18 -51 -7 38 27 52 49 -14 21 -94 -26 -7 -14 -7 -38 -1 48 -12 19 2 10 -37 -30 16 0 -27 77 50 -6 -25 18 30 -13 -68 39 18 17 20 -34 -15 -30 15 44 -9 -5 -30 -15 -34 21 5 -7 18 -13 -24 23 -7 -26]
[-2 -58 -8 8 10 -7 -31 -2 -1 32 34 61 8 -15 3 -25 -19 23 3 -17 5 -1 -29 38 44 -53 79 5 -38 13 -36 -43 15 -16 -15 -67 19 -74 57 13 1 6 6 59 -2 7 11 12 -103 -31 21 60 -77 38 3 21 33 -35 -30 31 -68 -3 -53 45 59 9 30 -46 41 -13 37 -23 -60 49 -35 -11 -35 20 0 -15 -16 -57 40 5 3 15 33 47 -60 -47 -64 59 13 -53 -9]
[39 -19 72 -6 -74 -15 -15 -8 -27 -43 21 55 -35 5 -27 -44 -63 17 13 24 28 -30 4 66 15 45 76 24 -6 48 -19 -37 27 34 -21 6 26 -76 8 -34 -20 -4 31 -9 -51 -17 -32 -53 29 -70 -8 13 -15 -57 -4 33 18 -92 2 12 -46 24 -41 -20 66 -27 7 -6 53 -48 -30 -26 -2 -6 -18 10 7 16 58 43 23 -14 -15 39 -33 -32 36 -20 -102 -76 -20 -65 -24 -22 25]
[17 0 15 -46 7 -67 8 30 4 -30 9 19 50 8 -37 -17 9 -18 39 44 29 57 -11 38 9 -43 79 -41 -66 15 -8 -40 12 -28 1 -55 0 -53 55 -43 -6 16 -43 19 -19 3 -6 -41 43 -5 -33 -4 -103 -14 43 -31 57 -83 9 4 32 -59 -36 1 30 -6 -43 -18 8 -5 -20 4 23 -6 -70 -31 8 7 22 34 50 -27 -10 50 18 23 3 13 14 -46 -63 -39 -23 -10 -7]
[-81 -29 38 -10 -31 -8 7 -50 3 9 13 -12 31 -89 -1 -17 3 16 13 42 -6 -21 6 -43 8 -10 -3 -16 -50 -15 17 26 -7 49 -43 -65 -11 -35 -2 -11 -42 -6 25 2 77 12 1 -14 27 14 8 -8 -42 2 38 -17 16 39 -36 17 -2 31 -21 -14 40 9 26 18 -19 -45 58 -53 -62 37 64 -1 -11 9 14 -6 -50 16 18 -48 29 26 -45 -23 -37 54 7 -1 -1 -77 -23]
[-3 -3 11 46 -39 15 -21 -31 -6 -17 -16 -15 -21 -36 27 -21 39 -11 -12 30 -20 5 -11 -25 49 64 2 -10 -61 21 37 -68 42 49 -21 47 15 3 -45 -48 19 14 21 33 -20 86 -45 75 23 -72 -65 20 7 -45 -52 60 -1 6 -29 1 23 59 63 -4 10 -19 47 4 4 26 -8 -18 14 -10 28 -38 55 67 -90 -44 2 52 -43 13 24 26 27 29 -50 -22 40 -12 -89 -29 13]
[-35 36 0 -59 13 7 12 9 34 37 -31 -21 77 -69 18 2 -26 -12 0 46 -14 39 2 6 26 17 -4 -31 -31 46 24 14 -21 -10 10 37 26 50 58 -67 27 27 -8 42 38 77 15 -7 -58 -25 6 -19 -52 -2 -52 4 68 30 -30 1 27 80 66 0 28 -14 -36 25 -14 33 33 -46 -11 -69 29 -14 61 16 -6 -29 -21 30 -11 76 28 40 19 0 49 -43 33 9 -65 -60 7]
[-42 39 -23 28 -18 -48 84 -3 31 -5 -29 -83 -17 46 -12 -9 102 -10 -5 82 -58 -8 21 -3 -49 18 -35 -20 35 24 -36 -7 51 41 -16 82 -3 -9 -1 -52 -16 15 -1 27 29 -41 -47 -19 85 82 -9 -74 8 12 55 23 -20 -19 -23 18 62 -17 6 -33 1 25 49 -16 -66 -8 12 -2 69 8 -55 36 -61 -37 -4 4 67 37 19 -33 -50 -47 0 -59 106 41 -12 -3 49 25 -9]
[-40 -46 17 -26 53 -2 7 -9 -2 36 14 43 45 -71 13 21 7 -4 -3 -105 47 -37 -3 -64 20 -42 -53 7 16 16 40 69 -9 -6 -42 -7 21 34 9 39 -1 1 6 -33 -8 -45 27 26 -25 12 47 47 30 22 -14 -19 -14 45 55 7 34 4 -20 -2 17 32 13 17 5 -34 -3 -72 12 28 31 43 -22 51 15 -26 -35 6 13 -8 -24 -26 45 9 -4 -40 2 73 71 16 40]
[-5 42 20 -105 -48 -21 7 18 4 17 9 -25 -26 -35 -19 5 51 13 63 9 -10 -23 -87 5 29 19 52 5 1 1 -30 -8 11 -5 -1 2 -24 30 -41 -16 14 31 -25 43 -17 14 -46 -32 22 -21 24 35 15 -8 -24 -1 -36 -45 -25 14 -57 21 42 48 73 27 42 26 -34 -5 24 -66 27 47 -7 -42 36 -35 -49 -20 8 9 -42 42 10 -21 21 -9 -44 21 -32 -42 26 -21 9]
[-26 -47 -14 -42 25 51 -49 12 -30 -39 -46 -5 -22 -21 -9 26 -21 -4 -16 18 2 9 -36 -44 -3 -30 7 -27 -3 -13 17 12 -14 -16 -30 34 23 -2 -7 40 5 -25 -36 50 2 48 -6 -34 -39 -42 -12 -19 2 34 -87 -54 20 29 28 -7 12 37 73 56 6 45 -39 -25 5 12 -5 -4 -37 28 61 -32 61 53 -16 -45 17 -20 21 13 31 38 50 14 -82 -19 10 58 -86 -3 3]
[-16 16 -22 51 33 16 -3 -22 45 -33 -30 -20 8 -2 17 39 -21 -20 40 -22 1 18 -38 -52 -20 -42 -89 6 -24 -32 10 57 -5 -52 -34 35 -3 94 0 25 -26 20 6 -22 14 37 37 49 -13 38 -35 -4 45 2 -27 -26 3 37 15 -38 58 10 -14 18 -61 9 -19 -4 -20 5 57 35 -8 -46 55 62 -10 15 -62 11 -15 37 -3 -32 -8 29 16 29 76 13 54 82 -28 -17 -27]
[111 -2 21 -6 9 41 -51 -42 -29 -46 -22 -1 -25 36 23 25 35 -38 -13 -8 64 16 23 42 -11 -35 15 14 31 27 -1 34 16 -50 -9 -52 -2 -12 -11 23 6 -25 41 -64 -41 -36 24 11 -26 19 37 32 45 83 20 -1 -7 -3 -44 12 -21 -60 -23 -10 8 -13 -55 0 18 -33 9 35 -6 45 -27 -20 7 3 37 6 -22 -56 32 33 -1 -6 -54 40 -1 -17 -13 -28 -20 51 5]
[30 -18 28 -4 68 -6 4 -16 41 -59 10 -8 22 -53 -26 -41 -6 47 11 10 41 -25 -31 8 24 -25 46 -60 -12 49 54 -23 -10 25 -37 5 24 17 39 31 -41 -32 -48 20 37 -12 -17 6 15 22 3 56 25 -64 67 -20 69 -14 -15 -37 68 12 -44 -25 -39 34 -31 -7 -12 0 7 -32 -16 57 -21 -35 22 3 41 14 47 -11 28 43 44 50 -2 24 -9 1 -8 42 -93 -46 27]
[8 23 4 -13 -19 -13 13 -20 -19 23 -28 -6 14 -22 -40 4 -38 -66 -48 -37 37 32 75 22 -15 18 8 21 17 64 64 44 -18 -33 36 -8 -64 1 -10 -12 -3 10 29 -12 24 -41 12 -32 11 22 29 20 -57 30 84 -8 12 46 -16 9 -19 -76 -3 -20 -69 -21 -20 37 45 20 -14 9 -8 -27 14 -24 48 -40 57 3 -12 10 -32 31 1 16 -34 35 56 29 -7 -13 34 55 -33]
[-24 -63 31 -26 12 -30 -26 -31 -45 33 -23 7 52 -32 0 -16 -65 20 23 4 58 26 20 6 16 -2 6 -9 -9 -11 66 29 -23 37 -8 -43 8 35 27 -12 -7 81 56 1 -10 25 40 5 -42 -51 -2 19 13 -37 28 12 25 66 19 -56 -22 -5 1 74 13 -75 -3 -24 33 23 43 40 -29 -25 -4 12 -12 12 -15 4 -44 -45 12 53 38 44 19 42 -18 -19 -1 -17 -14 -28 -35]
[12 -33 55 -31 -41 -43 -47 36 -14 2 43 32 65 21 -4 4 -47 15 71 51 1 -32 12 11 46 -30 4 -21 -7 -9 59 -36 -35 10 39 3 -25 35 21 -25 -6 38 20 1 11 38 22 -77 7 -5 -30 24 -8 -64 -40 23 21 -9 34 38 1 63 47 27 74 30 -2 -79 -1 -32 -26 13 -45 26 6 11 25 -8 -119 15 -27 6 11 7 55 17 -13 -55 -13 7 -31 -48 -25 -65 -24]
[39 11 26 -49 -74 -30 -25 24 -25 -20 12 -39 -10 36 -19 -6 31 -26 -17 1 15 25 -10 31 42 43 71 -16 3 60 2 -38 54 21 20 -17 -17 10 52 -1 -15 23 -45 -24 -55 6 -28 -6 5 10 8 41 28 -6 2 20 -19 -37 10 -29 1 -8 8 24 -7 -26 5 1 33 3 -63 6 -9 51 -51 -14 -28 -26 14 31 36 -44 1 63 -6 -29 24 -3 -4 -3 -56 -25 35 38 27]
[3 12 -18 4 -18 50 30 -37 23 62 -39 14 -7 -49 -9 4 -26 4 23 -50 46 -14 -18 48 30 58 -10 72 -7 24 40 -25 -59 20 -13 16 -70 -9 -45 0 -13 -33 34 53 8 -13 -3 78 22 -8 1 -21 34 -11 50 39 51 3 17 -46 -32 -8 34 -4 -48 -40 25 45 64 40 -49 9 10 -46 -11 26 64 -16 -37 -17 -6 55 -49 -29 -29 37 -18 47 20 15 36 0 23 52 -5]]