41
156
1693
0.015
[[2 -7 4 -19 28 18 -43 -3 28 11 -37 14 -23 24 20 -13 -3 18 -5 -17 -9 15 13 -42 -2 11 30 38 8 -24 -35 -88 11 36 28 -30 -4 11 19 -22 5 10 14 1 -28 -36 3 -8 8 -23 -4 -45 4 -2 -14 -5 23 33 72 26 23 0 -6 -27 -43 -34 13 24 29 -41 -34 -25 -3 25 -11 11 -44 -28 20 8 18 -21 19 19 41 -21 3 27 -33 20 16 85 23 -1 9 11 16 25 -12 -2 23 -8 23 -6 -5 -11 -33 31 28 -17 -36 -31 30 35 -2 -2 -3 36 7 -20 -30 -11 -45 -40 -5 29 -31 21 9 42 1 1 -13 0 36 33 -59 4 19 -4 22 24 8 -42 -12 -16 2 2 -2 4 -35 30 -9 8 45 18 -1]
[-214 35 138 -147 108 -112 264 -53 -10 -5 -2 -26 57 216 -96 -11 -27 28 29 -162 20 102 176 -38 -348 24 -63 15 26 137 -113 205 90 134 -197 13 -48 30 222 159 221 -37 -11 20 -83 32 104 133 -93 2 34 -73 -192 -140 127 38 -23 -1 -55 -91 11 18 -171 123 -5 33 -2 -151 62 -221 -58 -114 69 -102 -193 222 37 -218 35 -35 17 -140 -72 -80 103 59 289 28 193 -20 157 1 144 -124 116 84 4 -214 -95 -78 -33 3 50 80 -4 -8 -214 134 343 197 -72 1 -136 -21 246 80 -6 -75 -6 115 240 -229 106 -204 84 -77 -32 113 -54 -61 -51 164 37 -2 -22 72 126 -216 -89 -257 -266 190 41 65 -66 -45 3 139 170 49 -97 52 19 166 72 -112 147]
[153 -51 300 -98 144 140 -99 -27 156 9 35 212 -64 156 182 -178 -82 -40 -176 -21 62 -333 -307 143 169 -121 89 94 -68 -31 -66 -59 57 187 -54 -138 55 -62 125 12 -226 68 8 175 -3 -221 -109 -38 -153 177 -105 52 215 45 31 33 112 2 61 -83 -104 184 46 -208 88 -34 64 118 7 -35 136 54 -190 -103 170 -70 -315 -79 23 129 -137 -25 -73 80 51 96 -9 -74 22 81 41 -22 -98 16 -86 -9 -149 -10 130 57 -11 20 -7 230 -12 -90 143 69 -66 68 65 64 -209 -222 64 -132 13 337 -235 153 54 -189 -21 -210 99 -68 45 167 113 -271 -98 -124 -117 -38 59 -205 -134 21 -53 -101 171 63 -137 -120 -193 -147 -6 -354 -159 -219 58 -139 33 -90 121 61 -76]
[-129 -6 -92 45 -23 -237 -49 1 205 -141 -65 -10 201 100 -271 -244 20 -74 35 230 -114 37 172 -87 140 64 -54 -44 -98 -52 -144 -94 -295 21 29 109 -10 -52 -170 -27 -51 -95 -84 -154 162 36 28 33 -3 -23 62 -85 -329 195 148 -162 213 241 -36 21 13 -79 23 -122 23 -35 39 -118 -13 115 -48 -54 55 200 63 159 173 67 65 -200 -234 1 -47 -191 78 -23 -4 -196 61 223 37 -104 -80 -210 160 -78 46 64 -210 -156 133 62 -117 -148 9 -67 -65 -4 91 88 -3 -137 -39 -84 -46 -264 121 -11 250 -300 -117 -119 -86 49 -14 -79 -216 -231 -150 -108 188 166 7 -152 -63 -67 -103 50 11 205 94 -186 19 18 -251 287 -169 340 -249 38 137 25 -82 131 155 3 -265]
[-225 234 -85 214 -4 152 -104 -111 -185 -11 -96 -196 -308 -304 29 288 -63 40 137 3 -49 -22 -183 113 -220 249 57 196 -79 -26 173 39 156 173 68 263 151 -56 195 110 136 117 -53 128 -98 41 143 148 163 71 -53 -60 84 -28 -139 125 -118 -81 -127 -45 -294 72 -74 44 204 168 180 18 -62 152 -73 152 165 -286 -92 -98 -129 139 47 203 220 -149 333 -98 118 4 69 109 -131 -10 -68 -31 66 20 -127 -3 98 103 -103 200 90 4 158 143 91 -54 -15 123 130 -168 -255 140 27 100 25 164 -13 -31 120 104 -69 103 -66 233 -202 145 84 90 56 56 -355 -105 246 -197 235 -24 -28 90 18 -42 -164 17 80 94 70 75 154 -200 130 -44 -115 -194 246 -126 -206 -184 -5]
[-268 45 113 159 -66 -289 143 -399 203 -123 -175 95 48 -133 -119 -24 -211 140 9 60 -36 6 -4 71 -137 155 203 77 2 197 71 61 73 237 -193 129 85 73 236 359 -16 31 18 127 -81 57 144 6 3 101 47 -156 -21 143 85 -44 -94 46 -66 -88 -57 -158 -43 -1 301 216 346 158 -101 -52 11 -50 72 17 37 142 -196 85 153 -9 100 -72 -63 97 154 174 35 -174 127 25 173 50 124 -57 -14 -16 11 -19 39 214 173 312 -24 275 57 1 -131 159 -148 -46 -111 -1 -266 19 68 172 123 -13 332 165 81 134 97 -95 26 206 71 4 114 132 25 157 117 -18 108 -63 -97 73 -78 -7 45 169 -222 -127 -29 146 293 -78 42 -67 -18 -148 230 18 89 -134 -123]
[-422 62 391 -69 154 223 223 -123 45 17 132 128 -2 193 159 -91 -69 -195 -9 -97 133 -229 26 117 -177 -38 -30 65 -102 39 -177 -145 -118 31 -16 260 67 -256 363 -49 -65 185 44 132 -114 -284 38 89 56 66 -158 29 -196 -3 72 81 199 64 35 -162 -112 21 -162 -60 -17 -199 -182 -33 64 5 -47 66 -4 -181 -135 4 98 29 -37 56 69 -252 -126 -142 43 164 254 -38 -38 224 175 -22 -151 -334 165 -184 -64 -85 -12 -230 67 -110 -7 198 -95 15 147 85 228 -93 -26 91 -304 -267 143 -137 178 100 -164 -72 15 -398 -132 -104 -53 -88 -275 118 -46 -292 -1 -125 75 -93 264 -289 177 83 -17 -447 -259 53 -94 152 -257 -59 -69 33 3 -195 -15 -55 -110 30 32 -13 77]
[-185 29 149 49 -31 -212 40 -42 18 -132 226 -157 95 198 -191 -70 20 18 137 12 107 63 151 -151 -340 24 -307 18 267 194 -118 35 -188 76 18 107 -137 30 -30 -84 33 25 38 -19 -152 63 71 51 117 -119 -217 -103 54 -115 207 -135 -53 -56 49 35 281 -74 -10 170 -219 -104 -26 -72 -12 -281 -47 17 -20 219 -95 152 484 -140 28 -288 -91 162 -295 -104 -212 -136 367 -51 44 -30 94 -130 -23 -210 -49 -47 32 -266 30 1 -51 -86 6 -119 -55 142 -37 135 243 55 -32 -136 -44 -129 -1 227 124 -87 171 -170 205 87 77 -29 -326 -10 -223 -166 -49 52 122 60 124 -5 -50 -24 -96 13 -320 81 -214 -50 205 -75 43 72 -91 394 -11 178 -107 285 -112 177 124 58 142]
[-463 9 -125 228 -181 -301 193 -110 80 -8 -314 2 59 -202 59 -35 -74 137 -64 30 36 152 -74 131 160 -53 135 -169 -36 -64 -12 -124 -122 -142 -9 260 85 -10 53 239 -47 53 254 -191 84 19 27 -13 180 -33 148 43 -235 236 -133 -135 116 274 23 -218 36 -69 18 -186 111 195 -40 -68 -127 96 -93 -79 57 90 70 -96 -227 446 -36 183 206 -15 139 74 43 -61 19 -112 -187 204 -61 207 -86 -46 162 -241 74 124 -26 -17 -142 163 22 -101 -149 188 81 -47 -460 -196 -41 -49 -170 -4 -31 20 138 -17 278 -323 -310 106 -65 -13 251 204 -29 163 -194 137 214 44 -202 18 -43 -59 41 8 -29 -54 69 119 -194 113 -87 62 -96 6 2 -87 -42 -262 35 128 -26 33 -134]
[-243 -101 56 -81 30 10 49 -157 -146 243 17 69 171 183 152 50 -185 34 29 -264 377 16 62 -86 -117 -178 -114 -132 29 -126 -149 9 48 -238 -43 -52 84 -29 384 373 143 -13 -17 4 30 -120 50 -170 135 -1 93 -41 -308 62 -4 68 71 15 -45 -19 -17 -133 -125 39 -72 -10 -75 -56 -49 -215 -262 -225 217 -5 4 205 -65 -26 9 59 64 -62 -88 -73 -45 23 86 -1 124 5 130 229 -132 -196 232 -98 -156 87 133 -182 -224 -19 15 -91 -135 179 146 10 61 -98 57 32 -143 104 83 -132 -2 -43 165 -140 -79 -259 54 -264 280 187 106 168 -268 7 27 158 124 56 -166 36 228 -41 125 -318 -32 313 -27 169 139 -108 107 99 293 -59 -141 182 52 126 -66 86 174]
[19 72 117 242 160 -111 -471 7 -69 20 221 52 -25 194 -46 -88 109 -60 -270 185 -92 -162 24 130 112 -36 -109 142 -265 -211 -160 -79 47 75 10 -230 208 -113 62 83 35 34 -283 129 137 -205 -3 35 -186 195 -39 -179 -76 6 94 73 123 112 -162 201 -241 340 0 -146 160 -32 345 39 -71 -22 -2 -60 171 108 73 181 -49 -306 112 -60 -415 -64 174 -233 216 48 -187 -93 187 135 21 -131 91 -95 -134 133 -114 -32 -274 70 1 34 60 131 222 -262 146 74 457 235 -23 44 -14 -103 -10 -396 -97 119 127 63 173 -286 172 -77 106 -138 64 68 90 -234 -371 227 251 -156 -18 -4 -243 52 108 -147 38 -150 19 -75 -359 262 145 -81 -154 -154 1 93 268 84 286 -155 -189]
[45 -101 311 -276 58 282 582 -71 74 -61 40 77 106 38 28 48 36 5 63 -4 -110 3 202 64 -258 38 193 218 104 58 328 124 123 -106 -8 23 -156 81 95 219 -133 136 232 132 -45 -53 -33 57 -214 91 -182 215 132 -73 233 -4 -493 -113 301 -157 354 -18 44 276 -111 24 -241 179 36 -201 121 -231 -144 -21 -311 46 -176 -104 11 18 237 -147 -317 172 -139 372 225 -209 -80 -121 43 135 -5 22 173 -182 -185 -104 211 144 114 153 54 432 -62 -78 5 124 -289 -130 64 56 -224 38 24 120 67 -111 -51 353 222 201 -47 -124 34 2 14 240 76 51 304 16 -49 172 46 -36 330 -61 -11 -89 -69 209 -252 -123 47 -254 228 -128 157 -33 -121 -83 -71 -27 10 71 69]
[-80 -39 -67 -513 -30 47 164 -117 120 179 -47 -193 314 201 -62 -168 69 31 -32 128 -17 24 328 -163 -177 -68 -204 161 186 33 74 -18 -164 -99 -102 54 -159 114 41 177 11 63 26 166 21 179 21 137 -69 -66 -97 34 -18 -49 128 -119 -250 -170 -6 67 94 -66 52 214 -253 -87 -239 6 -48 -221 43 -75 5 -13 -59 -38 40 -122 1 -58 120 109 -108 179 -274 48 252 -246 30 -170 81 168 -86 -192 455 -79 -42 8 184 61 40 -170 -74 -53 -118 141 -89 -40 -161 -28 182 -170 115 173 -11 46 111 -9 -187 -62 59 132 56 26 -44 -122 -241 119 -131 -200 309 -69 6 299 -172 65 17 -223 -80 -48 46 166 -156 21 129 59 -68 132 86 61 -124 16 55 227 -76 29 -9]
[337 116 -34 -599 -156 238 -237 -5 62 -24 -139 -70 192 -73 -260 174 172 56 -30 101 -292 -43 -58 -148 -25 54 10 340 220 120 221 -209 9 -133 152 -82 21 -50 -221 47 -89 -158 -172 27 43 267 27 243 -151 34 -98 141 100 -101 173 -324 -240 -144 127 23 -33 -175 13 283 10 -8 135 61 -79 -66 -46 8 92 142 22 -224 -31 45 71 -73 31 163 -59 -10 -198 50 -77 -150 -56 -64 -174 150 129 -32 83 129 -71 96 55 78 100 15 -20 142 49 -139 -79 22 -9 -113 -68 -181 330 221 -155 -11 -40 -100 -169 20 -130 143 -105 160 -51 -72 -204 -303 201 -121 85 -63 -51 13 105 254 -48 -134 64 320 223 -184 22 -31 68 -1 59 -10 -151 108 -39 -111 154 -128 2 69 -44]
[120 70 -344 -12 61 282 -39 386 -22 -94 -100 64 60 17 -144 -332 -116 -92 185 307 -382 86 2 -195 91 206 -16 31 -281 -192 76 162 -57 182 -140 39 -156 169 -160 0 168 -10 -111 -49 305 1 125 -137 -245 -40 91 54 -153 203 -74 141 72 -26 -93 31 -118 1 56 99 -48 68 -229 -77 228 36 -29 98 -17 -191 19 98 -184 -255 87 109 -29 -305 260 -185 208 -42 129 -232 10 214 -39 -61 -202 179 294 -10 -8 -39 -257 -76 389 -251 -8 -75 41 -226 -203 -25 41 121 -18 -74 118 -9 83 -229 -155 78 -51 -92 4 -55 -134 338 -62 -52 -37 107 -194 -189 195 -59 -28 -182 -211 52 163 -6 155 231 -48 -171 189 -51 -80 69 -112 -6 -198 47 240 -229 -118 -17 -184 -51 -245]
[-33 -112 133 -161 112 -49 203 -72 78 72 -44 111 106 68 399 -157 92 -140 -240 139 155 97 -194 20 9 -122 77 -125 108 -145 59 29 25 -59 -30 -219 9 45 194 309 -38 151 94 203 48 118 -169 159 -166 -44 82 -46 72 -211 22 -74 -241 15 -18 -141 145 346 40 -144 -61 -176 50 -103 36 -237 153 -193 -85 -125 -15 -41 -274 -160 44 144 104 -122 -20 345 -124 -100 96 -227 41 -195 -101 310 -27 -35 251 -33 -15 29 195 44 -318 -201 95 132 51 316 -31 -18 -139 -18 236 -107 -116 37 144 284 -14 3 -120 236 150 152 192 -125 145 -20 15 237 74 -146 -66 -13 15 172 -29 -87 64 -71 -80 -318 11 310 -101 -4 67 30 -34 -8 37 -224 -227 -32 31 287 62 89 51]
[139 34 -14 -267 -109 286 110 -61 -29 227 -229 -146 158 153 5 253 138 127 4 -139 -74 3 274 -151 -34 -260 -136 165 150 69 36 -106 -115 -302 -190 84 -128 -272 95 -221 -69 -46 -33 7 -133 182 9 114 -59 -49 -2 93 -75 -8 42 26 -68 -111 109 -38 29 -341 -34 186 -96 -76 -77 -35 -107 43 -65 86 91 38 -12 -232 124 217 -141 63 120 125 -41 45 -240 165 11 22 -49 -164 36 93 72 -144 135 184 97 89 145 -5 -58 8 100 -87 -205 145 83 108 -140 -94 113 -140 416 213 -228 -97 -134 -41 -51 -60 -320 -7 -72 130 60 -229 -157 -47 -150 63 20 114 -177 201 -99 308 -32 -311 95 31 308 68 -57 120 206 -14 47 69 141 235 -173 -108 -35 -5 34 -141 156]
[-138 -10 44 19 21 -68 -141 47 68 98 195 119 171 229 -201 -205 -27 91 -308 192 -20 -262 37 72 157 -136 -142 115 314 -17 2 -261 -232 -249 62 27 152 191 122 379 -173 -41 65 -106 19 -186 163 -251 25 142 -194 119 39 253 156 -144 61 -17 209 -11 160 -155 241 293 -113 116 33 50 -111 -203 -158 -12 108 382 262 7 -8 26 61 -104 -228 215 -343 81 -410 134 -19 -432 -33 64 209 234 -231 9 -49 -217 -277 -68 -69 133 -236 59 112 58 22 -27 328 -42 -260 -60 20 -151 -369 -261 -117 50 95 160 38 -151 -144 148 43 -127 2 103 -187 10 -16 -162 212 -72 134 120 -123 15 41 146 -137 1 49 -77 -170 -153 35 105 -32 75 -114 -127 81 27 44 87 -20 264 -231]
[-119 145 -459 44 53 63 -126 46 -16 195 -97 -257 106 -40 -91 23 419 -287 -350 174 -144 -250 171 85 283 34 8 279 32 -414 -15 -316 -115 -256 419 96 145 -2 -32 77 -91 96 -42 16 242 -27 -207 175 101 133 135 68 -421 -42 187 -288 23 154 102 -8 -208 315 86 -143 -69 -119 -98 -172 -33 343 -100 -174 106 33 63 -83 -148 185 133 -42 10 138 144 13 -59 -16 -119 -134 -113 129 54 161 -49 -209 324 -52 -39 310 -330 -59 -94 -158 -37 167 60 -194 164 -60 125 -49 153 -113 51 126 -82 -270 209 83 -110 -374 -336 -297 5 81 170 0 -151 16 -49 -313 -230 109 101 -203 -81 104 -9 -4 155 22 111 -145 -190 140 -231 210 -231 92 40 -290 32 -62 324 -5 -57 89 -172]
[70 37 2 109 128 76 -118 -183 22 28 -289 -33 49 -4 -253 124 -292 182 320 179 129 58 -110 -401 -12 48 -75 15 28 128 -131 -102 -263 202 -132 128 179 123 199 76 57 -371 -71 -101 -133 325 360 44 193 55 220 -288 -8 248 -108 61 48 -2 -127 159 -63 -404 -73 131 210 280 392 -119 -328 157 -253 87 287 52 247 118 162 -50 182 -128 13 145 -53 -225 89 -3 -206 -147 91 67 64 -56 -145 -92 27 38 109 54 -119 39 131 -68 119 -217 169 173 -240 94 151 -21 -139 -52 -9 94 -86 -4 -131 8 327 127 -216 248 -123 112 -257 102 -179 -238 -32 81 21 -15 297 -112 63 65 -350 218 190 220 137 -89 -63 71 206 412 50 192 -152 169 163 130 -36 22 -170 -23 -231]
[289 -135 226 258 117 -57 -236 189 147 -39 129 64 19 285 119 -256 -278 77 105 -86 214 -393 -191 -220 176 -188 -13 -122 210 91 -118 -167 -361 367 -48 -22 -169 117 170 -254 -182 -77 -53 -93 -89 -63 161 -289 5 137 -15 -59 -9 52 51 198 361 -41 86 49 -23 -16 201 -17 10 -101 -16 37 -16 69 82 248 -82 87 302 -37 137 -24 22 -178 -94 297 -303 96 -205 117 16 -10 157 -101 59 -184 -230 47 -125 38 78 -134 -174 12 108 128 62 -240 -112 6 -20 22 36 97 61 -167 -122 -195 -100 -89 -215 482 -150 8 -23 -67 167 -92 -136 -33 23 -159 -6 90 -93 -81 34 10 -55 -55 -128 214 43 189 140 13 -108 -92 150 -64 -238 39 -130 4 109 -35 -170 -144 -55 305 -107]
[-283 -170 -142 18 54 -44 -60 286 169 -207 50 125 -137 229 -55 -317 -160 -100 220 71 -77 8 223 -89 198 -118 111 -118 -95 102 34 32 -208 112 -147 315 -76 -81 -8 -343 -27 -111 -112 -254 -200 -230 232 -421 -337 -60 149 99 -210 243 -222 208 288 115 -177 -95 -28 -240 85 4 86 -74 -86 -66 335 62 -57 320 100 43 9 138 166 37 -95 -84 -295 -136 56 -170 -130 97 -91 -19 126 47 80 -19 -29 93 -139 1 191 58 -255 -96 187 275 -47 -321 -132 -104 -88 20 64 144 -166 -82 164 -52 -222 -133 -322 106 98 -249 -129 -118 -14 220 -98 -74 41 -191 -287 212 -27 -4 -78 66 -112 70 260 -19 53 151 30 -36 107 15 95 27 -120 141 -200 145 186 3 -420 -91 -2 -19 -203]
[-6 61 89 22 37 181 54 415 -104 -238 27 -229 -207 -62 60 -146 157 -191 425 70 -191 16 -101 -16 -207 113 -29 -67 149 -93 367 26 -121 91 -22 -46 -197 56 288 79 279 262 -155 -23 129 -32 87 -103 -196 -24 -13 73 -19 -177 -8 -77 -174 -125 99 -44 172 189 125 212 -20 -34 -177 -330 219 -209 -70 77 119 -210 -302 125 -50 -95 25 278 102 -253 226 50 -237 19 211 21 40 -136 -150 91 94 54 14 -49 -79 -17 -282 27 59 -36 257 16 -108 -5 -89 265 192 47 -177 3 229 31 -30 175 -64 -248 43 -40 -6 63 89 172 -47 -99 84 28 -173 105 -319 138 56 -12 -105 127 305 -91 -69 -37 -126 228 337 -51 221 -50 -128 167 19 -37 -190 119 32 74 -104 -26 -24]
[113 -323 425 85 237 254 28 -63 49 172 133 146 -106 145 275 83 -131 2 -109 -169 328 -24 -60 -124 77 -88 142 -151 -151 113 -10 27 -7 -232 105 -23 96 229 -153 -173 -349 -148 162 32 -106 -29 -66 -77 -65 -30 -129 37 273 39 -56 45 -111 -93 24 -85 84 -34 11 34 68 34 -135 455 -143 161 70 -229 -198 -78 -13 83 -129 -75 -78 -217 18 17 -181 -69 -96 21 -368 63 -107 -1 80 29 -168 120 -87 -143 -135 199 379 27 -93 66 -71 -125 -29 33 171 -165 -288 -127 182 243 -36 148 37 -130 -82 160 44 117 -214 106 -144 -159 -120 85 147 109 116 161 330 -248 99 201 144 -203 -31 246 191 35 84 -92 -302 -16 136 -182 60 -340 -21 -115 89 134 -176 -211 -28 95 -43]
[189 63 -117 -519 99 97 -493 -106 39 17 234 -19 -26 -16 78 155 -67 223 32 -6 229 -242 -69 227 93 -50 45 167 28 55 37 -209 87 46 82 167 165 -134 -47 180 -9 -1 -16 220 -178 -164 195 -129 13 212 -94 -61 244 -68 -137 207 -79 43 -209 221 -340 56 64 -33 -5 8 75 285 25 45 182 114 195 -138 99 -327 10 18 -115 23 -44 151 83 24 0 67 -91 203 -104 22 -219 9 -55 -106 -43 -51 133 111 55 169 188 231 -135 -133 86 -79 3 -236 -74 -245 -89 -40 65 157 -266 -219 -156 154 -423 288 167 79 185 12 -113 131 73 58 170 -38 -142 -149 121 203 26 -264 -287 -25 52 -76 66 63 -143 50 126 -62 63 -195 20 81 46 -232 128 -157 -183 10 -33]
[-173 196 162 384 -360 67 214 -76 -248 -119 -186 -138 345 -94 -109 301 -241 126 269 -292 -206 129 8 -30 10 56 -45 45 -207 -114 200 -147 -158 -273 -38 236 163 -341 166 108 -15 -79 74 -109 141 40 -56 140 127 52 135 81 -303 128 138 -14 236 115 114 -148 -90 -128 -182 35 235 187 30 -43 -298 25 -280 72 228 143 62 25 -28 253 -92 249 -24 -156 152 -265 210 176 125 -65 -164 295 55 -9 -73 -62 142 -108 -102 118 0 -88 96 208 38 140 -261 46 217 322 -90 -80 -187 166 -9 194 21 -331 133 -92 365 -362 -326 -245 -310 -14 276 72 21 -34 -126 106 257 276 -283 -179 8 84 49 -121 96 59 83 68 37 258 -223 -22 168 -30 20 57 -39 -214 144 -9 98 -62 -97]
[20 324 -17 -351 -40 346 -485 151 -390 -31 181 52 7 119 -28 57 -101 59 230 -173 10 -292 -260 -20 -142 140 -324 -70 29 -9 161 -158 31 157 -279 123 66 -201 91 -57 -74 24 -188 189 -156 -277 135 -122 224 9 -224 -74 61 217 -130 85 319 -130 -45 -10 -420 -142 -115 48 109 88 151 -1 61 -129 -203 365 71 -25 213 -80 151 -38 -138 229 -380 -102 79 -166 32 -82 17 99 15 186 212 38 -227 146 -192 19 -72 80 151 31 14 -147 -152 74 -79 28 204 144 84 -116 -156 203 5 -249 -6 -53 93 59 -207 -64 -103 -367 -146 93 -171 155 72 -127 -47 -223 -125 -145 16 -152 -22 -215 -202 -48 -174 30 89 66 378 -31 45 10 58 -239 -94 -28 107 -70 76 -181 -142 -133 134]
[179 -121 -98 -139 -5 -364 161 -162 107 -55 94 -182 147 27 -201 -58 -248 125 18 -70 -120 476 270 -168 -77 346 219 -116 -330 38 18 366 158 -70 8 -80 -16 146 -342 155 171 -182 -13 -193 379 325 -60 194 -120 -99 14 -3 -128 -34 448 -42 68 190 -63 -53 -34 -33 3 101 29 -2 -91 189 43 1 126 -250 3 96 -256 283 6 -209 -28 -122 -76 -314 65 -217 293 6 160 106 -55 118 -81 -45 116 31 263 36 23 59 46 -276 114 300 -169 -183 -56 -137 -257 -169 273 128 -21 -56 53 360 271 -57 -96 -91 262 -91 74 24 -56 -330 49 -150 53 -49 -105 135 504 177 -1 -19 27 -98 83 -57 163 142 -145 88 -12 170 -192 107 -133 298 -92 166 -78 -192 -192 159 131 118 -92]
[108 133 73 258 -49 118 -218 205 -213 29 16 27 5 -237 93 174 168 47 37 -221 -173 -6 -20 39 -2 80 -179 -144 31 -56 147 -174 -16 -256 -46 -236 25 84 -245 -32 -6 132 -28 51 122 196 -64 31 36 -32 23 -53 -27 -210 17 35 8 -151 168 -35 -67 92 -117 141 105 134 -188 -14 -122 -13 -45 -187 -91 -70 10 -165 -228 186 -29 -2 31 102 163 54 -120 -110 -45 89 -9 -6 -92 -35 136 101 44 118 -146 35 -60 190 4 18 58 52 -72 22 123 -28 35 -33 25 -28 231 -5 60 -132 148 -57 -119 -11 -142 40 10 -37 73 9 228 61 74 5 -116 87 -73 175 -31 103 -151 13 144 98 47 -155 66 60 53 -87 163 -125 319 51 -33 -233 383 -127 -19 -52 64]
[148 -72 -121 -509 82 281 69 143 -132 -279 -99 -437 74 -48 -35 216 196 -170 252 49 21 44 -239 -90 47 32 116 96 108 -101 255 133 -55 -80 251 11 4 120 -88 144 105 46 -33 -34 324 210 95 314 -39 124 129 61 -145 -178 184 -344 -111 51 98 -110 -42 285 16 -152 56 32 -85 -288 -11 165 108 -125 266 -173 -291 -5 -239 29 -8 53 130 -48 87 -167 1 37 -21 84 -161 149 -357 136 -71 76 195 25 136 167 -166 -245 -132 39 -160 -19 -92 -106 -296 -206 336 -98 -69 73 215 171 -16 -96 -73 -112 -361 -16 -119 -243 -20 -24 109 63 30 -10 107 -33 1 68 -91 -163 -73 -121 94 -147 194 32 8 125 -128 293 56 19 -240 55 -16 -81 -11 -254 23 -119 -273 238 -46]
[390 -4 -161 342 15 286 123 85 -229 -86 -218 -398 -210 49 -39 391 130 -29 48 55 55 -185 -154 -33 42 113 36 238 280 -125 130 171 -68 70 246 40 -53 -18 -75 -281 -179 -71 50 -154 -17 227 7 163 142 66 20 139 41 19 140 -190 -4 -26 316 -150 131 184 234 -117 -63 32 113 -202 42 238 -65 -11 -4 -95 -1 -123 51 132 -88 -83 -140 -3 -183 -80 -97 -39 147 154 -293 -145 -44 33 -83 319 -378 171 222 99 -66 137 -293 93 130 106 -56 -54 98 158 -108 81 -119 90 198 86 43 205 -137 168 91 26 -290 31 -48 275 -80 73 97 -49 18 213 -364 40 -39 -372 -29 174 -60 -199 -184 284 9 -98 42 -11 143 -74 -254 -61 24 110 -236 -285 -169 -271 -179 184 -70]
[185 34 -92 -54 -125 133 -2 62 157 -154 -14 -182 174 218 62 -169 -26 -88 290 -87 -13 -44 102 -203 -271 -209 -385 141 187 -91 27 248 -75 21 -133 -217 -342 -81 193 65 197 206 -294 221 141 -132 -71 -151 30 -187 -324 7 149 -55 104 127 -274 -217 108 125 348 -172 -22 57 -363 -295 -210 10 59 -209 252 129 75 -150 -134 177 99 -289 -66 36 38 -26 -66 176 -75 101 549 -14 115 -221 1 -380 -62 -186 -102 237 -171 -248 177 -9 242 -208 -49 -60 -157 -70 1 126 167 53 70 72 85 5 -8 -176 21 -31 48 66 129 -71 45 55 -162 -37 7 -22 -206 -44 33 218 -59 15 -252 35 171 -73 4 43 53 197 348 -198 195 -115 245 133 275 187 -30 358 -39 21 130 -127 240]
[14 -142 -4 258 21 -5 -41 100 -181 126 284 194 -151 -76 308 -244 -185 -75 119 -95 199 -106 -138 34 359 -7 103 -247 -181 -227 -258 81 -27 85 134 37 6 -113 34 -280 -93 -71 393 -238 -65 -251 -83 -350 98 105 12 26 14 116 -202 306 329 243 35 -4 57 15 261 -112 -5 -208 -129 -16 244 -32 6 285 -83 187 177 -243 316 129 -55 54 0 80 -220 -21 -40 -13 -124 39 -188 -29 -142 -20 -215 29 31 -196 161 -128 -123 -258 -106 -28 128 -298 31 143 191 -175 25 -209 96 -94 -148 -344 -215 66 -180 270 -127 -87 78 24 -82 -101 -86 -40 -22 -31 -100 167 16 -353 49 61 26 -178 189 338 121 -17 -18 -12 184 74 111 -32 -287 134 -323 -87 23 -223 -353 18 -226 357 92]
[-11 238 15 261 -73 283 -204 -113 -232 -12 77 -161 107 -292 72 170 -59 122 -11 231 -150 310 83 -123 -121 242 -304 91 54 -152 -54 62 -119 -243 -51 -64 220 186 71 49 302 -5 -137 123 147 132 219 78 -26 -219 -100 -257 307 -69 -150 178 -243 -126 18 145 70 -58 27 286 21 105 128 154 -253 -88 70 187 249 -221 38 -121 90 -157 -67 47 197 -44 228 72 19 5 -1 -19 -27 -228 -122 24 176 100 -31 150 7 -185 -89 234 226 -215 236 -153 297 37 -95 -232 85 -64 -91 109 185 242 77 53 -91 7 135 264 -141 453 54 270 -340 7 -119 141 167 264 -18 -153 259 244 165 81 -116 157 318 -63 -145 -288 14 -31 294 215 210 -12 8 86 -32 -110 146 27 -62 -230 -159]
[257 -75 -102 326 -65 -102 -253 -289 225 34 113 -59 -13 -312 62 41 -246 -37 56 -33 255 -180 230 241 -11 173 199 -33 -93 19 -380 76 -104 161 304 164 20 90 -21 -22 85 155 -203 57 153 -301 -18 -235 227 -72 -8 -233 -263 -42 -27 -22 127 47 9 226 -40 -172 151 -100 116 -148 -45 346 156 145 128 -195 79 -131 91 11 90 351 69 -216 61 76 -219 34 97 44 -141 269 109 -64 -15 -162 75 -281 -100 -116 49 166 -127 21 497 206 -264 -246 149 -237 48 -163 -95 -14 69 92 12 131 79 -237 205 231 115 -72 -20 6 -7 43 -107 294 116 -191 86 294 -185 123 356 71 183 -167 32 274 175 68 -28 -200 22 -235 103 -27 24 204 210 -23 -82 -52 220 -259 -6 -88 -40]
[-364 232 -35 -2 -2 85 -147 -301 -128 55 -131 -87 105 -208 135 68 -198 309 11 320 18 103 -2 -68 105 65 171 70 -168 63 -47 -29 7 155 -141 309 187 164 -66 -50 -63 205 207 155 143 -117 130 126 203 -41 -183 -123 -16 160 -129 -93 169 116 24 -97 -145 -102 22 -66 250 116 76 299 -203 139 96 200 140 132 13 -204 -121 158 -134 126 282 65 215 28 251 176 -222 -130 -134 97 -127 90 -157 -56 167 -92 76 -30 -22 98 175 -45 -114 -9 155 -108 -9 -291 -115 -280 46 168 -99 97 -107 -254 -11 196 -28 65 -31 79 -42 81 -127 174 9 269 160 186 146 -238 71 215 196 -126 -92 264 292 -100 -100 -174 -437 37 -91 185 108 -325 -185 -311 193 -406 124 -196 -59 28 21]
[-107 -30 477 -88 23 290 437 -196 -155 31 97 359 -151 -50 -33 204 -181 -58 97 -128 39 95 -42 -128 -305 46 -47 -142 167 425 -87 143 -14 -22 -200 -29 -131 -67 234 -478 26 -94 77 4 -351 242 133 -56 20 -96 31 113 116 -99 -5 116 76 -349 163 -151 147 -443 -272 197 38 123 -61 -46 -16 -170 -227 139 -249 -236 -53 5 339 -17 -58 -199 185 22 -464 -116 18 -42 255 127 155 82 204 -34 173 166 -151 136 -78 -496 213 -113 83 -106 168 316 -114 290 -134 167 -3 108 -59 18 130 -358 144 421 -22 -92 33 113 -29 0 -57 -27 -234 -195 -320 -35 55 119 93 -285 -193 80 57 46 84 -19 -254 -142 -184 -309 42 -60 154 -215 139 127 -58 107 61 195 -378 -9 79 -51 317]
[2 -89 -68 202 86 -32 197 131 -121 113 87 338 84 -137 253 -74 -19 -195 61 67 -86 77 349 -64 11 71 112 -141 -73 -247 167 -35 64 -73 -76 -338 -152 -160 79 54 36 142 -8 44 -67 -129 -129 -37 32 -36 28 48 -304 -81 -103 165 -25 -188 12 176 148 -86 10 -7 -189 -262 -183 -43 143 -146 -71 10 26 71 -89 83 222 -190 -91 -65 -82 -220 47 160 208 90 -80 -148 102 -136 8 35 -21 -55 58 -73 -142 -25 -13 -139 130 -79 178 173 108 -87 46 54 -128 5 81 71 -58 -53 -45 -325 -6 -469 -2 187 330 101 -5 16 54 -81 81 18 -31 -3 10 71 55 168 -56 172 418 55 86 -218 -337 -51 195 -125 -141 69 312 117 87 12 134 469 -24 245 138 11 250]
[-69 -51 344 42 -15 -115 -58 -78 109 86 -85 168 -150 -58 209 -135 -142 -154 -50 -60 -144 -174 -128 68 48 -122 158 18 -227 87 264 -55 -56 159 -145 71 -127 -27 297 53 -218 215 -119 265 -31 -151 35 -237 -70 -32 -51 41 -60 55 -65 308 -153 -165 35 -31 -254 -117 -74 -19 329 36 91 373 35 124 141 114 -77 -137 -30 148 -331 137 46 53 65 -81 -84 113 -147 187 31 -77 123 -94 239 -263 -7 -16 -130 60 -194 85 141 162 279 65 -56 251 -88 25 26 256 -45 -129 -48 24 14 -104 -174 53 -46 227 269 -8 -168 -129 25 20 -53 -76 72 -28 -72 32 -111 -18 108 9 144 -144 -16 230 93 12 275 70 -22 -284 77 -77 336 -342 63 -197 -35 -30 222 -52 98 -205 -38]
[-31 25 261 -103 22 4 255 40 178 -73 -147 117 325 107 82 -149 -239 138 -82 -70 37 24 -152 59 62 -146 60 -189 171 311 -69 -199 -288 134 -309 -137 2 36 268 192 90 128 125 108 29 196 144 -39 124 164 168 -99 -13 -191 49 50 479 109 5 47 70 90 -130 -211 -64 133 -150 -306 -127 -320 144 47 -140 -41 243 -107 -188 31 24 218 173 36 -79 271 15 93 202 -26 262 125 12 144 -157 -6 264 -19 18 -275 -12 -75 -129 -40 -18 76 -176 341 -199 -58 -135 172 159 -105 -114 -136 326 79 119 168 -541 193 195 -39 94 -202 229 -153 -54 180 186 -179 289 -24 -387 254 -43 34 -202 -148 -291 -314 11 222 -292 159 -76 -64 16 28 17 -89 106 -166 145 209 35 71 -24]
[-232 73 -46 -191 70 252 -243 -170 -92 -71 2 -313 -209 -142 -144 230 -5 -132 120 -165 -6 45 -104 179 -17 299 -69 185 -4 27 324 76 40 -276 433 33 264 61 -36 356 226 -81 -94 136 -62 164 131 -99 34 112 -117 293 228 -151 18 -143 -155 -44 -135 -35 -168 -31 -114 -52 -12 17 -71 -37 208 -55 -166 -105 257 -442 -167 132 -241 68 -27 -3 -22 -290 134 -232 -147 -133 291 175 -190 90 -178 179 60 42 -107 34 1 268 71 -40 -174 189 -95 99 -93 -102 43 22 151 -16 -310 121 368 319 13 55 56 -140 -13 -102 -303 -86 -71 66 -247 108 16 -15 -42 -93 -53 -158 -28 -176 48 -41 137 -188 -116 79 -53 105 217 285 173 -110 -14 6 50 180 -145 -75 158 -51 -363 37 -109]
[325 -136 359 -9 47 67 -201 -27 -76 -119 27 162 65 -336 181 -57 -215 27 397 -151 195 -27 -312 20 -22 155 -45 -134 -83 -252 -147 198 163 319 -76 -450 -172 11 118 126 74 72 -119 140 -54 -387 157 -336 -7 78 96 -122 12 5 -244 295 -24 -110 -17 216 -66 -62 5 -422 86 167 17 -105 103 -359 19 8 -50 -204 140 177 -197 186 84 148 -122 -28 -167 -73 236 27 25 188 274 -155 -265 -96 -137 117 -51 -43 -87 -8 87 -2 210 92 -101 -50 93 -53 -61 -42 62 -21 -130 113 40 -233 10 -212 -29 275 -102 231 234 -109 48 -198 -33 124 342 215 -155 104 -200 51 -41 -173 -127 -131 -33 38 213 28 144 88 213 -181 91 -295 81 -309 21 183 -24 34 212 -82 -174 -122 49]
[-276 -1 -69 340 22 -289 -310 -161 -150 27 -340 128 9 -221 47 -81 -182 -107 -121 221 181 -73 -336 -247 7 273 -34 -116 152 -18 -77 0 -78 126 174 -45 238 337 46 311 -201 -306 -15 -82 15 229 321 122 254 -40 90 -72 -302 344 -200 -478 -118 -48 43 -240 -90 -132 -65 -196 316 216 440 -14 -120 94 -385 -106 144 163 222 100 -198 124 240 -376 145 274 -281 -44 -20 -328 -49 -368 42 1 84 138 -46 -8 -95 40 12 -89 -41 -93 -160 7 47 106 106 38 -92 -80 34 -78 -191 -32 -211 -163 44 61 45 -1 378 -216 -417 -24 46 142 8 490 -239 -237 89 38 -146 -284 284 -319 51 -34 59 282 -33 131 -37 -223 -94 -192 31 219 -21 -73 -125 -279 45 -65 235 -5 -149 304 -154]
[294 -54 -85 167 -286 -213 -325 -87 287 34 -99 -76 53 -8 -243 -168 -7 178 -137 126 -62 6 -345 -102 14 -165 -158 39 243 264 -308 -114 -169 184 -104 -269 -139 238 -161 178 197 3 -256 -207 258 200 102 32 13 -180 -159 123 198 -70 85 -506 306 -269 36 215 24 -265 168 214 -14 -61 92 -40 -39 -158 -211 85 30 143 130 16 27 102 95 6 -150 76 41 -17 -72 -290 -118 -114 -99 91 -39 152 -132 69 -197 61 -35 16 69 33 -137 -284 -14 -250 26 -151 10 45 -183 106 -47 -218 186 -23 81 111 39 -95 -14 -375 -33 129 92 80 3 -19 -112 -298 116 -138 20 64 -64 -141 -33 241 -191 -31 -155 177 -158 -221 216 -160 36 85 -406 42 -159 109 -32 136 59 -56 77 -41 -86]
[-4 -335 -361 296 76 -297 -36 52 88 65 -19 -119 -16 38 -89 -65 -142 60 -49 -112 196 405 380 -177 257 -67 -118 -195 -81 -33 -125 208 105 -270 157 -48 200 372 -371 -128 48 -352 -207 -115 -46 124 -100 0 -23 -228 240 -134 84 154 -241 29 -65 -42 -395 156 46 -100 -112 -354 18 42 28 -34 -163 363 146 -43 12 54 29 271 -142 33 54 -180 -85 225 168 -156 14 -85 -423 132 221 -47 -31 0 99 70 -35 16 86 265 266 -119 -155 57 -341 -456 -35 -48 -48 -400 83 321 18 37 148 430 -4 -133 -102 85 110 -218 -210 106 -42 -77 -127 82 203 26 -80 86 224 19 -24 41 -125 11 7 18 220 202 144 -75 -129 159 73 166 78 -27 251 202 138 403 -63 121 16 -72 -196]
[-4 -3 -158 41 -42 -130 68 131 68 -161 -210 -128 212 10 -108 -82 98 13 -102 311 -252 48 80 -27 -115 110 -47 78 327 87 115 52 -210 208 -444 34 -252 197 184 164 166 380 -95 162 116 -54 348 -43 106 5 143 -300 -159 4 89 -30 -109 -92 -71 3 109 -65 125 52 -42 217 44 -305 9 -172 138 122 81 -3 159 179 -130 152 125 83 236 6 185 391 -226 137 96 -169 378 -381 136 -7 23 -23 60 65 89 -121 -444 118 57 -91 225 -39 109 103 -347 -36 -56 28 156 -223 -130 -89 -51 252 -10 -153 69 183 98 200 272 216 -53 88 17 143 55 161 -103 314 211 -49 -224 192 -116 -54 -139 -35 149 279 -137 -241 220 94 108 180 133 14 77 -187 278 137 -55 -190 -3]
[179 -55 -398 242 -219 137 -359 11 -82 -274 20 -134 -130 -499 -63 73 144 -14 447 81 -34 31 -149 19 -198 592 75 195 197 -266 108 99 349 16 144 -117 -29 62 -259 107 87 59 -128 -205 71 -4 143 -187 -206 98 78 50 105 -24 -79 -335 -448 18 45 -81 95 18 152 92 137 135 -152 -104 179 -211 -183 -93 105 -117 -110 3 -107 190 207 66 180 85 209 -72 29 -191 86 115 -126 -165 -404 264 209 58 -3 -131 6 20 -169 124 250 383 -11 27 32 -201 -64 -145 30 -351 -201 -152 245 173 -167 35 -69 -292 162 -137 -22 226 151 202 86 257 198 -175 -115 253 -239 48 133 -151 -144 65 164 58 169 305 18 30 217 -90 208 -159 -44 -114 26 118 -97 -218 -1 -292 -140 85 -210]
[-41 76 -65 -2 73 -61 213 104 -138 -163 115 53 60 30 -176 -165 125 -137 -38 175 -498 105 112 -236 -95 361 -41 -160 212 -150 386 132 99 73 -104 -227 -166 400 -109 93 -34 -126 -138 -16 67 297 -44 -6 -345 -85 48 -13 -110 -34 387 -164 -294 -232 239 -219 131 -35 11 251 159 18 181 -54 4 -154 -9 -42 -80 29 -71 337 -60 -345 195 -83 -56 -65 -239 82 17 130 142 -368 179 24 174 287 318 351 115 166 -166 -135 -59 -132 -7 0 56 403 57 -90 -266 88 294 265 -84 -113 45 9 125 482 -26 -54 143 129 -9 12 18 -183 -158 6 -88 -52 10 -48 96 116 -110 -79 -61 64 67 -35 15 265 -44 -33 142 -117 14 161 13 247 -52 -164 74 94 -41 53 109 103 -46]
[278 -230 -32 -78 256 193 224 243 -45 -53 -169 -63 113 196 54 -115 -257 -204 21 117 131 197 -405 -366 361 -58 -26 110 -82 -345 -72 312 -9 -253 69 -156 99 -235 111 -92 -132 -261 30 -225 218 96 -233 161 -94 -85 280 86 42 162 134 6 318 10 32 -209 127 178 53 -361 -273 100 159 -375 -78 182 -160 122 -198 107 121 166 -297 5 -30 157 -188 -39 189 -144 88 -116 -66 -78 -91 14 -93 -83 -309 86 -29 128 19 353 323 -316 -550 -98 285 -194 -201 180 -12 -43 203 56 -25 -11 -34 46 0 -67 -148 124 88 -161 -307 -67 -351 -86 84 -228 105 122 -201 -72 152 111 -143 -364 -312 -15 -38 -67 -91 198 302 99 -70 220 -8 10 -148 -27 -300 -26 140 118 -211 222 47 275 -164]
[392 68 -377 -94 -63 366 38 192 -231 108 38 -282 36 -9 -19 94 257 -138 -47 -67 27 73 -12 -70 -48 324 -53 90 189 -336 230 208 314 -115 211 -136 -90 -48 -146 -131 -151 -113 -22 -63 3 40 -251 278 -26 107 -181 241 183 39 135 -368 -123 -46 149 -244 -24 152 143 -115 -195 -195 -10 -23 103 -49 -12 11 -111 53 -34 -100 24 -49 1 -8 -235 13 -65 3 -114 -122 80 43 -199 -276 -45 192 -2 152 -61 5 20 146 47 -55 -275 34 -27 232 -51 -125 62 29 67 107 198 6 50 66 137 123 44 -129 -148 -82 -164 -173 -115 12 21 -94 29 -136 -101 -72 -141 -78 -177 -277 -91 15 194 -245 -58 188 164 151 228 -82 -57 -118 -327 -143 -187 84 -170 -19 -248 47 -64 158 87]
[52 120 -2 -237 -68 -39 -80 -340 398 188 -135 65 18 -435 -62 341 -141 281 -232 -72 142 144 189 164 -232 133 303 -61 116 327 -191 -3 100 -65 27 160 -90 23 -274 26 103 -134 -156 -135 -338 -94 84 -116 83 -322 -112 -30 22 -63 -85 -23 31 -36 -186 18 -143 -618 -22 97 -174 -123 80 471 -54 -40 75 -139 -108 -48 74 -44 217 487 -98 -96 102 -175 -10 107 -24 93 -242 285 148 -270 -4 12 103 -93 -213 -1 146 426 241 46 282 235 -171 -224 242 -56 -30 -251 -438 -116 36 149 102 439 156 45 20 -135 105 245 -107 363 -160 64 -313 76 109 -370 45 384 130 -5 87 126 535 139 -43 -115 82 157 -166 -231 -113 -46 199 -185 -9 -20 132 331 43 245 -36 -190 21 -314 209]
[-61 -104 -162 -584 -173 -151 243 -394 49 19 -7 -69 5 104 -228 94 216 6 -6 -121 4 66 444 -140 -236 -47 -23 128 433 315 123 48 261 120 -73 -45 -262 -37 98 -264 16 203 -126 147 -186 102 -103 127 45 47 -135 -48 103 97 196 -240 -104 -292 23 32 62 -409 -14 239 -206 -265 149 -94 82 -96 -16 185 -3 160 -52 -74 177 110 86 -161 164 289 -222 352 -477 137 -46 -1 253 -457 148 226 406 -124 97 146 210 -52 31 -28 51 118 -88 122 -193 -16 -87 -73 211 121 156 -315 -12 36 -156 481 180 -299 -67 15 176 9 118 -103 10 -33 -97 -235 68 50 -164 102 -27 17 -6 285 268 -107 43 36 261 282 -40 4 275 -84 112 314 255 133 -92 151 -31 -92 -66 132 385]
[424 14 239 153 -48 360 218 352 -473 -31 197 -70 106 47 185 317 40 8 102 -94 -193 345 110 -147 -17 -14 -47 -16 -166 -115 86 188 66 -49 -188 -172 -76 -24 -243 -314 93 48 83 -96 117 172 -44 248 -431 -36 61 63 -52 -313 -110 130 100 -123 290 72 112 373 -78 194 69 -110 -94 109 191 -6 38 7 -37 10 -286 -50 -13 -378 -114 -108 -48 0 -16 -74 120 -12 -15 89 -73 -183 -164 28 215 207 -120 208 183 -229 -153 57 106 -59 46 161 -17 -102 -223 -57 237 242 93 44 329 199 55 -190 -243 -166 -196 250 302 -168 1 198 318 -253 202 -48 291 247 -93 192 -225 183 6 279 165 -49 205 41 -87 -215 139 -21 96 -217 48 -200 156 51 -34 -202 -61 -109 2 -23 102]
[-36 -242 197 -16 -41 -145 192 -231 62 184 -64 80 51 51 446 44 -39 55 -65 153 235 241 105 -257 211 -176 228 -152 -127 -195 118 -22 -84 -233 136 -68 38 -207 69 -342 -256 -140 101 64 -209 230 -252 61 5 94 120 101 -7 -21 -97 194 -235 79 -296 -47 146 82 80 -193 76 -170 10 291 -161 84 213 -58 -4 -49 52 -156 73 6 -72 -193 112 -14 -87 168 93 128 -256 -75 62 -374 -355 52 -1 -49 121 -42 -14 177 185 92 89 201 -42 52 90 231 149 -332 -289 -194 198 -7 235 448 -275 -61 -299 91 330 224 -17 376 20 -9 -115 -275 129 90 -26 329 176 -106 153 251 39 172 160 164 408 -60 222 -23 -273 109 223 16 195 -114 -236 -81 22 266 -268 133 -32 32 -17]
[238 -122 -16 318 -297 246 -80 -175 80 -242 50 -143 550 -336 -55 26 -119 -108 257 144 -59 214 -1 -42 57 358 63 -187 -164 -52 203 -268 -302 -189 235 256 96 86 -69 285 130 -105 -223 198 288 139 262 59 169 48 24 -259 -168 53 169 -196 -112 118 -316 87 -161 0 62 -146 266 -24 246 233 -177 66 9 -139 264 52 35 19 143 269 333 -76 337 -220 -64 -109 169 136 -411 -171 79 21 -187 157 -271 -147 536 -253 66 263 23 -343 374 105 -173 42 156 -63 -123 -149 -94 -313 -3 -8 144 530 37 -148 -23 -167 174 9 -190 55 -140 360 -256 431 -35 -239 331 311 323 103 271 -398 210 -158 -92 221 315 171 104 -69 -104 117 166 136 179 146 -132 -151 20 -210 246 -154 -150 -61 -309]
[-261 180 291 -384 -20 -107 78 -85 84 -223 65 -31 -58 210 283 35 79 224 -123 -142 -22 35 -116 65 -75 -286 -3 35 -96 20 1 182 110 24 -210 -15 14 -115 100 58 64 251 258 205 82 -218 6 154 -219 66 -75 -31 39 -232 31 112 -60 110 61 -175 135 311 20 -31 9 -76 -158 -51 145 -248 319 -1 77 -180 -115 -177 -234 -97 -304 271 -5 -230 193 171 107 107 351 78 -30 -89 -205 98 112 -80 18 70 118 -181 -136 145 14 129 -20 -148 -4 97 15 -85 -65 -12 -105 95 -52 48 6 -6 -116 163 -269 177 283 -115 111 -263 133 -70 116 409 115 103 -68 102 -230 362 -89 -67 96 -298 -26 -374 -87 279 -80 190 20 -225 -6 -137 58 -54 -155 -443 53 -27 -1 -107 289]
[-127 50 -23 17 -66 -65 -23 -73 144 206 -249 -210 -362 86 86 -66 251 103 -102 -88 174 -3 -212 89 -75 -412 -336 -10 -44 168 -109 46 316 118 -130 -252 58 15 231 72 198 70 -129 118 4 312 22 280 126 119 -63 189 290 -86 -113 7 -49 -159 -95 -31 -207 291 -368 -307 1 -7 -2 -146 -217 230 -50 25 -33 -282 -169 -139 -435 -4 84 108 161 170 252 -38 -16 -95 275 121 28 -125 -40 -232 108 -205 -96 365 -52 -115 205 -21 -215 -150 -41 157 -106 -4 52 20 403 161 -136 -7 -22 -111 234 7 47 85 -205 -74 -3 -305 70 -139 254 -261 -1 233 -15 -337 -410 -185 -164 -183 -16 49 -118 -217 -72 -327 -71 -7 -141 272 -123 -141 -26 -394 300 -101 -93 78 150 58 7 -177 124]
[-218 204 -126 -205 -20 -50 78 -11 106 -199 54 -177 75 171 -335 198 -11 76 75 47 -81 -169 128 63 -27 155 -188 173 148 102 150 -247 -276 101 292 375 -104 -213 -159 185 -81 -89 -47 5 -7 191 194 197 236 -59 -259 157 -465 -43 194 28 138 119 222 19 -79 92 -34 139 -82 -146 77 124 150 435 25 -153 55 -32 -378 -82 230 229 -172 -409 -119 -77 -282 -204 -6 152 447 -8 -326 105 26 -230 -102 -208 -147 -75 100 120 -249 89 -44 171 52 97 -40 -188 -242 58 57 -61 -458 -86 5 46 -52 -148 240 14 60 12 -21 -197 -243 285 -304 75 -185 -208 -5 -74 -116 133 -17 -243 301 -175 34 59 -315 333 -272 -216 100 94 -77 -68 -8 179 137 151 -112 -258 100 -99 -77 22 -58]
[-120 -113 249 221 81 -25 4 -102 485 -169 1 -33 -192 300 -265 -224 -5 106 230 119 8 -90 -166 -163 -282 31 16 168 141 196 117 109 55 359 94 -61 -216 175 206 307 280 31 -236 113 -141 205 186 44 -389 110 -211 63 121 -92 197 94 -146 -154 -154 -70 4 138 -14 259 -2 -61 278 -191 172 -75 -173 -46 -88 -85 -203 239 -268 -147 367 -48 318 2 -37 74 -274 202 181 -291 278 -290 -5 57 84 0 102 142 22 164 -53 128 -173 -22 281 76 117 -155 -146 319 305 8 -264 -288 -135 26 34 300 -65 88 144 181 206 83 0 94 -135 13 30 -221 111 -161 -295 4 314 -329 216 327 168 47 -110 298 20 -6 93 112 191 -63 131 154 240 26 -63 204 174 -101 -70 14 -126]
[178 -3 -44 -100 -421 -83 2 -309 -185 169 287 -75 354 -191 322 225 106 16 -138 -214 251 213 -170 -103 -79 89 -65 -61 131 -163 -9 -193 74 -233 24 -36 -52 -164 29 -64 -201 163 335 107 -113 -76 -277 227 336 -197 18 -122 74 -436 161 -191 -92 -214 71 -4 -14 29 -20 13 -132 -296 5 184 -219 -204 -24 159 -134 321 150 -188 312 338 17 18 -13 293 -7 297 -122 -221 -87 117 -203 -230 66 137 -130 -232 47 -147 48 309 379 -44 -203 -192 15 -20 25 373 205 -146 -64 -457 201 -91 -27 198 -171 292 186 -214 -69 -264 132 144 32 -134 -135 187 38 -131 225 163 96 111 169 51 118 -134 -265 99 8 -111 -16 91 21 92 137 -58 -136 20 31 -226 -53 220 147 70 49 52 369]
[-198 42 78 344 188 276 154 -16 43 -124 32 -92 98 -138 66 -22 -72 -266 3 167 -294 394 326 -98 -287 409 -74 57 -290 -138 -113 128 -186 -54 80 127 -70 74 14 -5 180 71 48 135 28 9 306 153 -165 -158 54 -182 -180 -260 34 203 -238 -10 58 26 44 -45 -152 -9 -113 3 -291 -148 7 -143 54 -27 84 -267 -56 116 172 -65 86 -77 150 -194 121 -181 105 -77 418 -2 121 182 -109 -76 -41 -163 444 -119 152 -263 -212 -266 340 -245 156 -236 141 -19 -272 17 296 53 -56 -69 151 -4 318 -115 -53 69 -128 -14 -63 27 -214 151 -278 -73 -434 109 -98 -104 253 -163 10 -71 125 -108 44 -75 251 -69 -382 -427 172 54 -186 172 70 205 15 115 46 4 59 170 81 -357 -59]
[34 -97 -282 -252 -34 99 37 -137 536 -137 66 100 54 102 -185 -210 230 -46 -202 123 231 -101 -287 -106 321 -235 -44 96 270 -62 -357 -198 -44 -299 294 -173 61 -194 -183 -68 -107 -112 -29 -123 43 182 -94 33 87 -35 -103 17 180 17 111 -63 155 296 85 -33 336 83 125 -322 -323 -259 -17 -319 -77 271 292 -21 -103 77 99 -272 213 96 -6 -160 -113 208 -328 -18 4 -172 101 23 -154 178 -203 -31 -306 -103 31 38 -8 -159 154 -150 -207 -84 -161 -16 59 207 167 -285 -106 -81 68 -262 -56 -225 -2 10 -7 242 -282 -146 -68 3 -20 97 -167 -134 -314 -199 65 -269 23 -74 -194 -51 71 -108 -42 149 -133 73 153 -299 -114 172 -1 9 -103 157 -119 83 186 -9 -361 -111 53 279 -151]
[386 94 75 -97 238 272 -108 -121 -106 174 354 267 -169 135 -144 213 16 172 -119 -211 133 -129 -212 -43 148 -135 -15 -151 125 288 -115 -101 426 -122 -283 -306 98 194 108 16 -39 -65 10 215 -193 -156 80 -381 84 296 17 26 303 -70 213 162 44 -228 -35 107 -100 -410 -178 235 42 131 32 -27 11 -40 -73 2 -16 62 213 116 -109 -124 38 115 -107 -38 -271 -315 -55 127 -337 150 130 184 280 139 -100 98 -177 45 -268 -50 143 -25 -178 -77 -128 57 136 11 186 39 259 39 89 32 -113 -105 -93 112 -78 88 -242 184 28 -137 93 -338 -154 -30 138 108 158 -130 -141 26 49 19 -139 90 -111 35 87 -55 7 59 -61 38 109 -61 197 -108 42 196 198 233 -57 -249 -61 -130 250]
[117 -61 119 -457 -220 -46 -266 133 -122 27 78 99 -344 119 14 88 381 132 -129 -98 -6 7 -164 119 -148 -168 36 -148 274 152 20 73 158 335 40 -214 -286 -46 -267 -603 -65 112 -16 -249 -140 -109 -222 99 -50 -68 -329 -4 150 -299 -115 -169 -18 63 127 -138 165 232 -18 -82 -9 -188 58 -298 -48 -213 157 236 -195 100 -54 -187 218 21 -109 169 -56 324 26 86 -264 -14 -103 234 143 -289 -226 164 364 56 -376 78 35 -218 -64 56 -366 -103 176 -195 26 11 -61 149 -71 90 15 65 59 -240 -106 226 -214 -76 -135 100 276 -19 99 -70 18 -226 129 -126 127 33 -276 -202 -226 133 135 163 81 -296 -211 62 108 -150 330 -4 -51 -170 -10 67 -207 -132 -54 280 -299 -9 507 23 283]
[305 117 -643 -122 35 38 160 -301 382 -17 -486 -113 -43 -359 -204 157 62 7 27 166 -154 -116 -9 -54 192 189 158 94 11 -60 40 34 -140 -74 -122 8 119 159 -30 203 89 -232 71 -30 148 400 60 209 122 212 277 51 56 53 139 -345 -82 -120 -35 -42 -101 -339 148 -11 247 331 117 -189 -107 325 -5 -57 33 -126 156 -209 -227 298 209 77 173 55 82 321 334 -40 -291 -87 -102 214 -32 -54 39 81 62 278 79 240 -99 11 156 72 -4 201 141 -91 -80 -59 -105 -52 -16 -36 206 131 -64 -14 44 -199 -70 260 -431 316 -3 -8 -55 76 -88 -158 100 -123 -179 125 1 -131 -160 89 -336 -49 205 157 231 -32 -118 53 80 585 -179 135 108 -85 263 -102 230 -108 -162 -153 -139]
[78 -76 266 -59 70 -31 -182 -48 261 -153 226 103 31 -6 11 76 18 6 149 126 123 -315 -222 366 238 -135 50 -143 -92 -150 108 -326 -176 -86 324 8 -52 -262 -313 25 -67 181 -22 53 44 -171 -133 -129 -46 114 -88 154 -77 -129 261 -125 33 160 55 -187 142 240 145 -168 28 -194 -91 -127 93 13 -6 -436 -141 106 -8 -87 56 364 -79 -47 -136 -110 -172 -107 -139 8 75 -11 -35 151 -378 -212 -204 -208 114 -275 -243 200 -136 -87 -20 139 62 113 -41 80 511 202 -150 43 139 -99 -55 -139 -32 -416 -22 130 223 -19 14 -23 -27 -96 26 105 48 -49 -134 -138 -426 264 -93 -210 67 -177 -15 57 -120 131 63 -57 -25 -26 -243 -219 -75 250 125 72 -135 -117 -83 -200 181 195 29]
[514 -98 -224 13 -174 -203 -263 197 -274 72 187 -270 -237 -63 -52 143 -87 362 -25 -100 -30 161 -57 -277 -235 165 142 -159 150 264 -28 273 378 280 38 -147 -417 232 -498 -325 163 301 -16 -255 134 239 -46 105 139 -94 -287 118 90 -16 97 -128 298 -193 68 191 -23 44 100 165 -324 -41 -137 152 334 89 -31 92 -150 225 -121 -147 -68 -77 -60 -105 374 119 56 -88 -57 -129 -51 274 -138 -155 -273 97 86 402 -175 205 331 -41 3 -54 25 -16 -167 -338 -136 -283 -83 -191 -8 -68 102 -78 245 18 28 129 -115 -6 -265 -114 246 51 -35 137 76 89 289 -182 135 291 193 -190 43 -28 9 322 269 90 -22 400 9 -121 151 -79 157 -223 -44 -35 180 331 -46 -53 -100 -293 -238 260 363]
[-348 221 303 -158 201 87 143 40 -26 75 -318 131 -285 -76 125 52 -40 286 -12 235 -73 -53 -134 98 -67 -95 264 -195 51 183 202 -45 -74 510 -223 110 -100 387 182 -81 24 180 84 189 -118 37 178 -60 -140 -138 277 -203 -246 -101 -204 135 19 -224 142 -216 -158 8 -40 -35 257 123 45 -168 -57 98 -10 -207 -119 -291 31 -54 -338 297 -73 147 194 -74 215 267 -57 243 -71 -105 327 -111 -15 245 151 255 117 19 131 148 -206 311 86 29 191 77 133 150 -219 -4 -496 172 -26 -61 -35 -60 169 336 -6 259 24 270 -102 205 88 -2 -61 0 115 371 58 81 -324 -40 -104 283 139 50 -90 -182 33 -180 -43 54 -382 -33 115 -95 -108 -111 75 -212 -132 -322 90 -54 -169 -125 13]
[-31 -125 178 -559 429 25 -55 -29 32 125 111 -138 -2 425 -20 -292 240 -171 87 -91 -18 -256 256 -71 -52 -98 -172 -135 104 -3 39 -8 -247 97 -234 -85 -65 151 -22 -60 -148 -56 -92 260 -177 4 -143 9 -163 171 -140 -31 -4 -175 236 -117 74 -90 -153 -76 -39 -62 -7 -1 76 16 -115 -84 86 -323 -69 27 -74 -120 134 330 85 -244 -40 -23 -394 42 -256 -87 -129 -61 -115 -54 206 -22 264 177 -45 -154 195 -17 -80 164 213 -62 -114 -92 -198 -78 -29 53 -86 292 297 306 146 73 230 -72 -98 -114 92 155 -231 -39 28 -346 -48 -353 -168 -373 -12 -41 -211 -283 -11 47 -21 303 -314 -3 -299 -314 -156 61 223 229 167 38 39 250 -186 303 -150 53 73 276 21 108 164 -46 -31]
[41 69 -108 245 -88 20 125 125 -311 115 -62 -38 -358 -193 82 38 -83 101 -90 -4 -105 305 -90 -58 -293 116 -131 -183 -200 -270 -313 304 295 40 158 -92 15 330 -451 -185 344 -319 57 -483 201 146 -185 149 -93 -272 5 149 93 -60 -212 3 -379 108 79 -167 307 315 -59 238 -2 85 -210 -59 48 -4 10 -370 -113 -119 -333 7 -174 -391 139 141 420 -188 168 -103 303 -329 189 140 -158 43 -416 35 326 222 25 67 -80 -365 -28 -83 69 -239 40 -134 194 -109 -61 -214 176 222 -100 134 43 223 315 231 -175 -2 206 262 111 317 -138 0 129 62 -39 388 -77 85 55 -247 27 -112 118 124 333 -24 341 26 -419 -133 142 83 -87 -135 -154 -65 140 74 -214 -178 -230 49 -19 66 37]
[-268 110 367 -179 117 28 265 -46 358 -310 -214 -92 -116 19 -9 -134 55 132 170 333 -129 14 32 338 70 -208 117 238 -136 -68 159 7 -117 -9 -134 138 117 -178 65 263 -24 105 71 17 5 -63 83 127 -385 120 67 313 17 -65 -37 -66 -81 359 68 -152 125 284 -136 -418 224 178 -112 -311 -85 6 89 -5 -99 -104 -301 41 -407 329 -8 409 15 -60 200 -40 -2 367 242 -112 102 67 -272 3 73 -309 114 -171 4 125 41 56 -20 199 -101 274 -23 -28 -7 117 38 148 -195 -25 56 -22 -126 -284 5 28 -68 60 15 -43 -96 -113 191 -360 -115 199 -190 -227 -110 96 -332 -4 79 -181 -69 -305 -160 -142 44 47 -434 249 -384 64 -157 -199 -105 -141 35 -172 115 256 186 -290 -218]
[-224 -10 22 -39 -57 -6 492 -13 278 -153 81 -55 33 42 137 123 -1 2 516 -454 232 103 -70 -186 -160 -184 48 -210 -223 3 73 -76 -71 114 -67 180 -192 -214 136 -76 137 -47 251 -1 -264 173 -55 -39 -231 77 402 -53 -109 -361 -155 341 56 121 -170 92 -79 386 -141 -25 9 19 -317 -153 230 -82 55 -147 -139 -373 -239 -75 147 -25 58 76 358 -116 22 16 311 16 55 219 -110 -2 3 71 66 98 444 -21 333 133 -161 -52 72 -61 -55 -261 -214 324 -374 77 103 -221 -36 -79 284 114 102 151 -36 -64 -313 72 137 -173 -22 -123 222 -4 112 -67 -157 106 -4 104 -301 202 -113 -39 -104 -26 68 -151 56 408 42 415 144 -170 -182 132 320 124 62 49 -128 3 -362 -158 179]
[427 -219 92 -117 151 22 40 298 101 -5 -69 20 -280 124 52 -183 279 -140 247 -146 197 89 -157 -40 -39 -282 66 -199 -247 112 -174 210 224 39 94 -151 -30 45 19 -182 -79 -154 139 -20 76 -13 -127 33 -49 -10 204 -8 232 -22 -47 -52 -411 72 -60 33 295 126 -86 -35 -79 -1 -233 -81 -49 -3 -95 -339 -157 96 -120 128 37 -202 101 -30 -60 47 -24 -212 -98 -231 -238 244 24 -59 25 -378 -84 -130 57 -116 -148 68 101 -216 37 -249 -36 -196 4 67 58 139 260 133 134 134 53 -62 110 92 -109 -47 102 -280 148 5 -89 -222 68 -37 52 48 -218 -25 -50 -33 116 -57 -26 -21 42 4 19 -67 -120 168 76 -87 -20 -227 -289 73 -102 -18 -116 400 -144 -74 -113 -41 115]
[-594 63 -58 5 106 -411 91 137 -148 -102 31 -22 -68 -19 52 -336 -7 -78 -71 -10 -194 294 295 14 -28 376 120 -264 -204 -59 -43 -40 -213 -53 -267 35 158 192 -106 95 147 -65 128 -120 27 236 222 184 109 -152 263 -351 -377 -8 -260 14 332 278 -267 47 -225 344 -151 -210 160 71 -132 -291 89 52 92 -76 -24 -141 -221 40 -93 -7 -206 -50 -117 -293 399 -14 214 -281 -139 84 60 81 278 270 133 50 239 -115 317 12 -253 43 98 103 -135 -215 -57 266 -195 -272 132 119 -89 79 75 86 124 -1 86 -159 -23 -198 -43 -194 124 58 46 -216 -188 40 184 57 -25 -81 153 295 -17 -126 -217 -130 -177 -394 -279 23 -241 220 -111 286 -171 19 -34 -168 -5 -233 72 301 61 -180 -333]
[210 -87 85 88 -238 -66 -48 246 182 -215 22 270 47 -382 -101 77 192 -143 118 -9 -328 111 119 102 117 54 292 51 -12 110 99 -36 79 -212 283 -289 -118 82 -495 -63 -72 -26 58 -138 324 48 -23 -155 47 49 -64 16 -46 -194 73 -191 -173 35 273 300 359 -29 -11 5 12 26 -231 147 -26 43 -46 -197 -243 303 -134 -7 96 115 79 -174 438 332 -66 95 24 143 -371 -11 92 -225 -143 -129 307 -126 3 -112 -164 -145 -121 -201 128 33 89 -25 76 -241 -159 -11 -208 -181 139 -76 148 185 -154 -92 -32 -419 109 -44 151 272 -80 65 183 136 -13 -323 371 418 285 14 -71 18 -22 236 136 202 -123 350 -34 -410 -17 -162 46 -329 108 220 -71 -245 9 180 161 -176 209 39 139]
[212 277 -92 -231 -116 212 -151 116 94 -155 25 -302 -152 -205 -216 317 19 -75 571 206 -30 -184 26 205 -280 143 -17 209 33 -83 327 -133 -261 73 88 391 -143 -345 -65 -3 74 258 -237 124 -24 -112 139 191 228 111 -248 -63 -143 102 61 -12 -126 39 107 157 -104 15 134 108 -73 87 -143 -46 30 35 57 -84 228 37 -146 -281 324 113 84 44 63 79 -56 -56 21 -28 58 -1 -108 -3 -132 -136 -53 -182 -53 -188 44 148 -263 193 193 47 46 96 -22 -180 19 255 -89 -297 -8 123 274 -63 -202 -148 46 -408 21 44 -111 60 -235 388 -110 157 -78 -511 -137 -69 -114 138 319 -48 12 -98 -80 53 -132 196 239 -189 434 -122 63 317 166 311 36 24 -119 160 19 -140 -106 -169 -4]
[-351 -142 269 -201 176 29 304 -45 256 -96 -223 291 288 -145 -44 -126 77 -135 -51 126 -127 174 -100 92 94 -163 318 281 -395 -103 -71 -96 75 3 3 -29 207 -161 -69 259 -97 -95 53 -34 -62 -57 -33 362 -198 44 190 134 -79 -58 -56 69 -191 302 -235 -175 24 -2 -161 -162 372 179 253 13 -142 -61 -30 -179 -204 259 23 128 -261 39 183 -106 -167 -229 105 -108 149 93 -236 -269 202 175 -195 -166 -163 -42 240 -178 -265 123 50 148 47 39 -95 447 301 -76 -128 260 61 68 10 -9 -359 -113 49 -373 65 -62 79 167 361 74 -80 -140 210 -64 166 87 71 -142 49 131 -107 -104 223 61 -60 76 306 15 15 -40 -268 -11 -386 1 260 -296 -161 54 121 13 100 41 193 -149 -79]
[117 227 -192 55 -57 -217 -3 -85 -42 -181 -298 -163 247 -146 -117 138 -340 147 -58 340 -195 104 -330 -84 37 147 -2 37 307 34 128 -179 -287 292 -403 140 197 -14 316 117 156 25 -265 -187 145 410 192 299 261 26 189 -183 -236 91 154 -285 334 112 52 -253 -21 -43 78 -7 334 239 356 -386 -222 -6 13 254 188 -122 371 -314 -136 280 106 229 -129 -37 178 98 258 3 246 -186 52 168 -174 213 1 31 -37 14 -15 -188 -405 103 -2 122 116 151 -71 99 -290 -93 42 140 -103 -112 -145 -57 251 208 -25 33 -14 130 -160 219 22 20 -7 62 -64 -7 61 -135 -31 175 -106 -52 -63 77 -168 -3 -75 -32 -45 121 -78 88 -27 490 -23 170 -177 -212 171 -386 -100 204 67 4 -279]
[-34 -117 -176 308 193 25 132 160 127 -63 -123 283 3 18 -15 -238 -195 -219 288 -133 91 17 45 -101 197 206 -117 -298 -104 27 -261 110 -24 -248 -169 -123 -23 148 -221 285 181 -16 -108 41 255 26 -35 -400 85 -179 124 68 -269 23 -33 -138 145 71 -108 -24 129 -309 -128 4 -114 -43 -388 85 477 99 -61 -304 -35 -182 -141 309 -128 -132 41 -249 297 -323 -17 -109 187 -375 109 39 46 192 1 -144 -21 -198 146 108 -159 -70 239 -499 -95 -144 -245 -112 34 -86 -210 -51 111 -55 8 -162 194 147 14 -323 209 -344 186 -95 -86 -224 -96 64 16 214 137 -43 -122 7 148 289 -9 -210 -208 45 257 -35 -4 211 -212 -118 290 -34 40 -157 129 213 122 139 303 137 50 -37 -62 12 176]
[77 -35 -74 -504 -62 369 6 -46 -83 157 8 212 10 59 91 -147 -103 -36 -63 113 -154 162 -327 -311 185 -15 71 103 -178 -72 203 -43 138 89 -140 -159 64 19 -21 -220 30 -103 -85 -75 -19 235 -213 161 -253 -56 192 89 232 -101 -110 -121 36 -248 -247 0 -181 4 -64 56 152 -284 155 -124 -93 230 92 221 -113 -9 28 -63 -186 -160 71 131 88 -90 517 -100 23 71 -309 -169 33 64 -143 218 -31 88 136 -64 -40 136 28 5 13 -248 3 73 -44 117 -36 -191 11 27 228 -79 116 289 -70 -28 -259 -146 -204 52 105 62 -17 134 53 -242 79 -53 172 -269 -9 -66 -68 62 59 33 -27 35 305 -29 297 106 -312 194 94 9 58 -266 -241 -101 178 25 -230 45 -56 42 -21]
[-376 40 11 -168 -48 206 -46 -372 -88 199 93 -154 -112 -366 137 428 -267 276 -45 148 83 -88 130 137 64 12 241 348 -109 -100 84 -100 83 -144 163 230 351 -25 245 149 19 185 188 -55 21 -116 205 123 -81 225 133 154 68 13 -144 192 -113 -70 249 5 -108 -84 217 280 307 250 -94 237 -219 94 -89 123 282 -33 83 -374 -149 296 -81 97 177 173 114 35 -71 431 -133 34 -279 127 -188 325 89 44 -7 -147 14 210 -160 308 93 308 195 7 -5 -92 122 -231 -224 -471 -184 77 -32 1 -158 -65 -60 211 -197 23 -152 404 -70 -196 212 113 136 230 16 124 88 -255 164 516 172 -51 157 307 459 -184 -60 -125 -325 237 49 258 128 -214 189 -116 -39 -359 157 -210 -303 153 -187]
[-101 127 54 34 -71 -399 -406 116 39 83 99 -222 136 162 -221 -105 -183 348 -177 -185 90 -39 -90 -105 58 185 -287 63 195 -213 61 -7 -147 -211 448 96 121 -20 -227 363 -61 -372 -8 -96 -50 187 29 92 50 51 -215 109 17 -6 143 -68 164 -171 -137 32 -181 61 238 5 -150 100 145 163 -168 -105 -8 -139 132 -42 194 -63 22 211 -195 -325 -386 122 27 -136 -111 -65 111 -46 -128 -153 -169 19 -33 76 -208 -155 -80 451 57 87 -222 320 16 -420 -30 -113 188 -43 -263 26 -354 -137 -33 254 78 -1 58 251 246 -321 -260 70 -76 -142 -357 8 -66 -35 -120 13 52 -108 -34 -68 13 -46 -219 -188 -206 319 -70 -81 182 -34 60 -163 -200 15 -103 333 -183 117 260 160 -108 0 -161]
[-154 2 292 -39 -214 133 451 561 -51 -135 -80 56 84 -250 -102 196 -29 -110 393 -265 -234 311 -137 28 -172 59 -78 -69 64 24 314 -126 -60 -129 94 277 -7 -152 11 41 156 -77 -46 -265 -147 88 38 107 -337 23 257 100 -77 -250 -29 128 -213 -123 -64 -364 24 84 -231 222 92 157 -105 -253 -145 -140 -60 54 24 -212 -172 7 -130 137 92 207 308 -175 183 -168 -157 -13 292 -107 25 3 -289 41 289 -1 208 -169 -164 -30 -215 -110 23 58 414 16 -282 206 -192 390 151 71 -294 -142 -1 245 192 137 -215 -229 176 -16 -47 126 -49 110 52 45 98 151 -132 155 -71 328 -310 -212 -1 92 279 -222 -28 62 -92 87 245 194 2 -382 -14 282 206 184 -129 -92 -76 60 95 -15 1]
[-414 -262 280 -218 14 -424 225 226 30 -52 -20 66 -94 259 -107 -82 234 -204 -262 -8 -29 -41 241 -40 -55 -207 -155 -45 -81 233 -78 -333 -268 -20 152 58 89 -15 -241 -238 -275 -172 127 -307 -108 -118 -10 253 -8 -25 3 84 -144 99 -210 -335 -96 23 79 95 266 20 -21 86 -40 -36 -134 -41 -32 111 8 -164 62 294 -224 114 337 -129 -159 -301 -371 58 -54 -60 -91 -136 -40 -52 -142 100 -41 -154 123 -40 -283 -223 -88 -266 -287 -3 -76 96 18 -205 -98 108 -54 -47 11 173 -237 136 -253 -303 -69 -73 222 -294 56 -68 54 5 -124 -88 78 -197 -326 -108 -23 -110 151 -88 -144 115 91 -161 151 69 -110 -158 -112 104 -106 -136 -356 99 -109 50 -216 0 -35 296 -278 190 272 103 -80]
[202 -271 193 -295 -238 140 39 47 175 -332 -171 -37 252 8 126 84 -141 -188 342 -219 -22 -45 -270 -120 161 104 185 -117 129 -116 297 -62 -179 -220 43 -41 8 -291 4 108 -38 -145 -90 -108 12 -49 -96 21 -194 87 -2 -140 -6 85 84 -229 -23 50 8 -196 94 -109 158 26 264 -135 295 55 -126 77 197 13 343 18 10 -40 -36 166 -55 86 -212 -191 41 28 -109 240 -299 -42 -69 23 -305 49 27 -45 -94 -123 -198 283 -34 -51 143 421 21 -64 -112 87 18 9 -325 -129 72 101 -38 221 -52 -315 57 -178 207 119 -284 15 -289 -54 77 127 152 -421 118 262 176 280 -33 -74 91 -137 260 24 292 345 427 174 250 -63 341 -107 283 -19 -77 167 -46 10 -22 -20 187 -23 -106]
[267 -7 -251 -81 31 -96 37 71 130 -67 159 -201 28 170 -102 38 -249 249 54 295 115 14 398 112 2 0 -75 90 99 107 -134 -17 -230 75 119 277 43 66 -168 62 -45 -173 99 -92 13 -42 272 -263 39 9 69 -106 83 93 -172 240 -30 97 30 383 104 -136 161 171 -206 72 -268 184 71 118 85 130 19 76 159 -176 338 -42 -167 -81 -11 302 -208 301 -115 85 43 93 -57 -259 38 -1 -79 -35 -7 -181 242 -47 -27 123 152 -35 -109 -567 192 75 -215 -334 -201 13 -103 -176 -13 314 -52 212 67 246 -234 225 149 360 -101 135 -70 -69 -258 -175 136 121 312 -210 156 278 38 -68 -143 -6 -135 13 -32 -194 -192 -4 170 68 -203 277 -28 97 64 -116 -188 -52 -56 -39 -251]
[-220 -173 249 -311 -74 192 267 -215 316 -83 109 52 -47 -111 425 74 -2 -246 -240 42 -33 -224 -193 76 35 -267 332 249 291 -8 243 -164 -128 -35 252 -71 -154 -243 -14 14 -304 385 1 55 162 157 -184 216 -243 10 -119 262 115 -129 415 -108 13 -200 328 -140 107 102 126 -19 -111 -223 -130 189 -259 -52 159 82 -94 -16 3 -261 -120 132 -83 78 190 53 -95 271 -243 268 177 -351 -173 29 -223 192 -8 -17 37 0 -35 -50 161 54 37 107 253 351 -269 -21 200 78 -164 -57 186 -96 43 -85 -66 69 -4 58 -217 12 48 106 3 -42 121 -50 -35 0 130 44 -104 -100 -230 37 223 -52 175 54 -1 -34 101 31 -280 43 -35 -228 -17 -48 -79 -276 -155 -187 -85 -303 178 389 138]
[239 136 3 72 -91 -184 6 481 202 -453 2 54 -122 -107 45 25 172 -20 5 11 -80 331 -229 160 289 -208 97 -189 -79 91 17 -61 128 -275 -15 -205 185 17 -185 96 107 161 75 -24 546 -158 -10 -94 -98 -188 56 10 89 -110 -39 -202 114 237 250 -37 169 238 22 -134 59 33 -105 -262 181 60 190 -83 -51 19 -168 -53 -302 93 -142 280 -139 -122 351 19 -10 -74 100 108 -120 -6 -198 -210 114 7 -195 21 -157 -99 -354 -58 -34 2 58 -105 89 -100 -4 -171 147 84 -149 -110 -117 -54 9 -194 49 -151 25 -84 -200 36 8 -40 262 30 28 189 156 98 -223 182 -252 -33 -100 -126 82 91 -101 -151 -48 -44 143 -24 -129 -295 -365 47 0 -167 45 -273 -34 56 120 78 48]
[-13 -53 -76 123 4 -632 554 202 191 -166 -269 -124 313 -77 -110 -1 -125 152 56 -64 -46 301 304 -47 102 -42 280 -311 -39 107 -42 142 -172 307 -77 80 -222 212 19 71 -5 -232 284 -221 -125 -89 -97 -16 -140 -113 413 -25 -351 -126 -160 -221 77 173 -129 68 199 -30 5 -189 13 259 112 -50 -89 -114 188 -74 -135 307 68 236 120 166 131 1 0 303 -230 182 189 162 -74 43 249 18 36 -215 129 -33 -44 -29 182 -61 -241 -97 39 152 -32 -11 3 42 -300 -33 -24 432 101 53 -87 -34 -121 -129 91 -47 69 1 219 2 40 -184 212 -3 122 -49 -128 270 63 458 -364 37 -188 65 22 -111 -89 112 96 146 -76 -141 -237 -31 -275 176 -73 -30 377 436 175 225 87 -6 110]
[-172 -4 -312 210 -321 -389 -169 -105 106 -247 -76 -9 252 2 1 -74 -146 -51 -229 -16 -231 8 -65 74 327 -210 185 83 172 -63 -109 -79 -95 -13 20 73 30 -87 -49 278 -170 61 -63 -146 231 -42 95 -70 -154 -85 41 -65 -176 119 48 -247 1 198 95 -11 66 -175 175 2 -12 -259 163 176 82 12 204 321 459 271 275 -128 27 42 33 31 -123 149 -99 156 -100 9 86 -260 -91 18 -36 96 105 -235 -41 26 229 -65 -123 -221 117 129 -200 -100 -91 -127 -49 -137 -34 106 54 -261 -63 138 -304 -32 -96 58 33 -371 39 -106 5 44 273 277 -172 -304 31 -18 192 164 -120 -9 114 37 299 4 227 129 87 -19 81 15 -93 87 35 275 -102 -30 179 -326 45 -43 13 260 -113]
[-461 39 182 629 -56 -203 167 -171 104 126 9 -104 -279 -108 58 -115 -74 36 216 -109 217 -38 82 177 63 -55 -148 114 -20 110 18 -115 -7 -84 -165 74 174 -21 412 -209 192 157 2 168 -380 -62 -69 -37 12 -137 32 -75 432 134 -349 199 -4 -138 -196 83 -120 -15 63 111 3 -80 -49 117 -44 -193 48 233 40 -117 -175 -93 198 -61 27 124 -111 -241 250 6 -131 -75 53 198 -83 -188 331 15 93 81 -185 9 -111 78 156 362 -169 42 18 168 -89 197 132 192 -45 -80 -278 144 25 38 -65 359 125 -105 193 -271 9 200 129 -95 -279 -152 87 11 -160 55 -200 -185 174 251 285 -25 -188 -74 -111 -318 -365 91 22 7 106 92 193 -263 53 117 -138 288 -122 189 -36 -74 -88]
[-161 26 316 97 -208 335 122 -253 28 -21 188 25 136 121 11 -232 -35 -242 428 41 105 -135 159 -192 -242 238 -125 19 59 167 44 41 197 126 -117 39 39 -41 143 -214 -138 82 41 326 -235 -27 -183 66 -193 18 -179 36 80 -14 19 -276 -95 -262 -145 -214 -124 73 -257 167 211 -226 7 128 153 -190 -146 142 -96 -210 -214 130 195 -251 43 -126 -32 -76 -150 -150 -33 65 229 -109 96 -58 326 169 109 -298 260 -114 -284 -33 287 115 324 -96 -102 402 -120 106 34 244 73 -83 -50 144 29 30 135 -90 413 -11 46 -143 65 -300 -35 158 -49 28 -127 2 17 -112 -64 -215 100 37 -37 -84 168 6 -219 29 -21 -121 68 -62 32 -205 151 -176 -66 -235 108 184 -15 -58 89 0 151]
[-19 -167 -60 322 -104 -41 -31 -27 283 -186 -170 314 112 92 52 -101 -63 -190 -139 134 -79 -107 -340 53 174 195 191 115 26 155 41 -251 -238 -39 84 49 108 -78 67 280 -155 39 -53 95 93 274 152 130 -151 -15 172 94 -104 -182 123 -303 -67 0 25 -242 -168 87 -15 87 153 -84 0 244 151 259 40 -91 55 -298 -101 -80 -341 -39 88 -322 -40 -310 126 243 147 -65 102 -201 -227 201 17 -22 44 70 -6 50 -118 167 -121 238 90 58 146 324 107 -109 -253 -2 -337 -199 -128 -236 -89 86 51 -90 202 -72 22 49 -38 43 78 77 16 196 -30 -65 350 -178 109 66 107 -137 190 -169 83 99 75 -10 -185 -216 -242 -124 -257 -40 110 -136 -95 -88 195 -251 73 -57 43 29 -286]
[124 383 -20 227 -20 -155 -300 180 -61 -89 117 -249 194 -131 251 8 -176 189 356 -282 173 234 -45 -42 -74 -66 -232 -524 -292 -123 190 -169 -355 6 108 122 -130 -119 -101 -152 -37 35 -61 41 132 -117 -35 6 280 -205 -184 52 -144 26 -196 224 181 265 134 -90 -145 158 -185 -33 20 3 -242 51 -72 52 -33 93 -165 192 34 -98 -53 195 -142 146 -137 125 53 203 -103 -324 181 77 24 -37 -67 -173 -238 39 107 -89 142 152 -1 238 71 13 -169 -433 -236 153 164 46 -19 48 44 98 31 49 -87 -314 160 150 102 -340 -163 -67 14 -107 -23 37 68 -67 -197 106 -37 54 -158 91 -215 -249 -78 125 124 163 149 38 165 209 74 -28 -270 145 151 39 -86 -14 178 -123 9 -14 109]
[197 123 -97 -264 -134 -13 -83 370 -110 -165 -163 88 343 -362 -408 88 80 2 296 -247 -137 71 -63 -208 382 99 -5 -145 -37 47 119 -357 -220 -28 179 -33 3 2 -102 -348 132 -294 0 -465 117 -257 149 -283 -2 -83 406 156 -175 156 -434 -51 365 176 218 211 -117 -61 131 199 -58 159 -113 -161 145 87 -217 331 77 -29 181 -303 203 287 -231 31 -267 137 44 97 15 -116 -411 293 -65 -195 1 -36 19 503 -45 30 92 46 -452 -93 141 -23 -45 -484 -25 -90 -294 -123 -93 44 -335 118 66 -38 -75 -158 46 -79 -377 -135 -153 -208 -2 58 82 61 51 -279 -29 234 3 -157 -473 -68 66 209 338 -18 248 287 -51 -180 103 179 60 -297 -346 -71 -271 200 447 -30 -109 -302 -322 122 -193]
[256 21 7 -9 211 163 81 183 74 -34 38 156 -244 -26 104 -7 53 -45 -217 187 -240 -35 -116 127 43 -7 76 175 80 -178 127 -154 45 -148 -126 -7 71 -154 83 35 98 174 -31 89 -40 -17 157 9 -258 -4 -96 361 278 -136 86 130 -190 -126 41 -162 109 9 285 89 -230 36 -306 -126 333 -117 72 11 -156 -71 -80 -223 -99 73 159 244 147 -207 191 256 -125 80 273 36 -125 -171 -266 74 26 73 11 57 -75 -71 -76 -1 -61 -51 328 315 51 -124 1 -93 -120 -40 -64 -288 111 -94 -159 182 -192 -46 -145 223 65 417 79 11 -206 -85 36 394 -237 -218 -198 -38 52 12 -133 20 78 -73 71 -204 -78 210 -71 -28 -1 -58 -47 72 31 68 13 -254 -8 83 -295 32 71]
[252 -2 131 -335 -63 112 -37 368 -54 142 47 291 200 428 3 -266 -137 82 -120 -166 -72 -255 134 -9 258 100 -174 -236 84 -20 -318 -143 -234 -41 -363 7 -81 -83 115 -242 18 -60 -101 -237 73 -335 -45 -353 -151 -293 146 -56 -379 111 -41 13 517 -29 115 43 -176 -245 61 134 11 -63 -112 -93 182 60 -54 369 -43 -130 208 97 204 -70 -278 137 -351 -244 -66 4 119 180 -81 187 158 191 401 56 -16 72 -126 80 -229 75 -72 -137 105 -237 81 -80 57 -68 84 60 -222 264 -121 168 19 23 74 -450 -6 154 -290 -157 -194 -459 48 68 101 -194 79 -29 -48 -101 -23 237 -119 89 54 43 68 -268 -99 -67 1 -202 196 -176 -145 -153 -276 -56 -180 -75 353 167 -229 -150 136 -97 -75]
[-251 184 -362 55 11 -315 -107 150 40 -307 209 -275 -158 -38 -123 -21 -79 -23 8 372 -92 54 201 13 -58 186 -81 60 12 -23 -45 55 -117 338 286 96 -68 22 -303 -85 151 128 -190 -71 35 5 73 219 14 -175 -13 -244 -343 -133 110 120 273 147 99 58 -60 362 10 -266 -195 -279 74 -365 166 25 161 -9 -17 310 -198 -46 218 33 93 -133 -206 -11 129 3 50 -42 289 -96 148 -23 -137 -99 13 74 66 72 348 92 -446 -47 47 -44 -28 -136 151 -104 -129 -177 569 197 -184 -123 80 -143 217 82 -28 199 -149 -55 262 -6 -131 151 -306 76 -101 -135 64 -113 -256 -23 92 -203 254 -45 94 121 -163 140 -401 -294 102 247 -270 312 -152 446 215 -44 -143 -71 116 60 1 157 23]
[142 -22 25 156 105 -62 202 280 56 -245 35 89 262 -77 198 -10 315 -272 -53 -50 14 -108 -219 -41 167 -300 151 -76 -59 -152 69 25 62 -106 55 -218 -35 99 210 102 54 46 171 27 70 -156 -113 14 -373 -35 309 -134 -30 -37 89 70 -236 192 63 -149 57 364 107 47 -10 -26 260 48 -16 -67 266 -85 122 60 -149 59 -65 -378 53 48 -50 -272 43 111 158 55 7 -77 52 393 -51 -134 -11 275 147 261 -49 -165 -164 16 31 13 55 210 134 37 -159 43 105 -27 -8 30 -228 -224 50 -82 -69 -51 -203 239 70 -57 294 -238 211 198 83 56 155 142 102 274 -208 -8 -111 -144 -36 -9 291 -136 5 106 -18 -136 -148 109 123 -58 -55 8 132 -79 -21 109 124 158 184]
[-208 187 243 -123 11 178 84 18 -367 54 -46 -254 -30 -79 181 403 77 39 308 -86 306 100 -201 179 -385 195 32 7 85 259 -85 72 190 263 198 216 46 -302 111 190 54 132 252 -10 -271 -145 78 311 152 -1 -119 39 -75 -202 -204 -259 -21 51 95 -157 -87 195 -202 -108 -149 -159 112 23 171 -91 -317 -87 292 51 -323 -161 -29 67 -200 -36 -13 -34 -25 -24 -106 -165 250 43 -248 -48 -199 46 17 -180 -153 -53 347 10 -28 71 -269 -33 111 -54 -120 36 -7 126 175 -142 -157 103 -102 -46 55 63 132 -201 -158 73 171 -132 85 206 152 200 84 59 89 92 -358 -22 99 -170 39 -64 319 -241 -143 -271 -429 110 207 71 -20 -158 -301 -89 75 -39 -342 -141 184 15 -308 -25 267]
[234 156 -149 238 76 -291 -95 331 -237 -8 -56 -40 135 252 -147 120 229 321 29 109 -182 76 265 48 61 62 -279 -88 -9 -78 16 42 -164 -170 81 14 -73 -253 -523 -241 -188 -192 97 -220 -24 227 -121 185 80 -198 -164 -49 -302 82 30 -168 79 261 234 -131 213 127 64 -67 -68 51 29 -233 -21 84 12 -263 -31 273 -69 -302 211 169 -293 -151 -243 156 -177 -118 142 -64 64 -76 -272 114 -223 -86 13 235 -44 119 236 -148 -109 49 -401 109 27 -324 67 61 200 -78 -236 -123 -71 -217 136 -196 -172 -165 -88 35 29 -41 -142 32 -4 94 35 -315 -119 -131 -89 -35 62 161 -194 95 -248 44 -211 -302 -191 79 -31 -275 225 -68 -188 42 -159 163 -55 253 -84 -290 -214 161 146 83 -51]
[-241 -12 58 -243 -54 320 -195 256 -5 -164 140 -13 181 -218 131 -32 217 -321 216 -39 -149 8 -51 -2 -16 105 27 159 -159 -306 124 -48 -101 -273 175 -144 27 -390 61 42 73 16 -180 -62 43 -24 -60 254 -216 83 42 -61 7 -107 -300 13 51 -9 -118 198 -138 260 -62 -211 86 -19 107 -209 -11 -148 -73 88 1 54 -181 -67 66 -48 -51 163 102 9 289 -2 191 58 -357 -60 5 28 -240 120 84 184 190 69 106 173 50 -157 -134 -75 51 69 -154 29 -63 -70 120 -367 -71 169 360 -69 -148 -176 9 -246 -342 4 -38 -21 -105 105 150 -251 -63 -172 180 -136 19 -119 -96 57 11 -76 -145 -45 -36 -77 171 38 89 96 -60 161 -36 -137 -156 -191 -84 164 186 123 -64 -61 -97]
[-272 111 188 -41 78 284 -43 154 -416 -141 139 167 -38 422 117 278 12 14 173 46 -154 182 -89 36 -290 -174 -89 212 -192 311 112 37 193 132 -270 245 4 -317 -37 -254 -49 43 -65 102 -376 -171 120 54 -6 -258 -217 -98 225 -272 -217 196 -211 -157 -168 -85 29 -45 -492 19 -103 -189 232 210 14 -135 -10 242 167 -100 -202 40 198 -280 -230 171 -155 -158 99 -247 188 78 148 -76 -199 -45 83 -255 -33 -95 -307 111 174 -242 123 -47 -107 -425 -23 56 -61 146 -47 18 483 -50 -105 172 -127 -93 -204 163 -268 -139 -200 331 507 -336 -87 284 -311 -1 -90 43 223 -128 -31 30 58 -212 123 -230 -87 -113 -99 -403 -326 94 208 34 -15 -226 247 -145 55 -52 161 91 -393 -38 17 -220 245]
[270 -192 -12 -158 208 46 -3 -121 64 84 468 -16 -234 171 -168 -172 120 -62 -293 207 -159 -42 426 244 -205 62 -181 99 -127 -152 -244 327 84 50 -82 -379 -92 -19 -205 139 130 54 -162 -81 210 -77 101 -120 -183 60 -264 -97 199 17 147 27 -33 -49 198 450 243 98 215 28 -297 35 -54 -143 53 -46 125 -145 -95 -41 -63 133 246 -379 -27 -51 -427 58 -149 -67 85 205 38 42 102 0 41 13 76 119 -132 23 49 -268 53 26 -63 59 89 -211 119 -174 104 -89 -25 273 141 -51 -32 -311 50 35 65 74 -275 401 459 147 13 -222 145 -384 -125 125 10 -243 27 89 163 120 -306 -214 -190 -197 -104 -193 25 -135 -38 -157 -93 117 -89 179 58 150 -128 -11 -132 155 254 -161 -190]
[78 93 -209 41 -110 -329 -156 178 -49 -124 -48 87 -160 -29 -25 -230 -83 19 85 94 -140 -246 -114 96 221 278 12 -20 136 -180 112 -38 187 206 -14 -217 129 167 -296 -177 -228 -202 -101 -250 140 -52 -279 -117 99 -41 93 224 -54 67 110 -304 144 -71 201 -151 53 -13 130 -84 179 179 -85 -135 18 -73 -113 -16 -312 163 270 -64 -114 31 -144 59 -318 157 150 107 92 -95 22 91 80 -107 42 11 157 209 -314 -76 -272 102 -10 73 -84 289 -99 26 47 -276 197 56 -65 85 -237 244 -174 -24 146 26 6 19 -6 -161 -221 45 8 -210 175 -5 239 -178 -173 -30 -270 -98 -216 43 -224 10 -154 -143 -154 222 -188 -130 139 -145 -196 -21 -197 -193 -170 -315 124 138 -107 -290 215 120 -112]
[4 -197 177 62 -142 -216 459 -58 264 -145 -272 9 141 44 185 -17 181 -134 -43 -138 191 -23 52 -27 -193 -399 -60 -59 230 375 -62 44 -171 137 1 133 -204 76 259 -104 9 221 197 366 -165 211 -236 145 157 86 58 -285 195 -173 -5 45 -242 1 -117 -22 250 226 -84 -93 41 -80 94 -7 -112 -159 296 -102 -200 -89 22 -322 -88 13 215 -60 504 207 -400 257 -229 -16 136 -39 149 0 1 -218 98 -168 225 165 25 -434 137 157 18 -322 -59 98 -150 324 -182 177 26 30 292 -187 -161 -110 187 394 212 92 -130 135 243 181 85 -46 -26 64 -36 79 398 87 176 -26 -25 34 -45 70 -59 -31 -210 -85 62 100 -3 -121 71 0 284 75 211 36 -196 -75 165 306 208 -125 262]
[160 145 36 96 29 96 -22 227 -88 35 130 114 -77 143 -306 47 -96 217 -44 175 -331 -36 -40 -172 -63 148 309 152 -102 60 37 -133 -15 179 125 224 -39 105 -317 -129 -350 -141 196 -204 106 36 208 55 155 43 -163 290 -188 53 278 -51 229 68 245 -60 -2 -26 30 163 125 346 -19 102 -54 227 -144 -55 -259 428 -58 118 54 113 94 -138 -39 149 -198 -372 103 107 57 -116 -17 369 25 -66 -326 112 58 -228 -140 -143 -174 -14 133 -93 75 257 -72 -271 306 198 6 100 -15 -169 32 -137 -30 -105 -388 341 199 -157 -95 -69 -95 181 -13 189 -188 20 -97 7 29 -53 -51 -334 -6 42 -96 315 -13 276 -30 -510 -181 -158 -272 -106 -195 -100 -125 -278 108 -280 -34 -352 5 89 -24]
[362 -246 32 424 244 -128 -362 319 -21 -77 292 434 -55 435 66 -309 -70 17 -45 189 51 -75 -198 17 326 51 -130 -440 13 -55 -61 6 30 -77 -179 -490 117 299 -399 141 -113 -139 59 50 270 -60 -123 -208 7 -117 -74 -302 288 167 107 -73 212 21 -65 -70 63 17 67 -30 131 1 294 30 -88 18 117 -126 -238 285 162 200 -133 -217 -42 -14 -414 44 246 77 -12 -32 -487 -211 143 180 118 -8 -181 331 -148 -116 -207 165 167 24 -421 -291 101 -233 204 22 166 -66 -145 126 235 -91 -369 -199 114 -157 6 -2 25 300 -15 153 22 -263 -38 243 248 19 211 -236 86 89 194 -97 -41 -322 -404 223 -72 134 36 -170 1 -134 -155 219 42 64 -74 -97 285 42 -160 39 246 83 -123]
[101 113 74 -88 -50 240 116 293 -159 27 407 -26 9 310 47 -24 332 -9 -211 -92 -328 -142 181 340 -366 15 -103 92 164 -165 87 -198 16 -157 119 242 -34 -104 -3 0 234 131 -118 50 15 -327 -125 109 -88 -13 -284 137 7 -273 132 129 -145 -42 162 -171 149 393 127 398 -29 -118 -192 49 111 -65 103 -43 -84 -226 -211 -231 349 15 -145 34 144 -61 27 158 -48 186 77 177 -95 -18 -55 128 126 21 90 -207 -144 -210 -179 3 137 -250 233 139 74 -242 206 -32 -182 -109 44 -55 -147 -115 265 168 18 90 -244 99 183 -99 123 101 43 -8 -124 242 297 -54 -114 -20 117 -85 170 51 220 -86 -37 -230 -412 -84 110 -125 -1 -280 -138 -78 295 -121 -86 -172 57 -54 -32 -222 79]
[-239 70 -521 -118 132 -191 -239 117 54 148 -150 -383 11 179 -128 -291 203 -60 78 274 73 -5 155 -120 79 -95 -189 -117 203 -168 120 -46 -230 135 131 -126 -176 265 -203 45 20 69 -142 -184 138 348 -45 -323 71 -138 48 146 -10 -277 -5 -161 155 12 48 124 79 134 150 18 -241 -271 -257 -279 67 -55 -51 -132 40 -187 -27 237 -84 -198 -140 -152 -368 134 60 289 -496 -219 83 73 -29 -408 36 -30 -47 13 -38 167 33 391 -34 24 -338 -220 -273 -340 -36 105 -190 28 274 324 82 -279 155 279 12 227 157 35 -46 -50 37 60 160 38 -103 -207 88 -206 -248 -206 -248 -13 -44 180 -64 184 -35 -157 -57 168 -173 181 69 149 72 125 -397 346 127 156 87 331 -116 117 -129 213 -307]
[-85 -60 -108 -235 7 -532 -194 135 73 255 -513 100 45 324 57 -253 129 355 -128 -100 88 -18 128 -121 222 -170 103 -301 101 211 -100 -99 -56 -32 -363 -248 -136 243 -247 181 -49 -177 33 -154 97 415 140 -77 56 -86 63 -50 -377 161 -158 -61 180 149 -170 49 -175 -229 64 139 -48 125 -34 221 -86 38 110 -108 39 13 187 -196 -90 17 -182 -103 10 91 80 45 -147 -116 -100 91 147 -104 36 113 171 140 190 155 9 41 91 17 -276 46 -108 -428 24 106 -210 -127 -401 89 -12 -257 280 159 -39 -136 -112 75 19 -241 -94 -65 233 25 330 -79 53 -37 -306 131 175 -46 -255 283 -40 411 -127 -424 24 215 32 -182 -32 -44 51 -113 -158 -4 -90 168 -15 -165 -17 102 -65 57 116]
[-22 -228 -140 -38 -356 11 -7 -193 -11 -287 156 172 314 -25 174 52 -181 13 -206 65 191 41 174 -119 40 -145 -59 -27 40 8 -162 10 -56 -111 -21 -50 71 -115 -70 -250 -208 -94 78 -21 41 -190 65 -7 46 -4 202 -80 -86 268 -17 18 0 196 -18 -86 204 -148 -49 -318 98 10 55 71 -145 -144 4 -30 -13 505 258 -12 280 60 -90 -184 -249 -65 -149 34 292 97 -139 10 241 236 -9 -21 -247 124 -27 33 107 -146 210 13 295 233 -260 80 -97 80 50 -148 -482 -58 52 253 -97 -53 72 -388 25 22 159 -92 70 20 96 -69 117 220 210 38 185 328 505 14 -119 -26 -163 -168 60 -44 98 8 84 -23 -245 -42 -77 261 314 -109 -119 92 1 77 -269 -26 287 -49 100]
[98 -163 76 49 223 56 -18 -50 358 -192 -52 -66 -282 254 72 5 -196 21 -161 243 245 -137 -211 108 51 -407 -44 68 113 67 -103 232 -48 237 -313 9 -78 58 256 165 37 -81 -71 15 -215 -148 275 -243 -328 127 -26 -178 372 177 -269 356 -170 41 -117 129 132 179 127 -46 -88 234 322 -61 -91 -106 279 99 -21 -189 291 29 -149 -413 135 71 -52 122 -187 64 -187 -41 93 9 205 -61 75 -88 -115 94 -331 -5 87 -254 -51 192 -68 65 205 -181 -22 100 -164 33 -156 387 54 174 -102 -97 116 -18 -331 177 -78 364 87 257 115 214 254 114 -24 213 -91 22 -184 -43 -206 160 -177 -59 -287 -25 -237 52 196 -50 -161 -168 176 -23 172 -257 16 27 48 165 -125 -25 -84 -109 -165]
[-403 54 17 143 -14 88 270 -122 167 -231 13 43 -94 58 -350 239 190 72 220 -214 -78 -18 448 320 -153 172 64 394 215 90 190 18 1 129 401 393 14 -223 130 -66 -184 -98 155 -39 -510 -187 -100 115 178 245 -184 57 93 -119 137 8 -295 126 -30 -59 83 -175 -146 -48 -34 4 -61 -44 4 90 157 291 280 -299 -103 41 170 166 -63 -272 -247 44 -154 -93 63 224 294 -35 -144 132 46 -174 196 -351 -216 -277 111 -5 -230 209 200 359 21 233 102 -345 97 164 63 7 -207 -91 -270 -46 -176 -97 146 -67 60 222 154 64 9 -49 -319 79 -183 71 110 -73 44 85 6 -105 84 -97 82 -30 -115 -9 -125 -94 119 25 -224 -56 7 112 4 136 134 186 -75 218 4 -187 -66]
[-94 172 -158 269 -341 -283 -42 127 134 -253 -328 416 128 91 -254 -113 283 317 -12 52 15 138 -8 4 243 -344 -163 -360 234 314 -233 -181 45 -139 -153 -160 -25 -24 -425 -175 -59 -132 273 -142 69 116 -31 -238 142 47 101 177 -26 135 -46 -319 140 305 88 -76 392 -409 -121 -218 105 99 -14 -164 131 -36 38 31 -32 442 161 -52 263 194 12 -279 -206 264 -231 -113 159 -228 67 84 104 364 -7 -107 56 -161 -260 207 -19 -406 -52 -13 -23 69 -230 38 152 117 122 86 -171 39 6 -251 145 -256 -141 -60 22 -137 225 -202 108 -34 362 134 155 207 -1 -80 0 231 19 264 -393 -50 -251 275 -220 -97 -307 218 98 -335 54 -150 -216 17 -125 181 -175 149 174 -22 -86 -93 259 -34 257]
[-254 147 -262 506 -41 -300 -176 -48 82 -20 97 235 184 25 -228 -58 -75 316 24 -42 -39 540 295 -40 -153 294 -85 -265 -290 185 -271 -188 130 73 1 -108 6 -14 -359 14 307 -39 4 73 40 77 237 -43 148 -41 37 -325 -99 -251 -8 176 240 185 -426 307 -190 -33 -314 -230 -226 -68 -156 -142 -31 -121 49 -18 38 103 -2 184 253 -29 166 -195 76 -17 269 -250 307 -19 90 47 214 64 -63 -180 -39 -296 269 -95 286 -236 -337 -209 107 -69 -154 -337 123 -41 -225 -239 423 -40 -89 -369 -111 125 91 -141 -83 -137 -12 -25 346 -116 243 106 -164 -50 -30 -79 -40 -113 106 98 128 -199 43 -71 -285 88 195 -135 -215 -258 164 240 -216 97 103 168 126 108 149 276 -17 183 105 -160 -47]
[-7 -91 456 -146 361 88 -409 248 -200 -60 -3 -337 -54 309 -36 161 73 -67 83 -34 63 -203 -230 -103 5 40 87 360 147 20 305 -55 -86 105 523 -111 243 211 -39 131 -124 -135 157 161 -309 -146 37 52 38 150 -279 -7 243 -212 61 -49 -153 -17 60 -112 -72 456 37 -53 70 61 278 -43 -81 -61 87 -75 302 -116 -1 87 -172 -87 -89 -180 -327 222 -28 -38 -254 171 17 -89 54 -350 -254 -171 -140 136 -237 48 -151 96 -178 288 -215 25 167 97 228 -236 218 3 318 -112 -77 218 -223 -65 0 -218 -205 419 -69 358 -141 -181 -56 -192 -349 -24 131 -19 210 -61 -176 -314 320 -188 109 -91 -52 260 97 120 103 -256 26 -98 121 -183 151 -470 -79 -219 23 172 210 -111 -70 221 -26]
[-221 -272 -21 -200 103 184 -140 29 339 136 95 -81 -226 -155 134 -460 27 -369 -12 62 86 -157 123 130 216 -127 -159 113 -293 -99 -43 32 -389 155 -36 -18 1 123 -137 -89 -169 143 -91 5 15 -179 40 -194 -160 -101 -155 38 332 71 -333 4 -73 -243 -124 206 94 -211 238 -2 40 28 -473 182 -21 -137 148 269 -262 -235 292 32 196 -5 129 -64 -298 123 47 -99 -287 -111 -21 29 -1 -29 140 -269 -146 -271 -31 -131 -314 81 243 -89 251 -191 3 -320 17 -56 186 119 -118 117 83 134 221 -182 -18 -212 132 154 -1 -370 47 169 -278 38 -129 -231 -56 -38 -352 -197 136 -388 -79 369 124 -73 -198 92 53 123 220 -309 218 -216 -120 -81 -39 -130 -240 -9 274 107 11 5 48 -70 -206]
[-126 166 474 37 -23 27 -55 -82 80 106 -140 -334 -251 96 37 88 79 146 -89 -45 221 13 -235 -8 -390 -249 -165 -5 -71 308 -350 -58 -214 222 -187 36 9 -191 168 -312 211 46 -123 -239 -207 204 182 393 77 -7 -206 231 119 -184 -110 -166 188 -50 -86 40 -118 64 -113 -2 99 53 8 -154 -301 173 -27 63 95 -76 -264 -55 239 -80 16 62 -1 35 234 -295 51 -75 348 417 -43 388 -237 -252 93 -128 -371 184 -42 -356 -65 16 -195 -45 198 -72 -173 39 23 172 119 264 -56 150 179 -268 185 -140 124 -15 15 -112 -62 -17 94 -37 75 -319 -269 142 -128 -144 -127 -56 -214 -12 45 -22 -346 -145 -88 -290 -117 -126 -25 44 -270 159 -217 -73 -133 192 -181 170 33 205 198 -384 201]
[232 96 -131 -361 -93 22 198 -208 -209 62 -11 -53 -37 -185 -247 245 301 130 -35 6 -149 -28 346 377 108 -131 29 211 182 20 56 -60 104 87 -195 -32 -95 -104 321 13 249 276 -126 147 141 36 205 204 -45 218 201 -37 -322 -119 212 32 -151 -20 275 5 -43 37 -6 175 285 172 8 -140 -34 69 23 -138 239 -85 -211 -264 -231 332 -32 -9 -129 36 -196 -23 -60 228 -184 273 112 -107 33 130 349 -59 158 47 -101 -65 -312 235 202 366 58 268 69 -219 -127 171 241 157 -249 -128 96 -6 -143 -17 9 -49 -38 81 227 -254 338 -155 313 -176 63 302 9 146 -589 440 47 225 -132 235 60 -379 258 -178 -10 3 -262 -119 -5 -53 269 11 250 65 -371 -452 283 -180 163 -265 -51]
[-5 103 13 -97 186 -79 216 -10 -284 182 -371 -27 -2 83 -241 321 -260 74 104 -202 368 -66 169 -165 -255 -168 -112 56 111 36 -270 34 -72 300 -278 43 -42 -10 54 51 30 -245 -57 -332 -199 56 262 110 193 -112 276 -227 -429 336 -70 228 256 -2 -30 112 -138 -321 -111 93 -249 38 13 -142 -196 90 -211 -317 63 205 80 184 298 12 -2 -215 -261 20 -78 -291 -19 -147 166 68 209 -7 205 -304 -206 -65 -25 -45 171 103 -73 3 60 38 -106 -177 17 81 -185 -209 202 187 -41 44 -272 -124 112 -155 136 -139 320 27 18 -67 -142 -20 98 19 -54 -123 -441 -140 81 143 187 -161 62 67 -79 -94 136 133 -46 -9 -49 216 -60 63 -77 192 241 388 2 89 -107 152 -220 141 132]
[-306 -68 -240 -110 -242 -102 -146 171 -172 77 0 192 229 40 -62 -309 130 -171 -192 -44 -220 -117 394 -246 42 -251 -371 112 113 74 -28 -428 -114 -129 155 257 -154 -43 -147 -239 -52 62 -249 -88 -161 11 59 -22 -6 -184 43 199 -326 15 -61 5 -45 -149 -12 83 -98 -178 -124 181 -233 -294 -130 170 -44 126 -67 196 216 118 -25 -188 39 43 143 -419 194 185 26 -200 -311 -115 -21 -258 -73 92 77 -26 63 -189 222 35 203 -60 26 -160 347 -96 -281 -110 -65 -290 -45 4 263 -82 -57 -380 137 74 -260 -245 -49 -132 -228 -509 53 -153 48 389 -184 101 -165 -53 -124 -46 235 -44 39 -82 110 184 328 31 363 158 -153 -204 -79 69 -195 -63 213 19 115 369 61 -51 118 7 -71 178 102]
[246 113 145 -276 243 626 -220 152 -165 -159 -53 -81 -75 -71 -159 329 -65 16 352 -204 48 -190 -275 21 -60 -134 -163 385 176 204 254 -139 -112 146 -28 18 205 -1 44 99 6 83 -136 211 -28 35 242 156 19 215 -7 -46 320 -303 -111 -78 31 -268 65 341 -106 63 -8 118 -24 115 -165 -237 -92 -201 -60 37 219 -31 11 -175 -227 -27 82 55 -258 108 229 -183 -215 62 -278 -10 -9 -103 -45 -60 -157 54 -202 -108 101 114 -118 370 -100 -133 59 -129 39 -223 -158 268 233 32 -180 141 175 -52 -129 -159 -78 -190 -445 214 194 -22 -54 106 -108 63 269 1 177 -288 -397 -168 6 183 54 139 -222 -198 113 35 8 98 68 126 73 85 190 -247 71 175 -62 63 252 -201 -197 -85 -33]
[176 -213 126 -248 49 -177 7 -102 -24 -181 107 377 -13 -14 0 331 -119 -48 -223 -63 9 222 103 157 59 255 143 -233 -38 221 -21 88 166 -238 -6 -73 57 -54 -297 -19 -62 14 -178 -10 98 32 -31 74 0 -195 -102 -79 93 245 28 -115 91 112 -68 89 2 -54 -9 -72 -148 -98 92 150 300 228 85 -345 -71 6 -202 -74 46 -117 -238 -179 51 -541 66 -91 142 -70 -329 197 3 33 -65 223 125 189 -90 -28 59 116 239 -158 8 53 -163 24 -53 -119 77 -288 -476 -117 174 210 -73 179 274 -26 -135 -457 120 197 -42 177 -13 -32 44 255 176 -183 244 84 375 52 49 -63 97 -229 266 32 -43 16 -61 -36 18 -84 -55 8 212 17 51 131 -66 26 -252 -36 67 -101 69]
[140 -136 65 -6 6 123 222 275 -206 -191 201 163 15 -43 -8 36 -57 -90 -157 -2 -262 7 -128 155 65 48 347 52 332 269 255 96 122 -302 -314 -55 -130 12 206 60 -43 211 25 -19 64 -18 93 -290 -313 -134 310 -21 146 -46 133 -332 -69 -233 137 -83 237 -168 170 251 40 186 20 143 140 -381 -9 33 -17 -112 -28 142 -166 56 -163 127 -78 -383 102 95 -67 95 -243 30 -18 27 178 269 176 505 -203 -51 -122 21 -25 27 -57 190 98 159 -99 20 -124 1 -270 34 -92 36 285 165 -36 460 -74 -191 -178 33 48 80 118 -154 123 41 60 245 171 334 177 199 -95 181 -82 -20 69 -291 -276 -228 -237 154 -261 -275 158 -310 9 -210 -171 24 24 -202 -96 -30 83 -6 87]
[-213 206 -99 -11 -107 -14 -397 239 58 -335 -52 400 42 71 127 79 -36 -169 -208 -17 -77 70 -96 129 271 -271 -82 -62 -271 -140 -243 -106 -18 -189 -16 135 108 -510 -37 -174 -39 192 -137 -34 146 -399 98 -303 -85 50 242 157 -288 148 -217 336 251 313 -151 -89 -127 -1 -235 -211 60 -110 -75 62 286 140 87 29 28 -63 89 -141 -256 196 29 -33 -181 -156 232 -160 68 -119 114 167 101 248 -193 -264 108 -291 -238 340 42 65 -296 -141 234 -17 -103 9 -25 -177 145 -158 369 69 -21 -168 155 -26 -92 -373 -164 8 257 -185 -27 -296 59 163 120 177 120 123 -85 -42 -154 301 -12 -371 -17 22 48 123 220 -55 172 -242 214 112 -331 -169 47 -5 18 154 190 -322 76 -107 70 -230 104]
[-344 156 -198 36 145 289 302 -136 -24 -11 -99 240 101 80 191 211 -196 -85 -173 250 2 21 26 342 -109 -168 98 120 60 -44 0 193 113 -87 -315 376 181 -211 460 408 -29 326 -43 213 -19 -507 131 -89 -91 -40 -39 -4 -253 274 -158 149 -3 57 18 -342 17 -5 -72 -57 -17 162 195 45 96 -117 -28 -79 173 -234 -55 26 -432 80 -105 239 87 -390 -13 -52 125 263 208 -347 -101 72 266 186 -148 -134 -27 -102 -133 -145 -31 126 -23 -27 196 235 -5 -47 117 -14 -245 -82 -2 187 -349 -199 180 -71 39 208 213 167 -155 -103 -162 259 223 223 35 514 -68 7 -175 83 -26 -17 -191 -26 281 -161 -190 -461 -149 99 -161 -125 -62 -122 414 -196 274 -109 -26 -418 93 99 90 -176 -19]
[307 -58 -271 -39 82 -224 -256 -31 -109 -27 -140 4 227 -141 201 228 -148 127 39 11 280 23 183 -83 86 21 -70 -373 252 15 -34 -142 -79 -157 234 -299 202 -25 -268 232 -252 -297 -46 -10 -43 232 130 -71 386 -223 221 -192 -163 18 -179 -30 -14 98 90 180 30 -220 -20 -189 -76 -26 193 -22 -26 -51 -24 -148 133 245 284 -193 176 147 -120 -181 -275 121 -279 330 -92 9 -214 -31 -29 -194 -85 283 -93 192 -29 163 127 309 366 9 -311 -5 -220 -371 102 260 -72 -354 -336 -62 -59 39 82 67 65 1 322 57 -241 290 -68 324 -129 -171 -42 408 147 -207 216 72 247 -248 -47 356 151 -155 -146 9 71 27 50 -76 39 186 191 180 194 214 297 215 -58 48 148 -39 -68 215 94]
[358 91 87 168 74 -395 -214 14 32 112 -184 -105 -55 -156 -199 0 -123 20 187 -24 199 -27 -189 -87 223 149 57 31 -102 190 -186 32 -208 -54 112 13 262 14 5 289 144 -365 -14 -135 222 377 6 28 347 150 69 -164 -53 85 129 -157 116 154 -330 220 -127 -118 55 -62 147 159 418 -90 -2 244 -63 -41 149 36 66 2 82 147 112 -103 205 -38 135 -225 79 -91 -343 -78 109 -103 -38 -292 40 -326 -5 131 -69 241 -88 -196 13 56 30 -287 220 13 -63 160 277 -179 -222 -30 23 302 -123 -34 -112 -301 421 64 -279 45 73 146 -143 -90 -34 -393 103 144 -120 14 339 -282 151 117 -298 152 -42 173 171 -14 261 -1 156 247 -25 261 -266 -99 -36 121 199 177 -28 -7 -157]
[132 139 364 266 -151 -171 -159 -153 -199 -21 79 -4 -22 -19 318 135 222 68 -232 -185 9 -210 -299 183 -351 -19 -96 76 149 154 -196 -23 331 192 -184 -273 -103 -188 437 68 -58 448 -151 250 -58 -259 -115 260 38 19 -179 -1 33 -128 6 -191 3 -82 -17 -14 -144 4 -24 28 223 -119 303 -122 146 -391 -128 378 85 -43 102 -105 -85 141 -11 512 80 -89 -85 107 -74 -113 245 -24 77 -105 58 306 215 -103 -175 -13 89 -275 7 115 -246 -367 -1 248 6 191 182 292 92 -36 -33 -143 -73 -345 48 376 173 -30 -148 -119 140 -215 182 -36 75 36 -156 -32 181 -149 -335 32 15 -187 147 35 80 42 -400 -354 114 290 391 -198 29 16 -79 -129 -61 -164 -379 -90 274 158 0 -233 507]
[-217 161 -134 179 247 142 -111 174 -224 108 -167 -86 -142 -161 172 255 -8 -132 99 -137 9 -35 -48 -210 110 85 104 90 -185 -73 360 11 65 57 177 11 166 313 14 12 -129 89 65 259 88 42 -162 57 18 28 157 -278 63 -222 -135 13 -187 -260 -166 175 -214 220 62 17 83 191 -137 45 -64 71 60 -66 11 -180 125 152 -91 -226 19 59 -14 71 415 -26 -44 -148 -248 -18 60 -92 111 -123 -147 50 79 -123 -54 350 -55 291 -64 -349 -86 -69 127 66 41 215 -13 -51 197 257 154 228 64 -23 -10 136 -24 -28 -55 128 -93 124 -82 262 340 71 -41 -28 -144 -111 124 160 -71 132 26 184 57 266 -12 -42 73 77 108 207 222 -284 103 -305 -19 364 329 -201 -224 47 84]
[37 -124 208 -40 93 314 74 59 67 -1 -31 395 -30 -274 36 -63 23 -337 -370 52 -142 -88 -146 4 24 8 317 256 -111 10 -57 66 183 -17 135 -99 277 163 -101 8 -143 -322 -227 -284 52 -121 140 260 -360 27 28 -72 -24 251 -272 -282 -116 -15 44 -170 -26 48 97 -53 237 -67 301 75 -21 112 178 -29 -84 49 22 -229 -88 15 285 -59 28 -46 -68 -45 165 30 -519 -222 166 118 -76 382 129 216 -29 -117 122 -111 94 -89 108 -11 28 160 155 -254 -19 -349 -203 -74 58 108 -204 -119 220 92 -178 -25 -181 283 -129 26 -77 135 104 119 -228 -189 480 -78 18 -312 -21 -147 314 74 323 141 243 -47 -60 -426 -310 -39 1 133 137 -373 -150 -416 189 -143 -58 -258 61 13 -98]
[-44 35 -339 213 87 -220 130 126 232 -26 94 35 66 48 5 -157 -41 -132 -304 198 -63 -53 -42 -8 397 -82 142 241 305 -82 212 -280 146 -251 -61 65 163 -34 -9 281 -315 -67 82 155 -271 -106 -101 -70 -108 78 101 265 223 203 135 4 -141 11 -79 -161 50 218 156 14 -225 7 166 123 136 -160 -29 67 -138 262 238 -64 -289 -29 250 106 -86 -100 -35 164 -280 -113 46 -398 -112 -71 124 279 -100 -58 107 -110 -124 143 336 121 -223 95 97 324 -84 -19 298 -43 -163 -51 -44 -321 -249 327 -95 244 -1 92 166 -123 -134 347 -55 -30 -47 203 30 282 -101 -67 108 17 12 -281 -229 96 42 27 -295 208 -46 -2 -99 -89 -7 -31 50 -286 16 -5 68 -107 223 136 -77 201 -59]
[-283 -43 -167 137 119 127 39 -249 14 260 -2 290 117 135 -69 109 -161 -126 -175 365 64 102 191 -29 235 39 11 -1 -382 -134 -56 -56 -139 -289 -132 52 214 -27 -2 208 35 -47 -3 5 56 54 126 -110 57 85 272 -159 -320 59 -51 98 120 21 -361 -17 -152 -175 -153 -139 128 34 237 80 -30 36 50 -279 143 -187 42 257 3 -129 135 -183 -61 -368 82 -117 285 -108 -67 -222 -1 301 132 206 -68 -202 193 -7 -88 147 -30 -99 -146 -112 -48 60 130 395 -51 -117 -87 -50 78 -21 54 268 92 -75 -56 -213 286 185 -19 -11 95 197 -19 59 -70 207 -8 -108 107 323 139 -66 -60 -163 -311 37 24 -279 105 -46 -254 158 -120 304 220 190 32 4 93 -139 -88 221 -70 -13 -82]
[417 32 298 212 35 243 -102 348 24 24 -45 -50 -77 -43 -59 26 58 72 254 286 -231 2 -187 305 180 -101 -104 -83 -44 0 133 -193 -192 180 62 -188 -28 -60 5 96 125 -33 -10 18 93 54 207 3 55 286 -41 -9 260 -248 48 49 121 -49 158 187 172 230 187 -67 -99 -27 -102 -262 -103 -195 86 -88 251 93 20 -333 70 38 -24 224 -148 -19 78 -71 80 50 -52 -102 -83 -82 -391 -87 -246 -49 -19 -110 -157 -134 -342 8 -117 -110 341 -116 179 64 29 54 -75 62 -5 -80 102 -98 46 32 -219 95 -301 283 293 193 -154 76 -63 -271 -66 89 128 -128 -78 -63 58 -29 -64 57 -167 -127 -91 -139 -163 -200 162 32 -31 -118 -129 92 -305 5 -64 -202 -14 182 -120 37 -166]
[294 -42 280 539 26 -188 -162 -26 69 -79 300 20 374 338 22 -376 -99 159 16 158 170 -51 128 -216 62 31 -332 -160 84 52 -271 -275 -322 -216 -318 -381 52 184 251 44 3 129 -26 221 143 -89 194 -220 15 136 -48 -31 359 267 104 -19 91 -138 -109 367 246 -67 122 109 -281 85 -25 245 -137 -13 -96 200 -14 128 338 122 101 -491 -71 -65 25 132 -99 189 -112 -24 -10 -74 106 4 119 -72 -23 45 -2 -4 -141 -214 92 117 200 7 29 -145 -69 111 276 -61 -139 139 55 -80 -138 96 -97 -229 107 50 85 11 29 295 368 39 -24 101 -90 83 37 90 293 43 209 98 -198 56 -112 142 21 -66 145 33 -335 -300 167 128 -25 123 -56 90 142 346 129 9 -74 25 -283]
[157 142 50 -41 45 8 177 111 -195 185 -47 -173 -163 23 120 8 291 109 -165 -449 23 -71 -41 296 -336 -37 -255 -80 171 71 -228 -134 131 -99 -209 27 -96 -365 229 184 106 -90 -2 -30 -209 -110 123 83 185 43 -86 270 -113 -51 -5 -24 -80 1 -149 23 3 -145 -120 72 -189 184 -238 -123 58 -97 -22 -18 -128 14 -181 -132 175 329 -74 312 252 -86 -101 -155 -10 -54 122 498 -155 246 3 48 42 -181 -222 -81 59 -84 288 -201 -387 -69 168 -53 -203 -63 272 96 91 -16 -160 46 260 -119 -70 22 104 -208 -263 -107 36 -278 152 34 208 -106 -87 278 -241 -101 -327 239 -40 -155 2 206 36 -371 -230 -306 -213 184 167 58 -71 -222 -159 -109 271 283 -353 135 285 -4 -18 -475 360]
[400 -82 -108 -389 -212 113 182 410 -247 -34 -142 -5 -144 -295 -236 278 92 7 128 -83 -324 337 6 233 165 -27 205 45 -102 -79 247 55 316 18 242 -33 -101 -88 -608 -96 -73 -102 116 -160 56 -142 -71 -52 58 14 -125 283 -9 188 -276 20 -238 55 123 29 174 -148 -137 -184 -157 248 -231 -240 101 -49 60 47 -168 205 -18 -125 -232 291 107 189 86 105 -128 -120 -53 -2 -227 42 -146 -15 -189 31 33 171 -100 -223 -50 137 146 -184 49 -39 -44 36 -74 -315 31 -51 -341 153 -89 114 165 37 -168 -149 89 -109 37 -64 58 135 -423 248 75 72 43 196 2 -45 144 -140 -418 -252 49 277 377 -228 21 336 23 -147 320 -74 -165 -383 130 -106 68 189 102 101 126 -250 -218 -7 60]
[-175 116 151 -359 -29 -291 63 -23 -79 -13 -269 59 377 21 -186 -26 -61 194 193 320 85 590 110 -196 -87 -64 -43 -200 -130 -27 71 -45 -106 92 -38 -53 -89 -158 65 70 151 -89 -24 -64 163 224 155 91 48 60 216 -61 -461 99 -55 48 27 240 -74 3 60 -14 -278 -159 -25 142 196 -408 -168 -3 -178 -311 4 254 -151 131 -35 51 125 -81 212 139 127 -75 -17 106 -27 -164 342 -106 -333 74 62 -234 372 -81 75 82 -227 8 -55 -12 121 -53 -7 121 -325 81 4 95 143 -272 5 206 -32 -147 -43 -244 409 63 223 47 231 66 292 -67 12 189 -230 31 10 296 -102 -149 -125 206 170 -35 147 -11 123 5 -206 166 -74 -4 67 351 -53 88 -29 135 27 311 69 -26 -92]
[-5 165 -126 -144 -144 -47 -115 -418 -5 211 -553 -24 82 -69 -344 78 -94 402 6 96 -40 -280 -172 -120 18 135 -31 137 236 346 -54 4 47 519 -265 34 0 -20 339 60 37 -236 -89 -63 -107 511 84 156 196 203 -77 72 272 239 -21 -232 229 52 -169 67 -256 -320 106 49 302 230 388 -39 -156 -67 -102 466 169 -7 175 -188 67 -72 156 166 78 -26 -90 90 165 91 161 -147 89 47 52 -23 -112 -46 102 196 -12 -272 -39 228 110 -91 -50 397 197 44 -71 207 -162 -20 -127 -58 4 -4 94 181 -60 171 54 302 95 48 175 47 -135 -156 -154 -57 -14 -187 -74 -391 -88 -155 196 148 -209 14 -179 131 27 -76 -40 14 16 264 -38 -440 -402 -103 33 -196 223 11 -75 -36 57]
[9 269 86 -75 -314 -4 -101 -81 -27 -182 75 50 119 -165 -119 -152 -170 70 99 114 -111 158 -96 -125 -441 228 -163 -13 275 314 -35 -91 51 44 -306 117 -146 -39 161 -65 108 245 -343 66 194 53 93 25 82 -241 -317 -161 132 54 1 -282 -10 -309 37 139 -3 -129 -75 203 -140 134 -2 242 50 -182 70 10 -137 2 -168 -64 -22 -59 136 67 133 12 16 125 -37 -86 131 55 29 -13 42 -48 192 -114 -85 22 -94 -264 169 330 369 -35 -144 134 -270 -60 -70 -27 -88 10 45 28 179 77 138 203 329 -142 117 25 80 201 217 312 -25 211 -42 90 28 67 14 39 132 43 -71 -73 92 104 -139 39 -44 -19 -87 -315 165 38 189 -118 100 -147 -153 105 226 -12 82 -283 -8]
[36 279 460 -333 -110 -181 17 -84 -148 -104 259 42 112 -98 261 97 -53 204 174 37 -98 302 161 315 -93 -150 -115 -208 100 319 250 -19 -52 56 -262 -42 -58 -256 3 -256 143 312 -11 338 -239 -135 -172 76 -240 -392 -81 -81 319 -192 -199 -11 -47 -95 61 89 217 16 -117 49 -59 -307 207 62 105 -344 183 299 -175 370 -221 -159 265 60 -238 283 67 109 125 324 -242 69 168 86 241 -58 -140 42 257 -40 -43 28 123 -189 221 134 -211 -133 -41 17 -171 377 91 -79 101 74 71 -88 372 64 -282 457 35 -35 -247 164 371 223 68 -5 40 -187 -161 -90 141 26 -20 115 -220 439 120 -29 -182 -265 -315 -190 14 107 51 -80 126 31 -23 133 60 -58 -275 -124 43 245 243 -33 356]
[39 29 -146 44 48 -209 58 37 30 210 -36 58 -31 -226 -16 -23 8 -7 228 -181 -55 118 204 -41 -141 96 272 -352 -153 301 -60 52 84 115 -63 7 -188 288 31 -47 34 109 -17 -291 118 89 82 -284 196 -170 -101 50 -310 -94 -45 -99 235 71 97 20 -134 -356 -38 463 84 -25 -318 283 277 -36 103 -17 -61 -206 -244 -140 242 218 -126 -82 136 -132 -229 96 -17 -112 41 320 -151 -13 76 -36 4 -105 192 54 -75 -235 -43 -143 344 -14 -229 -84 52 40 10 -165 -31 -162 97 -13 134 -48 340 127 114 22 -108 -45 23 -87 89 -93 -44 -52 64 -206 -184 190 28 -25 -23 270 202 38 323 240 160 -205 -359 -255 189 22 112 -179 -122 12 184 -63 185 -118 -64 -284 -113 81 300]
[-234 120 366 3 -55 -147 -111 -3 -225 -259 452 -40 45 263 -42 133 -123 263 -34 -224 70 1 -191 6 -293 88 -164 17 112 353 -132 -61 279 34 53 187 5 -58 58 -51 226 154 152 120 -212 -164 37 -109 58 138 -11 -6 280 -237 92 30 -86 -40 -274 115 -46 144 -326 227 -158 28 -183 66 70 -151 -72 18 27 -28 -16 45 -63 -306 -76 29 324 115 127 -147 30 -139 246 305 40 147 2 -27 82 -43 96 -3 126 -350 30 -109 86 -23 -102 -113 24 117 19 -43 281 -159 24 37 -134 54 -143 181 20 -28 -217 -20 373 -336 125 -118 -58 45 -126 162 322 -24 207 -102 -17 -9 -176 -64 -14 -84 -380 -117 -257 121 -49 209 -54 -500 41 -178 18 116 114 141 11 -131 -15 5 273]
[201 -209 -125 169 -23 87 6 181 200 -231 -153 196 157 377 7 -240 15 -13 80 -39 118 -177 -267 -116 31 -273 229 -16 69 212 -29 171 20 167 84 -96 -98 130 38 69 -166 -123 -14 -113 87 34 -129 -320 -180 220 32 -15 -85 -42 136 -368 76 171 48 -157 270 50 9 -237 63 -144 182 -44 74 -221 95 -108 28 127 45 168 -153 -155 297 -89 -204 92 -415 -52 5 65 68 -193 217 333 -85 34 -124 -34 -72 106 4 -153 137 -52 -74 84 -195 247 -75 6 7 49 76 139 52 -154 -53 -118 0 1 -100 67 -81 11 167 -220 111 -126 130 -8 94 -336 253 -5 133 270 -172 -203 -246 -53 42 -36 -147 173 169 -36 58 -129 -41 54 75 -26 -237 -268 226 150 -107 -43 250 221 25]
[493 -127 57 249 8 207 224 72 -109 -107 129 -309 75 -346 131 209 -230 -21 354 42 206 324 -145 -26 18 44 -57 -280 -10 -92 112 226 -85 -193 -70 -99 -88 72 396 143 218 -14 -90 -104 79 159 297 -29 39 -135 285 18 243 -79 22 -31 -290 11 -57 94 250 -53 195 -13 22 118 87 -54 -59 -69 152 49 151 -12 -100 -63 17 79 8 133 146 -292 -57 -200 -96 -36 14 316 83 -17 -201 -82 -62 128 -119 -9 3 46 53 -180 -52 136 118 -273 -91 267 -95 49 155 41 -154 107 230 358 35 118 -392 -162 191 131 -141 348 155 84 -41 137 116 -26 -144 547 -92 156 49 -78 -107 -76 -150 -114 187 -29 35 60 -9 -71 432 22 77 104 -25 232 -184 190 -117 132 -27 -128 18]
[213 -98 22 -104 -26 240 150 -109 -138 -43 -230 313 56 -389 133 290 -260 -34 5 -248 149 238 -380 -126 90 -88 132 40 -23 -266 -19 56 233 -332 166 1 325 -281 -159 292 58 -450 -68 -197 -18 138 -141 107 26 -260 412 76 107 0 -197 26 -219 171 -178 -132 101 -277 -93 -175 136 9 159 -4 -62 174 -17 34 91 -42 159 1 3 195 -61 25 123 -243 146 -239 297 -28 -285 80 18 7 -204 127 -77 -8 -87 -88 73 233 422 -133 58 -170 -1 17 230 68 -66 -7 -318 -212 -28 -40 -30 241 -156 -88 -260 -324 367 60 -147 146 -169 124 -19 206 94 -106 -8 183 66 -9 -1 -215 125 52 137 105 263 156 143 17 22 124 102 -76 86 -120 -53 287 29 -6 -234 -22 -134 0 154]
[-145 473 250 -513 303 -23 -219 217 125 -76 164 -65 62 115 -220 -119 152 -55 -258 476 -264 48 105 46 54 -2 -189 6 -199 129 21 -366 -252 87 -34 204 235 258 -210 0 -148 78 -77 308 93 -365 46 55 96 -130 -122 -23 4 -62 -123 -65 -98 161 74 128 1 122 -109 44 36 113 -46 168 39 178 93 -103 -123 185 130 -2 177 -211 -53 -31 -149 93 26 -50 -23 -104 -2 -64 238 128 51 -69 -122 -147 103 -89 -273 -215 -147 96 188 -453 -119 118 338 -78 -158 27 -127 231 111 51 -160 -127 42 -208 182 63 -92 86 -10 43 -56 56 -326 -51 -206 121 65 -301 200 -89 27 74 12 -187 -172 106 -94 -8 43 -314 29 -191 -221 198 -37 98 -317 -187 467 210 204 206 92 -314 -55]
[53 65 273 -420 58 -418 -33 -72 319 -190 -115 41 24 -97 185 -67 4 -29 -125 192 22 125 -84 58 -204 -62 264 -135 165 224 -57 -69 -133 224 -251 -233 -150 -108 56 274 50 261 -282 61 130 229 125 211 -64 15 75 -201 -345 -242 151 -72 110 32 -23 62 35 -22 -28 -51 -6 30 158 -16 85 -96 159 -71 9 17 23 83 -113 48 9 -98 -121 -144 60 131 -14 -173 152 57 328 -42 -197 -115 154 -326 -33 69 229 58 -22 141 230 172 -35 -193 126 30 -295 72 -63 178 23 -161 195 157 127 -32 47 -78 152 98 246 333 257 93 215 -174 47 -89 89 163 -127 388 42 130 80 175 -64 -136 -83 90 -164 -157 -60 -96 -107 212 -14 269 -16 164 -155 -115 391 140 94 -179 36]
[327 -58 169 -486 51 -170 -207 -111 -66 118 49 -67 16 64 186 -78 -115 17 13 -101 169 -119 -174 2 95 -158 19 -112 -159 181 24 52 60 214 7 -152 -161 -50 144 -203 -104 128 -41 274 4 36 -243 -252 17 5 -95 -51 309 63 -56 174 124 -43 -198 226 -201 76 91 -94 -149 -40 -25 180 98 -80 61 163 -235 -282 215 -144 104 -143 -111 228 -10 65 23 93 -29 -111 -86 257 28 -54 -118 -9 -50 158 212 29 16 75 445 19 71 -144 -253 -100 -148 121 92 20 -284 7 143 65 264 80 90 121 -98 276 -218 26 116 9 71 -106 95 -123 104 28 -131 -153 294 -262 -112 145 -74 -33 -71 -4 -79 6 358 233 85 -85 122 -99 -38 -160 -237 -41 -47 140 -118 16 -33 52 45]
[202 45 52 163 81 278 80 141 -70 -141 365 -88 -50 -30 84 136 -61 -36 314 -48 -163 130 -86 -21 113 84 -31 -20 10 -78 181 -96 -208 -150 203 15 -18 55 -203 -53 -4 58 228 21 -18 -87 -9 -43 76 -189 -322 33 212 -103 30 253 64 -176 344 27 32 -148 154 295 -229 -342 -152 31 141 66 2 248 9 144 -218 -153 331 4 -113 -67 -61 -19 -236 126 -236 23 -26 -55 -448 -174 -11 -85 -232 172 -139 44 55 -42 -61 -80 -13 -219 307 -14 195 -74 132 -175 280 -148 -107 90 58 -103 -110 -9 -11 -48 -343 166 -94 94 -451 1 -432 -78 -112 -352 272 30 -81 -172 104 60 359 -93 100 348 100 13 -267 -226 273 75 200 -64 -64 104 33 45 228 13 -175 -208 -205 252 91]
[-161 215 313 211 195 613 -201 139 -67 -97 171 238 -244 -83 201 -27 -58 28 315 10 -112 -157 -5 176 -314 74 9 213 -73 -115 219 -139 126 -37 -26 199 -47 -362 162 -121 -157 232 -78 212 -369 -383 -139 -278 -79 -23 -389 14 498 -4 -230 341 -173 -112 92 72 62 -113 -92 104 -89 120 70 204 -123 -68 57 263 -87 -231 -2 -38 21 0 -73 259 -42 -70 133 -95 -117 262 115 165 -71 138 -98 -146 -38 -110 -244 -144 -203 -67 277 328 241 19 169 258 -137 -181 431 217 -6 -206 -94 181 -84 -139 -204 -133 59 113 1 332 30 286 -176 124 -298 -47 138 205 -71 -13 -159 -21 61 75 104 -361 -169 144 103 -53 46 -120 16 -278 -6 -137 453 -392 16 -35 170 115 184 -146 91 -331 34]
[30 157 93 -112 -33 325 60 325 -242 -144 409 -73 94 56 339 -59 37 -103 211 161 -84 146 -201 -41 -201 -77 -133 -244 106 75 -38 -60 -30 75 -163 148 -87 -161 -12 -170 79 195 178 -6 -130 -57 -23 -121 -182 -134 72 -66 106 -335 -109 -11 -35 -28 7 -79 179 262 -222 257 -128 -70 -3 -157 125 -346 -37 170 -35 144 14 -132 161 -187 106 197 104 123 4 -42 -354 -43 244 -111 117 57 -186 84 -22 -103 170 23 184 -345 -93 69 -80 -285 343 -107 -80 353 17 100 308 40 263 -250 91 -125 -65 214 -70 102 -288 196 287 189 118 187 -22 -10 4 100 104 52 -295 52 11 4 -152 -61 -29 18 -39 -54 -11 85 154 6 255 -161 -127 185 31 5 -143 -209 16 -74 -36 -29 247]
[-453 203 118 5 -151 -296 -55 -333 321 54 -143 109 259 33 -207 -435 -50 316 -27 179 -223 85 -302 -80 -116 314 -111 -44 -181 27 -247 71 46 357 -106 -111 -103 154 -132 247 235 -177 -114 -101 39 198 -80 204 -265 -44 145 4 -51 -64 72 -13 -23 150 -275 -210 -84 191 -232 56 159 64 115 -86 -206 -101 -121 -158 -103 -222 162 172 -270 -83 56 131 135 -38 184 -52 185 -39 299 -296 223 -40 -134 -37 141 2 427 54 15 -28 -57 14 -106 -121 51 -130 90 47 -83 -82 6 43 -67 -137 -341 -55 250 128 49 224 150 -64 208 39 41 -213 74 -181 -108 -8 -38 -358 275 -109 -9 -127 167 -40 8 -89 15 199 -100 -93 -163 288 -253 12 -247 -53 -159 49 -1 -342 -37 116 13 -92 -363]
[-161 113 193 -290 -87 42 215 -129 -259 402 -162 153 307 39 -130 49 137 409 -275 -384 109 133 155 42 -133 -238 -197 -70 126 21 -220 306 282 -100 -170 -145 -118 -23 243 327 238 -195 205 -261 9 40 -193 -35 -124 140 -107 71 -118 95 84 -42 -38 184 20 -140 152 -122 -79 135 -96 38 227 35 -254 -85 -237 -289 -152 264 14 49 -114 152 63 81 210 245 -94 -152 -111 401 -197 -115 304 -224 115 135 193 -86 126 -45 5 -9 102 57 -300 167 361 -58 -79 -56 172 250 -307 -19 262 19 -301 58 42 -154 -92 -140 368 163 148 -112 147 -360 476 -58 356 218 -155 236 56 330 -179 104 -209 357 264 -246 -35 94 303 235 -184 78 150 -251 108 -25 120 92 -291 37 159 144 164 -171 271]
[20 75 -138 227 -205 -371 351 -30 -139 -266 70 -3 216 -219 -119 -45 308 -274 244 189 -249 11 301 -111 173 131 140 -262 116 -267 133 -415 -163 -123 89 5 20 -78 -174 -453 -25 -9 -48 -270 75 169 -286 -52 145 -7 270 -87 -379 204 163 -16 126 317 208 -12 194 70 -13 -114 49 -100 -60 -106 -2 550 32 155 -40 159 -72 -49 375 -35 -29 -42 30 -24 -106 126 423 166 -144 43 -100 148 -60 103 115 174 236 -21 28 -83 -120 16 507 187 -361 227 -32 69 21 -138 -109 -126 37 -20 -139 148 -183 65 222 -51 199 -17 41 167 201 37 138 -14 19 -231 106 350 244 239 55 -37 -121 -54 143 297 365 154 74 -152 -380 131 -35 253 -48 441 -57 -43 214 -101 -356 -135 40 244 -286]
[133 38 258 293 -157 -158 20 -402 -25 -255 -7 -21 368 -166 -248 59 -380 -87 168 50 172 -63 52 82 79 86 -107 206 269 284 -294 -6 -420 120 16 9 -21 83 150 -185 282 86 -35 55 -94 -198 95 -153 188 -134 78 -106 54 -184 60 -337 245 46 -43 313 205 -177 13 -80 -68 -9 50 -164 -95 -214 41 157 105 90 112 98 396 46 95 -200 129 155 -179 -25 97 61 -82 184 272 117 87 -204 27 -221 -99 -45 -31 -310 -174 -19 206 -80 -203 -22 135 -152 -106 42 45 202 117 84 -67 -25 -85 -287 185 -267 -40 19 199 -99 191 117 -69 252 -160 -307 269 118 169 140 86 -35 77 58 -33 -18 -68 72 -62 -228 -103 -259 -78 50 266 164 -151 205 333 366 124 118 193 -7 45]]