41
156
1693
0.015
[[1693 0 0 0 0 0 0 0 0 0 0 0 0 0 0 0 0 0 0 0 0 0 0 0 0 0 0 0 0 0 0 0 0 0 0 0 0 0 0 0 0 0 0 0 0 0 0 0 0 0 0 0 0 0 0 0 0 0 0 0 0 0 0 0 0 0 0 0 0 0 0 0 0 0 0 0 0 0 0 0 0 0 0 0 0 0 0 0 0 0 0 0 0 0 0 0 0 0 0 0 0 0 0 0 0 0 0 0 0 0 0 0 0 0 0 0 0 0 0 0 0 0 0 0 0 0 0 0 0 0 0 0 0 0 0 0 0 0 0 0 0 0 0 0 0 0 0 0 0 0 0 0 0 0 0 0 0]
[0 1693 0 0 0 0 0 0 0 0 0 0 0 0 0 0 0 0 0 0 0 0 0 0 0 0 0 0 0 0 0 0 0 0 0 0 0 0 0 0 0 0 0 0 0 0 0 0 0 0 0 0 0 0 0 0 0 0 0 0 0 0 0 0 0 0 0 0 0 0 0 0 0 0 0 0 0 0 0 0 0 0 0 0 0 0 0 0 0 0 0 0 0 0 0 0 0 0 0 0 0 0 0 0 0 0 0 0 0 0 0 0 0 0 0 0 0 0 0 0 0 0 0 0 0 0 0 0 0 0 0 0 0 0 0 0 0 0 0 0 0 0 0 0 0 0 0 0 0 0 0 0 0 0 0 0 0]
[0 0 1693 0 0 0 0 0 0 0 0 0 0 0 0 0 0 0 0 0 0 0 0 0 0 0 0 0 0 0 0 0 0 0 0 0 0 0 0 0 0 0 0 0 0 0 0 0 0 0 0 0 0 0 0 0 0 0 0 0 0 0 0 0 0 0 0 0 0 0 0 0 0 0 0 0 0 0 0 0 0 0 0 0 0 0 0 0 0 0 0 0 0 0 0 0 0 0 0 0 0 0 0 0 0 0 0 0 0 0 0 0 0 0 0 0 0 0 0 0 0 0 0 0 0 0 0 0 0 0 0 0 0 0 0 0 0 0 0 0 0 0 0 0 0 0 0 0 0 0 0 0 0 0 0 0 0]
[401 77 -342 339 386 -319 448 -61 -7 253 126 -135 -21 117 131 50 -21 -333 -92 167 -180 -190 48 42 183 -200 -94 45 39 226 -57 73 97 -97 78 -145 28 -127 43 -12 -36 43 226 205 50 -196 50 -187 -232 -45 -84 -74 -54 -202 10 85 -2 -101 6 37 -133 -30 -204 18 74 -109 -75 36 -171 -161 -135 64 -99 256 1 -11 49 11 -62 -138 42 240 76 -45 235 226 35 -46 141 -48 -86 -17 138 11 64 -84 -110 130 40 -52 97 -72 -22 62 16 139 112 135 29 -81 8 -90 18 89 -39 -169 -2 -208 127 -96 209 -57 -76 -116 293 69 -19 12 -14 -176 -65 -25 -96 24 -341 73 -13 -134 57 -228 204 109 8 -120 -92 -49 -163 158 29 -65 -28 126 -33 153 -7 88 -12]
[801 491 -647 687 240 -41 101 196 152 -30 102 -15 172 98 -82 234 -87 -23 445 176 90 -100 -68 130 -40 -134 -120 115 62 -128 -53 181 57 -60 -64 54 26 30 176 62 22 74 175 -10 -32 34 -48 29 -186 8 -183 123 78 30 -14 211 -39 7 -28 187 -24 23 -77 -175 172 -188 -185 -199 -28 -15 -41 -97 -95 13 -246 118 133 137 71 -84 -88 226 137 -35 -98 25 40 -36 321 5 -94 -43 -13 156 120 -75 -75 70 14 -106 -190 -244 -164 249 -67 -96 -118 -198 34 -179 60 -80 -81 -64 217 -99 5 -221 213 144 13 52 65 -184 166 11 49 111 -125 76 -240 225 -156 -149 -106 -44 45 -97 52 -191 59 -141 16 -141 -211 51 -80 366 180 16 223 15 -124 17 -8 115 -18]
[0 0 0 1693 0 0 0 0 0 0 0 0 0 0 0 0 0 0 0 0 0 0 0 0 0 0 0 0 0 0 0 0 0 0 0 0 0 0 0 0 0 0 0 0 0 0 0 0 0 0 0 0 0 0 0 0 0 0 0 0 0 0 0 0 0 0 0 0 0 0 0 0 0 0 0 0 0 0 0 0 0 0 0 0 0 0 0 0 0 0 0 0 0 0 0 0 0 0 0 0 0 0 0 0 0 0 0 0 0 0 0 0 0 0 0 0 0 0 0 0 0 0 0 0 0 0 0 0 0 0 0 0 0 0 0 0 0 0 0 0 0 0 0 0 0 0 0 0 0 0 0 0 0 0 0 0 0]
[-152 -384 -300 -259 252 245 480 -230 -193 -168 -190 -167 -121 -46 348 108 -189 -233 -174 -89 -219 -91 -139 3 111 40 -75 -107 -61 367 35 198 -188 -220 114 17 -65 100 273 212 -70 18 7 -3 -210 65 88 -44 30 -38 119 2 -172 -292 -129 29 27 -130 25 89 3 41 -45 -36 114 -2 -130 305 45 88 -130 79 -18 190 -76 -22 -63 -187 -29 -75 173 23 119 124 134 122 141 -97 -222 35 132 34 -142 -219 -267 36 -114 -97 -12 -105 250 221 163 -172 56 270 -81 -26 -193 78 19 98 -84 217 -191 -161 -65 -62 -195 -92 131 -118 155 -10 274 -45 -88 -259 299 11 -6 18 63 -19 -38 -175 -174 106 137 5 54 139 107 -153 178 32 -30 -78 -169 -73 -101 48 38 26 94 7 179]
[-838 239 -289 -744 -180 -5 119 -275 6 48 -73 -412 84 -189 196 -25 -205 348 -239 -125 17 -139 -208 -29 40 217 -39 -275 4 75 226 148 11 -120 -148 -47 89 -119 237 165 -57 -133 -99 -79 -188 135 88 37 57 184 179 148 -156 -92 -134 -43 -81 37 -149 -143 42 32 -12 43 -90 -68 -154 179 244 154 -250 145 115 -222 -49 -76 -121 -308 24 -237 207 -180 -279 267 60 124 254 -66 -55 112 95 16 -114 -72 -111 -46 -124 -158 129 77 53 149 -25 -295 45 62 -247 -141 89 104 -13 -73 60 194 -71 29 -55 190 -216 66 162 -57 -148 194 -59 -193 -18 -127 219 29 84 195 162 162 204 -85 -230 228 -18 50 -143 40 134 0 -25 139 166 -164 -106 172 -134 -228 -54 -159 127 -122 230]
[705 459 75 708 -398 424 -153 -113 -31 -153 -218 30 -71 -53 -26 158 -357 1 333 -25 -309 98 -39 33 168 -20 144 -62 -5 27 -87 86 -77 -210 195 145 -121 204 281 58 -155 88 234 -79 -237 185 69 293 -143 -168 -157 -148 -86 -53 -154 72 38 -54 -92 109 127 19 -16 -302 -22 -85 -75 -42 -98 97 99 -104 126 -34 -246 155 -89 4 60 -59 229 -88 239 14 -269 -65 -36 24 -70 170 -33 195 -46 -141 -186 -8 -230 -32 -87 89 96 3 48 -68 -30 -168 -189 -324 -84 -162 -101 47 -37 158 133 -47 41 -198 -227 -98 -120 -78 63 -20 196 202 -175 -29 -19 236 170 71 32 -108 -94 75 252 304 0 -27 -82 8 190 67 59 -65 166 -166 -171 86 46 34 50 -214 -87 -68 80]
[-11 549 433 -86 -269 5 114 -94 -154 -13 -249 -191 27 -156 18 -55 3 536 -57 -229 160 -89 -258 -69 15 74 65 -18 -2 271 11 -91 -22 58 -216 -16 -178 -155 -99 161 -26 -12 -114 43 -132 188 152 33 364 261 403 89 -190 203 21 -161 135 84 -120 -3 -36 -16 347 308 -66 111 30 -13 329 155 -33 199 90 73 259 40 -186 -295 152 -250 -86 -169 -146 199 61 140 94 79 -265 5 228 -186 -104 -34 -107 73 246 35 180 98 -113 231 61 -289 -98 -110 134 43 236 103 -28 197 -126 -198 -25 52 234 322 -350 180 40 -185 -307 242 -142 -314 131 57 186 -17 14 -97 157 278 79 -129 -383 39 230 262 -72 219 88 166 162 50 25 -144 -185 187 -45 12 11 60 -20 -135 84]
[802 -213 120 184 233 -272 -183 -190 87 17 -14 -365 76 -176 25 -93 -100 316 -224 70 -116 -97 87 -14 -63 -101 -38 -123 69 -287 231 66 10 306 61 -124 102 -114 -11 -72 -111 52 15 72 146 -72 144 91 -102 56 -183 -144 -42 -53 60 16 25 -60 -120 -501 265 53 -87 -65 70 66 77 220 -132 -196 -145 3 183 -73 90 -30 -138 13 57 -117 252 -342 -366 -2 -131 -163 93 -58 7 210 -28 121 141 -196 33 -125 -186 -85 -91 184 187 33 -42 65 61 127 -136 66 -18 82 -103 -161 94 295 53 168 -260 299 -13 -87 11 -19 -76 162 -45 172 -10 -132 79 39 397 83 98 149 59 249 280 194 -302 -91 11 -31 79 112 -150 -258 142 -306 -59 -32 -369 -28 -15 -341 117 1 216]
[576 617 -148 388 159 -224 128 120 -190 392 74 -62 193 229 36 189 283 -85 205 112 161 -65 34 46 -3 112 -124 81 128 318 -311 54 73 -73 12 -63 77 -97 -175 150 -296 -125 296 159 25 115 -133 -10 65 67 81 -178 -9 226 -129 -14 12 149 -180 160 -67 70 -188 91 -250 -250 -137 19 -46 62 -31 -23 -5 14 94 -180 120 -133 -37 194 157 148 218 35 195 304 37 136 65 -154 -166 -366 66 184 -2 106 21 164 188 -143 -44 32 -164 -68 19 -71 192 -136 14 14 -43 122 -120 -170 137 -8 85 -204 -19 34 251 -46 -209 -96 88 -15 79 153 -16 3 -293 -109 -193 -170 -287 -59 -82 -276 119 -195 87 66 92 7 -109 177 -134 212 144 142 -10 70 -91 187 -125 -160 -274]
[573 -67 192 -165 -391 -28 -4 -64 222 -137 -92 -114 -232 -60 -10 -267 -291 211 80 -159 37 136 -327 -132 58 -102 172 25 -49 7 108 118 14 -25 -69 46 60 -21 96 -20 216 8 -131 -19 -32 24 -10 70 -7 -14 102 171 -314 -111 -113 14 33 -44 193 -119 -111 -151 163 36 25 140 104 191 280 260 -233 143 -31 134 -48 -15 -178 -15 193 -242 -2 -125 -129 47 -182 283 -68 -43 -154 -11 89 302 -261 -66 144 -32 -39 -1 -92 -213 -14 0 68 -9 -38 -12 127 -35 67 -104 94 -141 -65 132 78 -88 173 119 -193 -96 0 -63 -71 204 -124 16 -124 143 127 -20 72 91 207 142 26 40 -187 179 87 200 101 -160 166 29 -124 57 368 -124 -191 122 84 -78 -100 34 -77 62 14]
[711 -569 -184 -464 205 294 -235 -94 -351 -88 -303 120 109 -9 231 299 12 -20 110 -82 -195 153 77 197 89 98 -47 75 8 -5 -132 167 -142 -5 235 129 12 209 199 56 -192 7 134 -10 98 189 79 67 73 -71 -179 -76 266 137 -4 -167 121 -127 33 94 385 131 73 -279 74 63 -272 102 -157 -92 155 -184 351 -53 -19 73 -7 61 -176 310 307 -291 131 89 -233 -357 -103 -169 8 214 24 -100 -75 -218 -348 68 115 -116 -203 81 107 362 323 64 135 172 -280 -572 -205 -36 -200 238 -31 -99 58 147 -226 -91 -197 83 -163 95 230 37 63 239 -116 -146 261 369 295 -248 -32 -214 -60 89 342 181 -163 -174 126 123 111 24 224 -218 37 -221 -126 -302 -54 138 28 -101 -38 -98 76]
[-707 -395 792 -372 -305 -83 182 -250 -87 153 -8 -178 -35 -83 190 -143 -351 -166 -267 90 -50 152 -95 48 76 175 46 2 -8 296 103 110 -149 -108 -161 -85 121 -222 189 202 58 -28 -279 -215 -289 -200 17 -198 91 79 254 231 -30 -297 -133 -161 -100 193 45 -9 78 -60 -80 16 144 -148 -271 368 86 68 -109 172 29 -52 35 -236 -79 58 37 12 58 170 -98 236 230 162 -43 -41 -56 -205 28 66 -51 -26 -23 -126 78 -123 63 -225 45 91 60 10 239 236 -97 146 -128 18 -7 -72 150 -1 -162 -118 24 -31 -49 -34 130 77 -23 110 147 -277 -241 -5 181 -110 -241 -7 185 -102 63 -142 -171 29 209 3 258 251 33 33 -61 115 262 -62 31 -52 93 -144 -12 -3 69 54 119]
[-356 -789 -290 286 -457 -59 -371 16 -2 342 -130 -123 564 77 -188 57 44 246 -41 103 173 121 183 334 -178 279 338 73 -2 -152 -59 -197 -48 -44 -88 159 197 -56 -186 63 11 -110 -27 -34 -106 -56 169 139 62 19 23 125 311 245 -101 -54 -112 231 -266 -54 212 -12 -50 32 -33 -163 -76 -83 -47 -151 95 19 276 -440 80 -285 -56 -8 3 229 192 -260 -228 107 -65 -135 83 308 313 -14 -156 -20 266 145 -82 -73 173 -219 326 -15 -216 108 -291 -32 185 -270 -60 -94 85 -42 -129 -91 74 115 214 72 -88 101 -126 93 74 80 -317 201 -149 -88 9 212 -161 -19 -65 -53 62 5 96 142 168 -40 -284 -114 33 -64 15 282 -109 67 102 -85 -26 160 -165 -93 77 -256 30 -179 -4]
[-655 84 228 245 -569 238 -89 -32 -159 293 68 331 -12 134 149 4 163 -260 -160 -74 -224 65 358 48 128 267 252 111 -163 -86 -32 -175 -52 -138 215 120 -165 147 -59 129 -14 -141 5 -109 -81 -139 61 -147 -212 -201 -35 -38 83 -221 39 7 32 17 79 95 218 -154 -90 -64 152 23 31 52 -162 -94 308 -209 90 -11 -49 57 30 -21 -99 158 -32 -44 190 -39 199 -260 -64 83 -135 13 -44 14 41 -139 -200 -14 56 -179 -123 89 51 270 220 26 -111 -98 -175 -52 -27 2 126 135 108 116 -133 20 6 102 -158 -81 -89 145 27 -167 46 27 -83 -147 -155 94 -58 -10 57 46 319 205 231 410 -82 189 17 251 -39 -128 294 -301 -115 -219 -134 -267 -163 -4 51 -69 -53 -174 95]
[659 -836 -338 113 220 295 -7 169 -138 -103 29 -162 148 -156 -129 -153 201 323 -228 14 42 199 32 22 -264 -111 86 289 -138 62 218 -70 -244 216 50 -12 -20 131 -67 -126 8 -2 -226 186 150 116 193 -157 413 165 17 -170 51 181 44 -146 128 -74 98 -188 191 -86 222 54 -52 179 85 23 90 -112 89 -111 29 104 416 -45 -110 -51 23 188 29 -82 -273 -68 -241 29 -76 75 -180 -28 129 -61 -25 -34 99 7 311 -43 -246 100 22 198 197 20 68 78 153 107 -144 -70 -267 13 -32 -294 -132 -17 -40 66 -110 100 -96 -183 309 212 -123 -49 124 -113 241 128 162 -349 -16 36 60 29 135 -213 -23 15 234 46 -51 328 166 10 277 -139 -158 -53 -116 156 146 191 72 -52 129]
[344 644 -44 -143 41 529 -93 165 255 -381 -98 40 -221 5 -282 78 8 264 488 -191 -37 187 -6 -129 -57 -203 -159 227 -27 -158 -72 -100 24 5 182 84 -106 232 210 18 -126 67 143 87 217 469 -185 188 178 -69 -187 -230 -91 324 72 173 238 -53 -10 285 -90 -18 -25 -331 64 76 20 -79 123 111 50 -192 -151 90 -42 279 66 64 192 -87 65 -82 227 -305 -419 216 -38 -97 -35 186 0 -87 -60 -104 237 12 -199 227 -347 87 7 -71 -47 -35 -147 -50 5 -320 -17 -168 -309 8 -316 -335 120 -99 139 -166 64 199 -164 -230 418 -56 61 43 47 43 90 287 45 49 33 -94 -83 -143 -27 -71 52 -113 -131 -326 -102 285 10 15 18 15 -118 -45 160 -29 49 84 -64 195 -16]
[-407 -828 -481 -281 -186 7 -174 -15 -165 -229 -148 2 105 -161 120 17 25 -24 -42 266 -238 204 282 -230 2 277 111 -169 123 6 -68 -137 -166 180 30 33 -101 241 -18 185 -289 96 -135 -93 -245 146 150 176 256 -2 -33 -366 16 -45 86 9 -122 274 -74 -345 429 -73 15 24 -212 -44 136 254 -308 -91 88 -166 120 -56 82 70 -99 127 181 309 375 -111 121 42 -6 -412 -8 203 -215 15 -54 57 -156 -161 -211 78 99 -200 -81 -104 151 113 32 -46 41 27 7 183 -314 166 -49 191 -107 266 -69 85 -203 135 -107 -181 -90 -67 291 -47 -55 104 -73 -142 129 102 155 -235 -21 -18 180 -28 284 120 -195 283 -91 239 168 138 41 -349 47 -343 -216 141 -229 195 96 -214 77 -295 164]
[-349 -443 -424 -863 -416 -177 118 -127 148 111 216 427 -296 184 244 -163 204 -278 -238 110 -254 129 265 -322 341 1 -71 10 162 83 -153 -47 277 -152 -84 -29 -16 0 -127 -96 -151 -91 102 100 118 -10 105 41 -19 -49 1 -86 -35 -152 116 -105 -110 150 337 -50 -77 -106 -66 40 -124 -23 85 22 -160 -68 223 -104 -116 108 -22 -11 45 284 -306 -128 -177 179 116 -118 137 -12 -218 -45 -215 120 -48 20 -168 80 54 11 -2 132 -207 -169 23 -85 158 41 43 -16 58 58 -29 64 267 227 -1 -143 -189 35 138 34 118 -288 19 79 60 -52 112 119 5 75 58 -99 204 -74 -10 174 -88 110 121 113 -173 167 -17 225 23 -200 25 -330 -67 -83 -2 -250 183 239 -95 10 -144 -156 -205]
[717 -722 -119 225 250 -18 254 -509 -102 158 -99 -219 -264 46 198 -71 -42 217 -294 -31 -190 125 -47 56 324 -204 -238 52 -8 349 283 51 83 -210 21 -159 -98 -258 240 29 -287 -44 358 55 84 1 116 -174 138 164 98 -155 -72 -39 -10 -149 181 -71 -85 234 -140 -155 -213 42 94 -106 -108 34 58 -114 51 188 102 135 208 -89 -86 -209 -217 -312 13 -211 -150 67 144 245 38 10 -252 120 164 -226 133 -129 -138 -104 -37 233 -121 187 178 103 20 -197 -88 68 -104 -28 278 97 -260 72 52 -333 -203 -8 174 79 6 201 113 -138 -108 86 367 -4 154 -102 308 173 188 -75 -18 137 -290 95 -38 208 229 -97 130 537 97 214 184 23 52 -250 -36 -37 -30 100 153 -106 37 -224 82]
[-1 419 -559 345 199 -441 -108 44 -1 209 81 18 -298 332 -57 -71 -124 -193 181 167 -45 125 -28 188 48 23 321 -80 -53 77 -172 -102 -104 -179 126 -174 339 -73 -36 39 306 27 180 0 -3 -261 -176 46 -100 -453 76 -24 85 -64 -244 -7 -47 -124 -119 219 -262 -1 -83 118 -273 -238 64 -143 -20 -81 -21 304 54 17 -76 -341 50 -69 -10 182 113 -125 135 -129 228 84 -41 66 141 -336 -288 207 249 121 13 116 -14 7 96 -307 163 -208 -169 -27 -32 91 310 239 -15 45 -122 -208 172 110 124 -81 1 -374 154 -125 259 -36 -137 193 -112 160 -138 309 -204 -182 -75 -296 -112 -168 -249 -21 -50 -241 22 -62 136 -60 36 189 -305 326 104 86 110 311 -39 -23 128 -14 -59 -73 -286]
[-199 -443 -810 -715 321 125 170 -83 3 -324 175 -176 -26 -313 120 -35 -116 69 -213 -32 -305 -16 48 -95 -13 -21 -71 -67 14 -3 345 -148 -200 64 -104 -90 64 -28 204 198 -62 -79 -218 211 42 196 293 -210 271 54 -78 10 55 -59 196 -168 86 94 56 -260 335 53 235 -54 97 -21 -43 105 105 -16 83 -161 -27 -145 175 167 -70 96 158 -74 -50 14 -192 -46 -25 -148 15 -31 107 20 44 3 -159 -136 131 -135 -120 -32 -134 284 65 100 121 -66 26 301 -142 280 -158 -32 -20 -123 177 -201 -96 12 -24 2 -11 189 -96 -252 413 -9 73 -207 -286 -319 311 -81 147 -81 177 201 297 -203 18 103 -10 79 -55 27 -47 178 236 -233 -151 -112 -139 -105 -102 43 75 -12 -42 195 369]
[645 -365 -308 361 458 -59 -192 -11 49 -206 -285 210 186 -145 -100 282 26 -477 226 115 10 -113 -40 251 -63 -1 -43 -83 -43 -80 -256 108 -82 244 49 181 -111 308 7 -51 162 244 -48 -26 -9 -178 -170 203 -171 -170 -34 -160 42 152 76 287 -152 -158 -27 -8 100 78 -69 -157 96 16 -43 43 -219 -240 -69 -104 132 85 -242 -11 -10 274 41 337 383 128 147 -107 -277 -68 155 -76 134 149 -209 73 147 -21 -178 175 -11 -44 131 -35 0 -55 -73 37 175 9 -15 -161 -83 -214 -53 -85 -136 503 153 -138 -397 -206 38 -280 -11 -75 128 -128 -126 238 -135 100 21 49 133 -38 -85 -324 -160 92 150 -108 -6 -179 174 -280 108 -123 -133 -95 -272 -7 -142 14 42 143 93 -1 51 187 -20]
[265 314 -846 622 -385 -44 340 164 19 246 81 -349 382 102 -103 194 -21 171 122 188 116 -147 -10 143 -61 136 4 202 -93 -196 14 -65 -99 -48 44 -238 2 -73 119 159 187 -3 -3 -27 -318 -275 218 -190 -293 -25 53 68 -5 -198 166 386 85 -115 -180 -22 76 -15 -68 134 258 -52 -86 -100 -90 -165 -295 271 -84 325 9 271 153 -210 344 -270 -44 186 125 18 163 3 118 69 399 -15 -52 129 114 25 16 -136 132 -166 26 5 -12 -128 19 95 -219 -12 -119 165 -47 -39 -55 -94 8 122 -133 -202 74 28 21 54 177 -97 -110 -187 105 -191 266 88 -242 -183 -372 142 59 235 182 -114 -151 -59 183 -14 157 82 -219 -106 -45 44 -240 354 -43 5 -71 -129 -68 64 304 53 111]
[268 744 55 -189 -156 -79 -142 -316 -89 244 99 -163 -314 158 477 92 -233 -66 -457 27 -221 103 -31 -4 303 213 97 -210 -4 -22 292 -13 224 -179 68 -248 161 -230 155 223 90 23 -120 -222 192 -234 -116 -220 -139 -85 105 259 -122 -334 -60 -241 -199 -122 60 80 -121 -172 -147 -69 -3 -46 -123 251 28 77 -285 -35 98 14 -59 -39 -6 -74 -41 2 0 -214 -111 153 440 -239 36 -140 -70 -96 32 80 -70 -76 -62 -132 -7 -153 -185 -160 178 133 207 58 -167 352 -250 119 140 173 50 -13 263 -92 88 57 -35 72 21 434 116 294 -106 90 -43 -62 -47 -78 36 -31 -44 -66 188 47 235 6 -66 349 -73 195 -71 367 93 -59 -30 -122 217 -98 53 -211 -172 -181 -34 -120 111 -122 250]
[-211 -160 478 -594 -285 -212 -240 -200 -4 48 -84 117 -100 59 248 50 -305 138 -239 -120 -104 160 -81 -64 166 -5 -105 -38 162 35 119 -88 78 -32 -103 -45 195 -155 162 -38 -60 1 45 -5 206 243 -287 205 146 53 14 99 20 85 -282 -222 68 -15 3 224 -184 -54 -40 -178 1 -95 -208 137 152 -58 140 -141 91 -302 -68 -347 -69 132 -124 -165 -21 -70 -169 67 -182 114 -71 -190 -167 114 69 -55 -42 136 69 -71 -141 126 -86 19 1 24 -166 -102 259 12 -147 -265 -25 -82 -49 -88 44 -442 138 72 173 -88 -47 344 -6 241 47 283 -63 1 -127 16 255 111 103 99 164 -264 -104 -128 63 -11 18 -99 -121 -26 41 309 -124 189 395 -356 129 -116 256 -183 85 -168 -75 163 -72]
[-15 651 689 -237 3 110 24 216 129 -18 146 198 121 326 -154 -308 177 -52 110 50 126 346 75 -87 154 -189 -130 262 -30 -104 -6 -71 141 -134 -67 24 79 18 168 -339 168 -91 34 -83 310 -198 116 -301 -39 -116 -137 222 349 -88 272 87 -204 -7 194 317 -178 -234 -269 33 79 202 27 -249 -248 -90 -153 241 -115 296 35 295 195 310 -147 33 -87 125 11 -114 107 -49 -170 -37 485 -107 5 205 45 149 31 -133 280 -30 -63 -305 -62 -134 315 289 -120 199 23 -26 57 -66 -73 -40 -97 -209 -70 -53 74 -95 392 9 -199 128 262 -157 -92 99 303 120 -35 -111 23 -175 -151 195 -239 131 -167 -103 -168 -137 18 -68 -249 -153 -3 -115 -195 364 -23 -250 164 203 -84 232 230 -147 -181]
[-263 -29 138 -592 123 276 193 12 53 217 -35 -302 16 -24 -308 -72 -22 -196 -441 -16 89 -245 69 15 -82 -195 216 -126 -251 123 37 87 235 -185 92 87 -97 -223 -118 -375 -6 157 13 -16 -170 -55 245 -207 -129 262 -54 22 2 -199 -117 35 -255 -157 -78 -124 -372 -54 -47 -1 45 79 111 -291 102 84 -235 125 -188 -36 -15 -30 -137 -405 -5 -218 -11 272 -212 9 67 278 134 -71 98 -84 155 212 213 48 -7 -122 -90 -19 133 120 -112 -68 -256 -106 16 -162 216 199 170 -68 34 -132 35 190 -45 -310 -190 13 -84 -37 154 2 -206 -81 210 -102 182 -98 -579 -145 -165 125 -233 -34 -207 108 -154 -300 -47 -147 -68 -94 -147 77 -41 462 207 247 145 219 -33 -222 -87 315 55 40 204]
[-64 29 73 -741 83 -382 268 175 -41 -198 -56 -5 -51 -269 -138 -16 -95 179 207 -121 -139 -174 -192 -57 62 -281 17 150 -48 -1 98 -328 26 265 7 -245 -72 26 173 -159 94 73 15 445 191 -80 -56 66 -45 -110 -95 -165 13 152 220 81 456 -328 -32 87 -101 -19 105 -44 29 73 -49 -266 -75 -242 198 102 150 165 222 300 156 -59 -70 -277 -108 -7 -24 0 -263 -55 -23 -205 200 245 189 138 254 -250 135 -127 -54 231 -74 552 30 -74 121 -45 98 -12 -98 -17 76 -97 -205 -153 20 -255 -90 -62 154 -117 -28 19 -57 -240 17 221 67 13 -72 55 220 -118 352 -267 65 168 -180 -67 -57 -162 117 -293 -65 -7 -309 70 53 -162 -245 -45 -89 -139 39 51 223 78 -9 425 233]
[546 -247 -653 -782 -112 -33 4 -46 137 -182 -245 412 -82 -183 179 -76 -192 -135 31 -125 23 166 -105 -199 77 80 -38 159 -117 79 5 -16 158 178 -68 304 -222 332 271 125 266 124 -363 -112 191 80 -136 103 77 -88 23 51 -136 -98 64 105 -127 72 442 153 59 -223 86 -180 326 295 -106 283 -142 82 184 -300 -40 120 -44 11 18 423 -73 112 35 64 69 0 -241 -149 33 -134 -95 75 167 -33 -201 -245 159 -88 34 -119 -165 -189 -221 115 231 169 105 118 -87 -92 -49 -176 134 211 -365 2 82 -55 -104 -38 45 -187 -76 62 278 73 -176 -116 -98 36 155 182 189 -115 170 -12 92 -12 -106 135 -93 45 63 -273 -68 -182 -23 -337 98 -85 -122 -318 161 266 -48 39 -16 177 250]
[-336 -420 369 693 -1 -125 -383 -306 5 377 143 250 -343 231 49 185 143 -133 -118 38 -383 44 485 39 365 262 -78 17 -16 36 -245 -109 124 -135 346 -27 -34 -213 -188 218 -310 -24 224 113 186 25 126 -223 -140 -209 53 -347 118 47 111 -282 84 162 141 22 23 132 -85 -125 78 -41 -96 53 -196 -138 325 -280 99 -48 35 -36 -37 231 -189 161 131 -22 301 -306 376 -217 -191 -43 -112 -21 -293 -346 221 -104 178 76 -210 160 -218 286 25 193 -139 19 28 35 57 268 -27 0 -79 287 190 -332 15 143 104 -168 83 8 194 -117 -108 -104 145 -30 -201 120 -275 -10 67 -184 62 58 -83 181 264 108 -161 -34 132 236 12 103 37 -283 -120 -96 143 -138 -44 158 8 -58 -190 -14 -77]
[476 -372 330 407 -494 -272 -112 24 -107 409 283 315 27 -2 -89 40 263 -274 119 157 -247 70 230 75 38 369 38 56 -4 -37 -195 -173 -175 80 280 -18 65 146 -51 87 -102 -329 -42 183 -88 -236 125 -200 -294 -245 -55 -363 166 -51 -72 -56 11 -37 122 -59 179 -51 -148 39 -277 -202 -240 -46 -161 -87 395 -177 150 -37 55 -162 210 -80 -151 448 125 59 323 -147 29 -37 -111 168 159 10 -287 15 137 -121 93 232 -112 -133 -98 233 -13 146 35 -43 171 -30 51 41 -167 -120 -53 121 190 127 -237 145 6 -353 -6 -349 209 -167 114 -109 -2 93 -318 133 -38 -26 61 -475 -69 -62 136 -46 323 2 74 -66 105 -17 -121 -62 85 -164 -194 30 20 119 83 109 37 236 -150 -103 -141]
[400 -29 -352 -842 -41 47 -179 -239 119 -124 -238 216 174 30 217 84 -151 57 -70 -243 19 135 -351 -42 95 -125 -61 228 -78 -43 309 82 155 16 -155 149 54 84 203 104 201 -123 131 27 270 128 -55 134 -41 -68 5 80 -290 33 61 195 20 -174 162 112 11 -257 24 -164 263 0 40 63 122 48 -49 -89 150 -28 -107 -57 70 46 -16 -248 44 -296 -234 12 -311 -77 340 -140 -44 224 34 162 7 -246 -27 -181 -30 5 -180 78 29 54 91 109 -121 -10 -226 -302 162 -142 49 -112 9 -45 149 -116 -52 122 41 192 96 -55 48 11 -19 104 18 -141 225 160 239 109 275 33 212 150 -163 424 -34 61 48 -67 221 47 32 -172 -158 -228 -127 -134 -49 27 69 -272 7 -40 390]
[-245 21 367 -403 -246 -226 -134 52 45 -177 -136 9 151 -172 -347 -139 -103 240 35 198 233 -38 -147 4 -277 -273 146 152 -22 -119 134 36 -116 300 -514 7 17 -192 -120 -126 114 95 -134 -71 -128 -205 363 13 385 188 65 96 108 148 217 -52 -100 94 -151 -221 110 -147 339 93 77 4 10 -396 283 -164 125 255 56 -19 111 -50 23 167 202 -144 108 96 -406 -25 -314 -103 8 -34 178 160 66 355 68 -145 -26 -138 358 22 -85 27 -150 -295 6 140 56 -41 66 147 195 -66 -43 -81 60 -138 68 -95 -263 112 22 37 -78 -228 62 208 -50 -26 24 79 139 -1 135 -225 29 57 103 -12 21 -64 25 68 215 66 -100 294 -133 -20 -1 34 13 81 52 37 105 16 70 -15 208]
[-587 -274 583 31 -266 275 -191 -117 -69 186 -32 -308 418 -67 -131 -23 -69 306 225 53 270 124 -77 -25 -110 266 16 -153 146 72 -171 -18 -10 -30 -129 142 -32 97 70 98 -33 33 -123 -311 -307 170 218 294 60 132 115 -158 -28 253 -100 40 -108 265 -342 -61 217 171 -58 63 -238 5 -38 -118 -105 212 15 10 131 -176 46 -21 -86 -22 97 104 212 -100 -25 15 -64 97 185 325 158 99 -39 -84 28 213 38 -40 -23 -169 329 15 -225 71 25 -307 72 -97 -177 -226 -141 -95 -106 27 -248 249 134 19 3 44 -120 -319 -127 -122 -250 146 -236 -63 70 173 -177 -19 -54 140 132 103 16 27 48 54 -121 -114 -223 -109 79 62 37 18 146 80 -86 207 -45 -16 -6 -226 -15 -203 -180]
[-238 -47 -315 -621 -50 466 -265 -179 84 -186 -87 -49 -283 179 -117 -279 -15 41 12 -145 177 316 -100 32 56 -2 -42 -186 -38 -28 29 -15 12 -211 207 257 -176 107 182 13 43 -29 32 -353 17 218 -190 156 28 -110 148 -166 -143 139 -49 -11 44 117 97 227 -223 100 -203 -34 94 241 213 185 49 333 -171 41 -134 -56 2 148 -209 200 -6 96 112 -250 -109 -204 37 123 -73 239 -318 36 61 -129 1 -103 11 -82 -230 -1 4 89 -9 154 -90 -157 -132 -23 -82 105 -44 79 -176 142 -229 89 -103 46 57 111 0 -179 -185 -62 -23 65 -215 19 13 -52 -41 20 -9 209 169 127 3 157 -27 116 -103 80 -177 -101 17 31 93 40 234 -96 -99 109 -54 2 52 -111 200 -70 -142]
[43 -354 672 731 -147 -255 -218 -9 60 35 29 165 -419 -290 -186 -125 -157 -255 124 27 -183 214 -246 -110 313 -163 245 -148 -9 142 61 -23 158 -115 -41 -59 160 -142 -82 -216 -77 38 41 -15 124 -195 -207 -25 -23 49 -92 151 -137 46 11 -273 -179 48 159 -69 -116 -282 65 24 -367 -232 195 -68 -71 183 -394 183 173 -11 152 70 -24 -25 -81 123 -52 -116 43 325 -78 40 -124 -33 108 -294 -85 415 37 -110 -28 127 41 137 51 -134 97 -255 101 208 -108 -154 122 61 324 50 -4 -188 197 -11 204 1 -36 -54 90 33 -128 119 -141 -63 -77 223 -336 240 2 -7 152 -334 18 -119 -71 242 -54 169 11 114 99 164 304 162 -121 -87 17 -192 -56 267 127 -50 15 -18 -359 -85 244]
[682 457 589 372 -378 441 -422 -294 -237 -139 -183 160 201 -127 18 236 -70 -420 -216 27 -178 387 -32 184 201 50 -26 -83 115 101 133 -86 -209 -94 90 95 107 120 122 -61 -32 104 70 -38 -35 191 76 183 171 88 -138 -143 180 134 -114 -190 -100 -100 87 -39 270 53 149 -225 52 -72 -35 182 -156 92 60 -227 115 -312 165 -67 -228 252 12 278 -183 -110 -90 65 -527 -87 -178 120 -60 47 112 -21 -64 70 -273 -58 -66 -31 5 -11 5 32 9 37 103 -127 -280 60 -267 -94 -26 89 -3 -95 152 104 -213 -109 -50 -1 -161 105 180 13 -77 97 -251 -182 -121 101 154 -185 13 -229 -33 -5 386 -79 -77 -141 87 -127 85 264 316 -14 161 -156 3 -235 116 149 35 -152 -161 -40 10]
[396 689 -267 -424 -354 294 -178 -267 -205 -15 -102 -77 145 43 39 83 56 -103 -83 54 87 133 -31 -3 1 164 131 -376 239 -102 -29 -56 20 -83 40 30 10 29 20 0 -183 101 116 -98 -71 76 40 310 70 74 -23 -209 59 172 -254 -163 -182 -36 -280 50 -9 -59 -192 16 -329 -120 3 -220 9 262 53 -80 48 -354 -68 -51 26 -274 -178 157 -174 -392 -208 212 -144 -181 220 309 -170 248 133 95 37 75 -270 5 -63 -92 149 45 98 165 -134 -221 132 -189 -162 -135 -31 225 48 134 38 140 107 217 -80 78 -36 47 -210 125 -182 -24 176 199 31 -140 -154 133 21 88 -130 -146 -16 35 291 49 -205 -120 -456 115 99 50 150 132 105 -88 84 155 -39 -62 33 -234 29 -271 31]
[533 312 569 -75 -208 50 3 -64 315 -381 320 21 -108 85 -74 -364 37 109 -260 61 43 357 -20 -48 135 221 118 -315 -57 -380 227 -156 -132 -256 -166 -213 324 -15 240 -147 347 -120 -176 17 -128 90 36 4 203 -75 92 207 307 -182 32 -47 -270 121 158 -273 73 -17 71 118 -214 -168 132 -25 71 88 -210 390 -180 -284 22 -247 -110 73 -29 -3 -246 -119 -339 75 -99 34 -260 30 104 -126 -9 256 -199 303 -86 -22 -42 -200 42 -286 61 -448 -52 -7 -49 48 -44 344 -101 158 110 -209 268 -30 -293 51 13 -38 186 -150 -148 90 270 147 -292 -195 190 -67 -57 -189 89 -109 -115 93 282 -122 -85 -244 -150 180 -123 -97 -158 124 25 394 311 -28 -54 214 18 -40 15 -76 239 -141 -191]
[258 -295 770 -229 -3 -427 485 22 85 457 290 27 -157 -59 80 10 134 -54 -153 171 -70 -156 176 -229 136 -83 -176 177 88 62 -147 27 -156 193 -14 -242 38 -175 -161 33 50 162 30 219 -205 -86 233 -155 13 251 -80 -152 82 -196 -31 -142 32 -4 82 -227 228 -111 273 55 102 -3 -197 -76 -73 -81 205 -202 -223 218 154 -265 -15 92 51 -88 -539 451 167 -79 -102 207 -286 -173 1 -90 81 -156 -42 213 350 51 -25 89 -110 -234 -199 -174 84 223 62 -82 220 186 -87 -83 183 68 -164 -259 4 -56 137 -100 187 -205 -90 49 11 -105 250 -212 77 36 -189 -35 -268 -19 -152 -98 56 5 264 -202 90 9 210 -23 -66 120 31 -65 181 73 158 -146 191 167 -124 276 -339 212 -88]
[-479 582 505 51 337 158 -312 -8 -167 -36 167 -161 116 -194 -158 -234 193 272 -262 -122 23 -35 167 67 -165 279 230 -161 -238 -139 82 49 -38 216 83 -101 55 8 -106 -90 66 149 -129 198 45 10 -29 -284 170 63 73 -111 250 158 60 -244 64 -154 -67 -377 153 160 115 -18 -205 67 138 -98 41 -76 220 -17 228 -279 157 -220 -188 -294 -333 273 92 -226 -290 274 18 -184 78 -43 -211 28 118 -78 42 166 -127 -11 44 -125 -38 314 40 176 74 -94 198 -7 -59 -18 -80 9 -35 -164 332 8 70 64 -124 126 -235 -58 -247 49 -39 373 -98 -77 107 -140 -61 12 148 -86 -201 -8 105 134 222 -132 -245 -206 -17 177 -106 -106 105 155 346 -151 31 -93 -249 -86 113 -195 -86 29 100]
[193 323 -750 541 -1 88 10 129 29 -73 -86 -277 -186 -69 80 -284 60 111 -218 -133 -100 345 218 -57 -242 -147 26 89 27 86 137 -62 -127 286 84 -58 18 -112 119 -170 -193 -165 -213 123 50 -14 -85 62 74 45 -92 26 205 -69 -44 -66 177 -14 137 -105 176 95 -262 -88 177 5 -93 293 -9 -110 152 -25 84 -251 189 76 -104 73 -89 96 -57 61 -211 -23 -14 -84 -177 -233 -159 131 29 118 97 -61 31 -170 -5 94 -181 243 78 177 62 73 250 250 -203 -135 -245 92 -131 -118 99 -92 -215 0 -29 164 -174 -28 4 99 255 148 151 -33 -227 -198 347 43 83 29 38 -34 -62 -66 68 -5 -7 -48 40 98 -67 101 21 -122 201 -192 64 -232 -9 -225 -72 82 130 356 38]
[-297 442 316 -44 35 68 97 -33 -32 56 -125 -136 -32 84 39 74 294 73 -203 -202 -53 -33 144 -111 139 270 -70 -150 -142 145 -217 100 5 -217 104 -73 181 -183 -129 138 -221 -45 25 187 5 256 -28 -89 208 217 255 83 -59 38 -59 -62 -44 131 18 -193 -93 45 -165 164 -227 -62 63 210 187 46 -311 183 -24 -5 111 -100 -84 -309 -174 -64 139 -148 -103 296 278 161 172 -147 -198 61 -81 -95 -90 -16 -78 185 8 11 13 -208 109 145 84 -156 23 91 9 -149 141 243 151 -7 -53 87 1 -15 -23 179 -205 -48 183 -60 -53 174 -31 -114 111 -28 144 -120 -101 -12 -71 228 48 -96 -343 -102 -344 -87 83 56 100 -136 36 -56 -91 -22 -122 -68 -322 -96 -182 45 -24 -87 -19]
[-524 90 -395 695 224 -258 335 21 -167 36 144 -245 17 220 369 114 42 -50 -156 185 -267 -322 93 -261 94 -118 18 -25 361 74 -66 224 -67 114 238 -175 316 20 -116 -89 -7 188 92 221 157 30 255 -38 30 -51 -35 -206 121 -28 -172 -168 -13 -173 -55 -145 85 67 289 -107 -298 57 -63 -12 -31 -199 -45 -68 33 244 -62 -165 43 -43 -61 -53 119 -78 121 -128 34 -15 5 -193 -129 -5 76 41 -112 145 -68 95 95 -22 -225 -369 357 208 141 -70 181 232 310 -179 -301 14 -103 0 -120 19 16 19 -53 -141 157 13 -27 77 151 122 115 281 -15 -41 150 -47 140 -175 -120 -195 -317 161 260 -238 -272 -55 -21 74 64 95 -112 -47 286 -50 -77 -92 -3 171 -45 195 -126 -129 -139]
[706 305 -268 740 402 -125 -130 151 354 -49 385 -541 -26 -14 -453 -221 -197 297 -58 198 -98 -86 137 262 -170 -150 -55 77 -4 -199 87 -106 -233 95 -54 -213 215 -190 -99 -68 159 134 -85 -136 -28 -370 147 -137 -70 -29 -99 125 214 -145 20 -95 -144 -113 -428 -118 -135 154 -336 -161 20 -53 -52 30 -63 -316 -178 113 27 74 -6 -194 34 69 38 108 1 50 -256 -209 74 207 51 -120 256 -47 -93 146 426 99 358 -33 -239 -192 -5 -100 21 -73 -54 193 163 306 -64 423 -25 -35 -386 -350 103 196 78 25 -137 21 260 -20 -65 -68 -16 293 50 -213 122 193 -25 -280 -117 49 -7 83 36 -127 40 -163 -157 -390 -49 -225 -289 185 -244 -132 79 264 162 -78 -271 -105 127 -153 190 153 -58]
[392 -385 429 249 -168 324 -119 396 356 -215 -230 -19 -142 -3 -419 0 -95 529 57 55 -97 204 180 69 -244 -230 146 231 -161 -99 -135 -146 -16 23 140 275 -42 188 -130 -250 107 113 -125 32 -39 113 411 224 270 -20 -152 37 224 -33 23 35 -26 -87 170 -126 -84 -16 210 -86 53 208 42 -234 12 -317 252 0 -2 112 0 -15 7 160 26 -155 7 29 29 -301 -488 -247 -243 74 83 186 122 221 -17 88 214 127 54 -40 -355 -39 -383 -139 -50 118 188 -151 257 161 -148 -184 -89 48 -268 -116 42 -105 73 20 -238 -82 2 -160 258 196 -37 -48 196 257 -38 128 190 -130 -60 212 -32 -163 263 -224 -151 133 -79 -344 -290 250 -84 -109 172 9 -44 43 154 128 11 53 72 213 -143]
[236 772 -824 -740 41 12 47 227 16 74 73 -170 -40 64 130 8 -22 -20 -324 236 -30 34 153 77 -379 39 320 433 -108 -3 173 -130 -290 62 252 -151 256 233 -362 54 -63 132 -218 102 150 -363 -73 230 52 -191 -20 -82 -63 -54 -175 -61 117 -163 13 -12 108 7 -87 -189 -6 7 97 301 -91 -267 7 -203 78 140 134 -450 232 -50 -224 490 163 -47 -45 -22 -54 -41 33 127 -195 -55 -46 250 167 18 131 -62 163 -193 -219 -240 471 219 187 215 297 232 110 154 -449 151 -208 -57 147 -78 0 -95 -117 19 -96 -45 59 143 122 308 179 11 152 167 196 -37 -62 -152 86 -249 -16 92 237 -150 -134 -130 113 42 -121 220 -176 -29 418 -19 -45 -222 -247 -9 242 -86 94 16 139]
[-449 818 245 -459 352 -291 610 -5 196 -521 -137 -131 142 -96 251 -16 -34 -92 -29 -52 11 76 0 98 -201 125 298 59 11 -59 -47 -101 79 -2 -379 66 -37 7 113 234 10 149 -190 92 -168 67 122 238 112 64 -84 235 225 -74 17 135 181 150 -73 64 23 47 -93 173 369 -143 -86 23 42 -173 253 46 17 -181 -58 -197 -21 -76 -38 -72 -189 -100 -28 198 107 27 114 14 70 60 112 42 -156 -8 1 -119 80 -26 191 -137 -256 120 -307 -93 290 25 -72 -141 -18 -4 167 -83 -261 168 -180 -323 197 157 -24 103 -58 79 -86 57 403 -288 19 122 271 -158 -159 117 64 -15 -52 -418 -260 -51 50 -48 8 204 -29 -97 49 -9 -68 64 -79 -21 66 -155 90 -202 -14 336 43]
[266 -787 -524 -309 -93 97 227 -206 96 -283 -54 -354 177 -27 -2 -234 -85 70 36 -91 18 200 -173 -172 -7 -62 -50 -269 275 166 137 53 -33 -289 -163 193 148 6 295 -108 -120 -309 215 -46 -202 235 490 89 206 19 -23 86 107 47 -33 -160 -229 235 -210 17 125 23 -52 -101 -286 -101 -182 -4 24 327 -184 236 9 -158 -28 233 158 -135 -6 -181 132 -189 -137 -23 -218 127 112 89 311 202 219 189 -214 -111 -74 -17 -131 -201 197 -216 82 28 -62 -263 57 101 -72 -246 -33 111 -141 103 -128 157 -69 175 -54 33 -82 -146 -121 -181 126 -97 52 129 -198 -10 291 97 108 52 -16 177 -3 -69 -97 222 -149 -79 -338 -225 67 50 158 42 -151 22 -88 221 -4 -29 -95 -1 26 -205 -26]
[558 835 -328 262 -9 50 -122 -53 108 -146 -24 177 -240 -15 -23 106 340 -16 241 0 -176 33 200 -119 137 373 0 -141 -201 -77 49 -285 98 -159 101 -133 -118 77 167 146 -242 -113 148 101 -139 242 -150 -91 44 -125 -2 -454 209 36 162 145 238 36 -160 119 48 -267 -194 -146 -355 -293 -186 -254 113 -38 342 -219 29 -248 -196 131 137 -156 -5 130 335 15 244 -170 4 -70 -78 20 160 209 -187 -151 -90 12 96 132 -147 229 -30 261 -23 -87 -196 -357 -98 -290 -131 -308 221 -10 -57 -68 85 -124 -119 -139 110 -407 -94 55 151 -279 240 -173 -111 -99 -49 118 -31 225 39 -211 -261 12 13 -59 107 77 45 10 -75 36 9 156 188 218 -166 51 -214 340 21 -138 74 149 -81 -79 -129]
[717 -368 -705 492 -287 -325 182 218 -56 388 99 -313 325 -94 -92 351 -107 400 -31 64 -63 -401 6 166 -145 84 101 54 -68 -21 1 -109 1 151 130 -212 -99 -105 -102 10 215 91 12 102 -157 -191 48 117 -417 2 -40 -4 32 -100 -252 215 -95 -232 -239 28 -4 294 5 259 -58 79 13 -346 -305 -217 19 20 20 63 52 -12 -129 -232 15 -57 -251 278 123 77 324 -153 138 67 158 -386 -101 -163 401 261 126 22 -50 -165 386 311 -156 -52 -160 -29 -147 -297 71 217 192 -100 -145 -60 34 182 135 109 313 -97 -119 147 204 14 -450 24 -21 -148 274 47 -406 -146 -128 71 -10 106 -55 -73 17 -116 131 -12 -111 -112 -61 32 -17 178 61 246 113 276 -124 -11 59 -63 148 84 -26]
[212 -15 25 -419 134 -252 103 10 62 12 229 -185 -18 120 3 122 391 -11 147 -30 -297 -233 212 2 158 5 88 -204 123 -163 -188 124 41 79 32 -158 -76 126 80 142 -116 -3 40 385 297 158 -98 -43 -125 -113 -126 -282 123 365 75 -139 -106 -70 -48 181 60 76 -116 -113 -367 49 -218 -187 20 -58 -43 -264 12 -19 -1 302 -63 227 -26 295 260 78 133 -292 194 193 -74 -186 -33 103 -240 -264 106 21 108 76 -38 170 -50 124 -15 30 -74 -64 -64 -33 7 -255 277 -175 -338 -7 -95 71 0 77 -5 -236 155 166 -12 -199 101 -71 -134 181 -61 123 179 177 191 -265 -98 -73 -179 171 248 -119 -180 -119 67 16 101 20 -11 -164 16 34 -244 -20 -131 92 28 286 98 -68 -156]
[610 526 -92 232 -591 114 45 -54 30 -144 175 46 -163 -157 111 -215 -184 -42 -65 -110 -219 57 301 -228 126 2 -262 -315 203 -39 148 39 -158 -114 146 156 28 180 201 -158 -191 31 -353 -455 -248 31 -221 -103 -161 222 -135 292 20 -271 -221 -7 -116 134 110 106 -190 18 -76 8 5 13 124 299 46 26 127 -4 -138 -157 -140 4 -119 21 -131 -79 -360 129 215 166 151 66 -37 45 -331 -112 259 34 -123 125 -107 18 -238 -142 25 -154 20 20 -80 -150 117 -72 -246 -33 -236 116 104 -46 -73 335 -329 142 214 317 176 -2 -348 504 207 -78 30 -58 -224 -268 52 -37 -209 540 51 -80 168 -157 16 110 -5 249 -328 129 -144 -320 201 -24 262 -240 143 -183 324 -283 -6 -174 -69 -114 -126]
[292 -410 -779 64 -815 -14 -43 270 -488 143 -154 102 -31 114 -66 -65 55 25 94 18 120 18 -40 -23 -98 232 503 110 -275 -26 66 23 -314 85 286 183 -121 184 -30 145 238 105 126 -9 -212 17 -8 -87 -62 -215 22 -356 46 5 -350 96 297 -139 33 108 99 -111 198 225 25 345 136 -106 102 251 212 13 75 192 86 -112 -195 -245 232 209 84 -167 154 20 -120 27 -198 306 -329 -268 273 20 -148 -130 -157 122 15 -293 -9 -79 -5 380 -67 -197 -68 -313 290 52 -61 -8 35 130 -268 160 53 59 215 75 -358 -202 -192 -117 -64 61 -98 182 14 -53 -201 74 -184 -151 -152 -74 69 94 302 134 146 170 80 -103 -27 75 117 165 467 -66 -185 245 -79 136 55 186 -165 -93 -86]
[183 243 -187 -462 -180 227 -269 209 -50 -244 -76 439 -254 -308 -188 -309 -11 -28 162 -227 13 126 -162 -158 -153 61 111 -47 -519 -44 266 173 -136 171 145 79 -509 281 293 -77 110 224 -90 -164 -254 120 -478 -89 -116 12 6 -305 -193 -230 -60 337 167 -163 337 30 -164 -404 -43 27 57 6 217 -143 182 146 245 -91 -141 -9 -68 -9 -209 -98 -29 58 -52 256 69 187 -245 -50 -11 8 -588 -79 75 168 -163 -116 20 40 -168 125 -150 192 -5 -202 -50 65 -122 -498 10 -5 124 -117 197 -44 113 143 -124 -119 192 -61 -165 -129 -209 137 246 -185 -156 -95 40 -167 -294 397 -75 131 -284 -222 105 62 133 169 365 141 176 30 -2 -152 95 438 515 -138 24 282 238 -149 -9 -28 32 63 49]
[-286 330 -616 -923 29 56 170 -22 74 35 197 24 -250 -143 -26 -311 -371 29 144 -191 85 -280 -212 77 -52 -30 399 -225 -38 134 -108 -187 -49 -24 -151 23 38 -87 -11 146 446 55 -335 -49 123 -190 -93 -42 35 -323 417 411 -277 111 -166 -61 94 62 -162 190 -382 82 154 149 35 -28 115 -101 326 180 -93 319 -73 126 7 -222 -185 -35 172 -271 -75 -154 -68 70 315 457 253 -7 -13 -201 -179 121 238 -85 9 63 -160 -67 385 -87 104 94 15 -428 137 252 269 156 167 -24 69 -242 119 205 154 -112 206 -4 25 -72 -106 -132 -262 279 7 -133 -442 105 120 -469 14 119 345 107 29 -128 -515 66 204 -12 -97 -256 -70 53 -107 277 -53 -71 -96 138 106 -114 58 -98 -210 339 22]
[-60 764 -270 513 249 -443 353 -56 -18 -122 -360 113 -31 -22 101 -57 125 -294 -223 128 -159 62 1 4 322 -327 70 -18 14 122 -18 -120 -150 -268 77 -40 18 101 -123 -221 -106 85 404 398 -137 -61 342 139 155 32 -280 -214 25 -130 196 -84 329 -231 112 -103 -192 -283 314 94 -15 199 201 -222 -6 -225 0 22 -36 189 188 56 -13 -4 -86 -146 -109 -61 -104 55 -297 -9 -225 143 37 351 207 276 -158 -97 -154 -68 154 151 -44 58 -10 -62 82 19 93 -304 81 169 38 62 168 38 -21 47 -2 -172 18 59 -118 -213 -135 -120 -11 69 296 439 -43 16 132 -96 319 -157 -293 365 -255 269 366 -6 -127 37 85 100 37 45 282 -120 -150 -228 -235 -126 -110 273 73 45 -131 -146 43]
[148 159 -128 184 -146 235 -31 -18 -156 -37 57 -106 100 69 337 118 -190 8 -167 -85 225 -111 -124 -90 -116 239 -169 -149 223 114 -70 5 -37 -226 -331 -79 341 53 -62 -4 -55 -276 -300 -260 -162 91 -46 198 133 88 -19 340 48 -155 -115 -222 -44 103 -192 -90 59 260 -86 -63 -133 -77 -129 321 42 309 -2 7 81 -389 -242 -326 203 -37 -96 -11 -56 16 44 115 -50 -57 -89 -56 108 54 217 106 -187 145 -140 -88 -222 -134 238 -14 19 49 39 -191 457 279 -170 -82 -512 284 219 -52 238 -49 -56 191 -23 72 -158 -17 25 292 -124 -116 142 -91 43 -101 96 -80 -69 390 219 -148 257 -386 -45 73 97 -60 -384 -192 -144 -45 155 345 -7 104 151 -107 -50 -189 -11 -272 114 67 -231]
[-479 584 -342 439 558 221 36 -217 333 -302 298 80 -130 -309 -81 76 244 64 -40 -191 89 -129 -86 175 -164 -43 -233 29 -178 -219 325 17 126 101 -177 -42 -44 288 199 -16 24 36 10 -38 318 -123 -17 11 -58 7 -253 170 62 -73 250 184 -259 -291 195 58 129 261 -119 -7 233 -103 96 -58 -152 -154 205 -103 -20 -86 -9 53 122 -69 -425 -22 -388 12 -111 -24 -234 -93 308 36 66 23 178 -152 42 182 4 26 -264 18 -130 221 47 -244 56 81 -216 105 -315 227 -5 -27 151 48 -1 32 86 87 -198 134 88 -78 -70 -16 142 -127 -82 -226 224 -96 -62 281 206 361 42 113 202 -217 -9 177 44 -174 -95 -226 -230 -416 169 -68 -378 206 203 -360 30 63 47 -433 -75 110 41]
[218 771 -695 -454 146 240 -158 -82 -142 40 141 2 109 -135 -40 -63 152 192 241 -444 162 35 -61 -228 -110 413 -5 -134 -322 -27 195 155 -172 -53 -24 134 -52 28 177 204 -333 -162 -144 47 32 301 -131 -136 -88 122 83 -69 24 91 -127 -73 190 48 -60 57 175 -17 -233 -197 49 -151 -292 9 220 342 118 -218 34 -326 -147 -18 32 -352 -73 174 122 -152 87 192 24 130 153 -116 -6 51 -89 -134 -130 -16 36 55 -248 -63 166 297 -64 91 36 -73 -17 -48 -329 -379 -102 -131 292 -88 32 -107 -64 -91 20 -72 -149 -101 -36 -24 100 -123 -89 -339 -22 -30 -40 224 -148 152 -210 -119 154 -17 -346 200 56 -200 -112 -151 130 -219 227 260 -53 247 -52 187 -102 -275 -173 50 -120 77 180]
[259 -154 536 150 107 147 -48 -348 -185 -334 -88 -250 -531 218 -27 -48 1 -227 109 -25 110 75 -102 69 -62 -219 194 -27 7 372 -21 191 -290 285 53 -98 -240 -107 -139 271 -287 340 -92 -38 24 -454 99 12 163 -110 488 -297 -319 62 -147 -116 24 -115 -42 99 -182 8 -146 9 127 -34 111 318 235 148 76 57 41 401 95 -21 -205 15 249 97 -11 0 10 -226 103 240 21 66 -694 13 143 45 27 -264 -252 -39 10 295 -147 -198 248 140 -108 -106 -87 246 178 408 -160 104 105 225 -141 15 82 -213 -64 204 -98 -48 -11 -267 -120 177 318 15 -214 -81 215 84 -228 -82 10 -144 -308 -57 -99 -2 271 136 291 417 64 -55 -95 2 183 23 122 -190 -21 80 89 119 -94 78 -26]
[493 565 -232 -110 63 64 -190 183 -275 73 72 164 239 126 308 404 88 -68 93 81 -10 172 134 -114 -125 1 -174 39 114 -133 94 -64 257 182 56 -35 402 -108 68 28 -238 3 284 80 313 250 -135 215 -64 -142 -264 6 266 133 -36 108 41 -69 -118 -27 240 225 -162 -231 227 -180 -74 126 -391 -68 131 -136 221 -178 21 39 180 181 -186 83 -26 -18 114 51 -170 -447 20 -42 503 -179 -62 -107 170 176 -148 -170 -282 -56 111 -37 109 -4 -65 205 60 64 -339 -218 -322 100 53 4 -103 -287 426 78 -34 -74 66 212 2 279 14 -43 -58 49 -40 -173 -78 -128 -18 63 44 -215 6 -32 111 -154 -303 -204 -180 -193 -26 -100 22 -183 -313 237 277 -338 -62 143 -19 -323 -119 158 165]
[657 -439 -788 -15 -357 93 140 -82 -313 517 47 -244 -32 216 164 -84 -284 -107 -213 -105 -133 -115 85 -293 309 202 -198 -202 32 129 -149 -17 116 -166 191 -134 -41 -142 373 141 -95 -176 128 -163 -185 191 -138 46 -260 -82 203 -356 -228 -197 -206 101 32 204 -296 83 11 11 -350 -67 -240 -17 -47 239 -62 140 -225 73 4 0 -76 15 14 -202 285 -250 477 124 81 -64 162 171 157 -192 -62 165 -128 -3 29 -269 -132 -168 -440 -34 -126 143 170 166 239 -370 -64 188 -266 -361 -89 -31 -193 -145 -105 74 -265 -28 -31 -127 -9 -205 82 22 -27 101 -57 -21 4 -275 2 70 -144 132 110 16 65 -7 4 207 -86 -167 -272 107 -197 87 -165 -19 141 -224 -17 14 -207 -127 -54 88 177 -76 105]
[177 -183 197 1113 -431 324 275 260 48 -100 45 86 -138 32 -239 -94 -215 -206 515 85 -187 -5 -171 -43 207 -230 180 86 -90 144 -282 143 -201 0 -118 -88 -34 68 276 -116 102 46 100 -97 -306 0 132 60 29 -47 -44 -26 2 -139 44 204 -82 -25 -66 -51 140 -43 -44 -204 14 -150 -207 -219 -150 76 -88 266 -90 214 -159 309 -110 324 223 -203 44 295 181 -33 -114 165 -393 -193 109 -267 -169 303 161 -133 -55 -29 51 200 -74 -157 -21 -298 313 187 -56 -34 129 6 -17 -180 -76 -191 -202 190 -54 -275 58 -303 20 -338 -101 -204 158 -106 180 63 -93 -53 -74 -80 16 -147 -26 -179 -97 92 -122 -76 142 -62 204 -98 145 118 -114 -41 44 46 -319 216 83 48 -10 182 97 192 -10]
[604 290 410 -41 -386 -515 60 -430 42 459 78 -93 214 394 485 -98 -15 -129 -489 -73 -127 179 66 -11 373 325 -111 -215 14 -15 110 129 76 -225 -47 -154 361 -158 236 34 280 -176 -37 217 62 -147 157 -375 -173 -175 79 339 98 -468 -10 -79 -375 -101 319 -3 -168 -196 -109 243 67 66 -229 418 71 -58 -203 303 -22 43 -123 -196 -38 106 -123 -144 222 68 -124 82 270 100 33 -26 238 -47 47 132 -362 353 -126 -66 24 -234 -16 -506 73 -43 -148 -39 28 309 -38 331 -46 -2 239 27 218 128 81 97 40 -18 -61 77 402 243 23 29 -243 -53 -29 142 50 -148 6 58 28 315 39 -95 -115 3 0 100 182 -26 11 -409 -85 109 111 -39 74 -388 -22 34 -195 118 253 -224 -248]
[-539 -305 205 45 607 96 561 169 40 -259 133 -69 51 -119 147 127 188 -239 -199 -30 -91 -277 168 -40 -137 156 -90 2 -143 95 147 113 68 46 11 -22 -93 303 145 62 -85 -123 -37 320 130 210 -122 96 136 -185 18 -222 -54 37 113 285 -4 -63 -31 3 8 177 -121 -339 7 -125 -188 154 -111 -232 -27 -99 47 -115 -86 137 383 -160 -186 -77 234 157 -64 -62 -68 92 233 -322 -104 91 53 -285 47 -64 -46 100 -39 -26 -70 124 316 63 -101 -200 171 175 -193 -58 -227 195 -164 11 2 -24 -289 -166 -337 62 90 -124 226 -104 405 -88 161 3 56 -195 191 158 175 101 -206 -277 -3 -39 -156 -260 68 -147 -203 -126 -167 -179 -189 88 -297 -184 31 -205 -98 -63 106 159 226 116 291]
[-685 325 624 60 -269 -167 -3 33 -81 -407 -341 -451 -321 -198 52 -43 -66 459 166 -6 -59 -151 -103 -202 80 161 -40 -233 26 58 -91 -14 -190 -17 60 -306 132 21 45 91 -191 152 45 -61 -416 147 123 176 352 127 117 -204 -25 2 -26 100 227 -78 -305 -276 -70 76 130 85 -390 84 259 110 73 44 -307 345 106 199 33 322 -347 -238 293 -151 356 -159 152 196 76 -37 -44 -220 -133 -94 150 95 -210 -265 -263 172 33 72 11 -250 285 109 -1 -463 -115 -63 137 7 -59 422 -173 -14 -299 235 -10 -12 72 267 -329 -17 75 -268 51 243 -19 9 92 -12 296 40 167 -3 -26 289 -61 -258 -249 -17 -49 126 -72 -54 119 273 -35 386 179 -158 -211 311 -124 -161 1 -105 31 -86 -47]
[-642 463 210 -551 173 -536 170 296 153 -50 352 -112 211 -17 90 103 123 213 88 200 16 -422 -140 -75 7 -130 -78 4 14 -331 80 48 -144 224 -260 -138 79 -217 -129 64 35 94 -27 107 -70 -7 547 -4 1 251 50 29 60 21 238 126 -117 75 -41 -408 42 -56 261 161 150 -107 -8 -448 177 -181 -86 -64 -95 213 -9 235 -48 124 66 -321 -234 315 -367 -91 71 -106 19 49 281 86 -49 178 -108 110 293 -131 11 71 119 142 -273 -101 75 107 -138 -63 18 142 130 -84 365 -147 -14 -140 175 -118 144 124 56 138 -223 -27 -59 -63 -97 -195 136 67 -30 -263 -46 154 -77 216 261 114 4 19 -143 99 -64 67 128 -31 -70 -307 -144 269 -108 48 -110 -59 -116 128 18 128 173]
[489 -80 267 -658 399 -111 370 -277 -57 101 4 -285 283 124 295 1 -115 46 -459 237 126 -24 -144 123 74 -42 -156 -205 -32 0 303 21 -1 -137 -143 -140 145 -104 330 -76 59 -48 -65 286 65 -204 209 -205 10 60 -51 17 189 -221 63 74 -248 -179 38 -80 61 -236 -270 140 58 58 -209 -16 -86 7 -232 94 24 -94 59 -274 25 3 -219 -65 114 23 -437 130 -15 -202 33 145 344 226 139 248 28 8 -135 -282 -73 -121 154 132 65 -74 -69 18 196 223 -165 222 -162 59 106 -125 276 50 -93 -12 -209 -175 57 53 129 -61 100 115 144 59 210 -370 228 -120 219 -106 -54 95 -66 108 153 -144 -204 -190 -48 83 -173 -16 13 172 97 -13 21 60 -119 160 223 -25 458 -49 349]
[-149 -362 568 -385 268 93 206 -304 -27 -206 82 73 24 154 -10 76 28 -211 207 -76 -232 0 33 22 212 33 -121 -323 115 208 -376 82 -117 -221 -177 98 44 104 -111 -22 -83 -122 151 87 -231 170 486 345 15 -163 -8 -188 -13 0 -53 78 -184 23 -130 -206 58 223 -48 213 -324 -196 140 -160 -59 99 103 248 51 26 -156 15 -138 141 -1 -54 249 -14 144 -218 -8 146 -45 92 188 90 -246 167 -22 73 -214 168 -179 77 330 -242 -85 -179 -49 -344 21 30 133 7 -194 48 186 76 -212 527 -209 -77 -57 -61 -72 -536 247 -299 -31 -108 -18 147 -29 35 -51 -193 367 -154 -6 251 -244 -110 -64 -157 -129 23 -80 -246 262 -38 18 18 -338 -6 -172 225 -40 152 -67 -80 -53 -133 -517]
[-321 230 666 -802 194 -3 -562 185 140 32 -17 371 -134 59 -48 230 189 -17 -87 113 254 -151 -15 263 -66 -89 -83 -143 -23 -447 40 100 220 156 165 157 -93 77 -247 -388 13 6 -85 -244 472 -224 -379 80 -215 71 -13 152 67 252 -85 -124 -166 -14 117 104 -62 98 -89 -263 -118 128 -122 -170 -91 -127 -89 -251 -2 12 -192 -69 113 126 -367 275 -117 -197 -312 61 -75 -222 -6 27 -204 157 -101 -248 149 97 -4 184 127 -22 -114 117 48 85 103 211 30 -89 -140 -289 377 25 39 21 212 -98 156 396 -138 102 93 114 -332 381 -45 20 -207 359 96 72 108 288 82 135 -167 -383 97 428 322 104 -64 4 -220 -15 -2 -191 -18 -160 134 -191 128 -123 45 -25 14 35 111 -136 -59]
[-306 367 199 -68 -281 264 -408 22 101 -37 303 -391 -134 -55 -70 29 -69 577 -83 -359 -235 -62 136 -118 -32 56 37 -178 -74 -237 350 156 145 166 206 -71 -14 -171 87 -131 15 -53 112 9 250 102 -12 -221 -208 -170 -172 -23 161 -231 -9 -124 -139 -318 -247 -142 47 90 -94 -347 9 209 -41 44 6 -33 -25 -204 134 -144 -127 326 -82 -259 -99 -28 87 -61 -121 -83 27 -262 52 -413 0 32 117 149 23 107 39 -87 -373 -58 -264 299 144 225 83 53 -170 38 -374 -59 25 -149 -75 -185 237 -27 336 138 -13 -16 -301 412 -48 90 63 97 -331 -60 -90 -267 -68 245 221 152 -18 82 200 211 122 295 -205 18 -327 -210 -25 -43 59 -117 178 -93 67 -241 -349 -377 -60 -114 90 36 258]
[-308 470 146 93 225 362 -307 117 -194 -550 -24 13 -22 70 59 319 -84 92 334 66 11 -136 -57 14 -258 -62 -52 -314 3 -333 -129 -126 -164 297 185 -196 -55 44 306 108 -409 147 -176 63 81 145 -26 392 -62 -322 68 -317 -71 -9 -128 371 5 -170 -249 28 263 155 -221 -278 85 -132 -136 64 -112 -26 117 -147 152 216 -125 119 62 -11 268 -89 314 19 173 -193 -210 -161 132 -88 53 214 -95 132 218 -134 -349 -80 -392 17 -223 130 361 48 -66 -161 -10 295 -234 -195 -392 49 -7 -83 30 23 102 44 -102 -45 -79 -5 -57 -170 283 -146 117 140 -88 -297 49 82 80 122 19 -477 49 -287 22 -106 180 -49 -449 -83 -278 37 -58 181 -117 -5 211 -184 -173 -91 -33 -183 273 120 74]
[-751 -408 -645 459 145 -1 -138 262 -5 -50 38 -108 130 203 -57 148 372 509 375 -2 335 20 52 148 -71 101 113 206 -61 171 -36 232 -282 249 -136 97 -65 131 -124 134 102 97 -68 6 91 -85 43 -56 486 -44 361 97 66 148 -10 -31 -138 99 -60 117 105 -60 124 14 41 -54 -183 52 161 -238 50 -68 146 150 -80 -52 -74 142 52 57 -35 15 -113 -97 -128 -38 97 -145 -371 -95 48 -379 -17 385 -156 289 419 -79 -42 -474 -63 177 -57 33 20 -67 87 73 30 65 7 254 -104 -157 463 105 -87 241 -48 132 -110 -66 124 69 -138 -126 109 167 170 393 -191 96 -313 -102 48 127 -5 81 107 190 295 -60 250 -10 -136 59 93 -64 -1 -132 -84 216 -130 35 16 -201 -191]
[-374 -314 250 194 -64 162 -215 -160 -25 -395 -39 88 -119 30 202 -94 -13 -117 -306 -261 -26 -75 -44 -161 113 48 -329 -306 130 20 19 65 -42 284 107 -15 -19 -123 -86 17 78 43 -312 -239 402 25 -275 -289 136 21 226 122 51 -78 137 -226 -84 -150 222 17 -86 28 19 -59 197 385 9 463 162 -65 -305 40 -206 63 52 0 21 360 -19 221 198 -136 -46 108 195 -192 -33 -223 -296 52 -22 -4 -171 -176 -226 11 61 144 -208 -117 248 327 343 159 154 467 -45 153 -203 48 51 10 -65 27 -75 102 -211 29 125 74 -91 282 245 16 -367 -88 -84 -241 277 -118 114 -204 267 -107 -48 3 -177 -116 -85 54 -49 -76 -171 -117 223 -289 -50 -203 -86 -417 -16 -115 -141 125 251 159 -87]
[26 541 -520 805 84 94 128 146 -206 121 -25 -130 295 101 286 238 -55 -5 24 155 45 214 -241 38 -23 212 63 163 -93 146 84 -47 -317 -299 174 116 76 219 109 216 -237 -168 292 137 -414 131 101 100 -197 14 -145 -252 -164 -66 -105 54 250 -69 50 31 158 -73 168 220 145 39 271 107 -147 235 -254 -187 -30 -12 90 35 -79 -212 232 236 133 -31 255 177 -108 -147 27 438 26 -67 -118 193 -227 -50 -170 -127 -62 -20 -96 191 10 296 -102 116 -179 -242 8 193 -443 3 -74 -23 -10 25 68 -159 186 -236 -205 76 65 -24 -6 -157 204 59 52 -93 19 -60 -444 242 174 -5 230 -109 127 135 90 233 146 120 289 80 67 55 111 -24 -129 339 -161 187 218 -125 146 -134 264]
[-778 167 -44 -889 -70 -6 445 49 152 37 101 -196 -345 -50 55 -12 85 147 -6 -143 69 -312 -133 71 34 79 48 -170 88 -113 -288 -77 116 -350 13 -283 143 -215 -195 113 183 -107 23 139 -32 197 -124 155 68 -47 166 367 -149 97 100 -80 89 2 59 16 -219 475 340 294 -7 101 147 71 304 328 -429 288 -256 26 151 190 -123 -265 15 -237 -393 -29 50 114 280 351 -121 -33 5 -129 -88 -42 -168 113 -67 110 -38 20 130 -2 66 46 77 -196 -170 49 148 142 50 292 20 141 94 -142 -25 103 96 117 -133 2 151 -22 -311 43 -31 -170 29 224 -107 -177 9 125 134 314 122 -132 -300 -95 105 45 -164 -119 -58 -52 6 285 -216 159 -64 -44 -57 -236 -307 75 -26 133 -102]
[-754 312 -817 292 240 -362 131 -3 -40 83 56 -61 -73 21 341 -184 64 72 25 53 108 126 69 28 -76 78 -88 -326 67 -8 -26 -215 38 159 -133 -122 135 127 344 145 46 -175 -70 41 137 96 -148 -92 176 -134 -94 116 28 -103 -69 198 -37 -111 -149 92 1 26 -303 254 -103 -207 -75 102 43 -73 93 154 -72 -90 13 -157 87 -127 69 -57 78 -155 -93 102 119 59 222 30 209 -19 -33 -103 -5 85 9 73 -102 -98 72 -197 167 45 -41 -329 22 494 -16 40 -104 133 89 -42 -26 171 67 142 -11 55 -118 -11 124 -68 257 39 -108 61 -102 -193 394 -91 67 35 -48 63 106 -461 -238 -60 137 43 -267 -183 -102 -85 18 119 -272 -83 150 60 61 -58 -53 -48 23 50 -55]
[-670 28 182 -227 -76 -490 -429 215 -60 126 241 132 -88 20 -106 -152 173 32 144 -183 284 -371 4 -224 10 44 93 -66 -68 -54 34 198 -172 203 -162 108 130 27 -482 -39 -186 -162 -93 -284 45 -190 -158 -134 -186 35 29 48 -131 -40 -112 -44 -20 -116 -155 185 -315 -37 -15 69 -187 129 175 -19 265 99 69 -153 125 -61 -177 -4 250 -246 -15 216 -52 88 124 -78 155 38 76 -285 -233 -167 92 94 166 -97 51 226 -24 66 77 -50 25 140 -120 41 -26 -162 -71 32 -59 188 172 -50 -39 101 86 33 -76 388 196 -15 -38 197 -212 -88 -325 63 29 23 -151 -25 -223 281 -129 -307 191 140 -98 129 47 244 -209 -110 127 -186 -138 15 -43 -28 382 -31 -79 -333 47 43 -159 -279 17]
[545 823 -307 -841 183 7 -76 47 120 -8 -263 67 -241 -125 75 -56 -44 173 277 -269 -121 -2 -15 82 -41 -2 155 -243 -121 -192 -14 144 -164 -33 219 185 -144 115 238 176 -179 -57 147 -89 -81 267 -175 456 -218 -94 -57 77 -191 95 -261 126 232 -165 75 194 -29 -27 -344 -45 150 -136 -219 102 180 169 187 -31 113 -201 -222 124 -46 -161 -174 -129 -32 -348 35 87 -103 -43 36 13 -302 226 -40 142 76 -404 1 178 -299 -7 -49 183 -123 0 -125 98 -14 -149 -267 -344 97 120 155 58 -168 274 -256 86 38 307 -58 -93 13 76 -122 -64 46 -6 -39 -50 111 152 127 237 -19 -45 231 49 13 373 -64 -25 -122 11 279 -236 -82 -160 116 -245 -42 235 4 -300 -45 -249 88 187 228]
[736 413 101 -565 -177 289 -241 -156 134 -109 -190 236 -349 -144 193 -151 119 -348 -100 -327 -37 147 4 -153 143 35 -60 115 0 72 -165 -60 293 -1 27 -105 112 -65 -148 -40 -86 30 39 237 98 -1 -80 176 78 -147 -1 -8 -81 217 203 -38 21 -162 97 -55 -11 81 72 -142 31 171 192 165 64 224 143 64 227 -77 -6 -13 132 -45 -208 193 -75 -40 176 39 -215 98 -152 -227 -74 121 79 149 -90 -132 -102 -74 -173 165 -107 104 223 212 335 -192 132 120 18 -238 -75 133 -78 6 185 -154 -16 37 99 64 -121 -150 -170 75 -202 -111 291 -129 -47 -26 3 -248 161 32 91 -110 -94 -55 -235 98 131 -109 -128 42 -119 -11 236 -38 -151 12 -15 -322 72 -29 71 71 -272 109 -25]
[506 -463 -255 -75 -25 126 -525 143 46 -311 -68 212 141 34 -91 -66 284 148 42 -18 334 333 75 -230 -138 82 -49 109 57 -379 -326 -135 73 537 -221 -302 169 -103 -69 -27 252 115 -291 -110 349 95 -369 87 317 -82 125 -53 151 277 314 -34 -273 -62 48 -84 136 97 28 160 -150 226 -17 13 126 -25 -130 -51 -77 -24 119 41 54 295 150 403 93 120 -269 -122 -212 -141 -47 -328 153 80 -243 153 126 47 105 -10 303 -74 -310 -45 -40 106 322 147 145 448 105 -269 -197 -32 -295 -18 70 -276 53 -22 -270 -194 255 77 -160 49 207 160 -444 -166 119 -76 155 -148 61 -309 203 -152 189 -187 -122 -347 -337 -31 144 -137 -157 271 -154 -46 10 135 -36 -116 -53 -10 -19 167 176 132 -51]
[-601 557 240 -482 368 571 113 42 -183 224 391 -23 -12 24 66 115 140 -195 -92 75 -19 -120 3 180 -89 28 -120 291 127 329 44 160 21 -284 200 140 -47 14 -225 244 -280 -185 54 -443 56 -120 -116 -278 -64 284 -123 172 -86 -149 -87 -271 20 94 66 339 -167 66 -235 -171 -56 -226 -181 247 30 159 53 -237 -97 -123 1 -97 336 -173 -214 305 -230 34 275 124 271 45 51 103 -187 -206 96 -317 13 -106 -27 74 -1 7 -238 -140 -29 177 29 198 -49 162 -120 -21 -202 152 -71 302 -21 -266 -87 19 -196 -49 235 347 96 270 65 -254 332 -196 40 -143 -25 117 -447 13 -17 -217 156 -208 108 178 190 -57 5 352 33 -132 114 -91 -118 177 387 -206 86 -219 -49 -19 -168 -168 17]
[552 -98 147 -595 -238 -145 -216 -90 -76 372 -43 -40 -183 338 71 147 -77 60 183 108 16 -97 -37 64 196 -288 96 191 229 190 -454 85 225 -136 43 -172 163 -327 -257 28 18 203 481 75 299 -43 78 254 -59 -103 -126 -253 -52 246 -163 -112 32 -226 -45 230 -177 191 88 -115 -52 37 -5 -391 94 172 88 51 -2 69 -10 28 -44 113 -146 16 20 21 -79 -217 86 83 -39 -169 -84 -14 -223 -25 284 -4 97 -267 53 251 -107 -103 136 144 70 58 -62 73 196 -94 -23 -29 -200 301 25 -301 322 45 -55 -269 37 -14 204 -83 -355 143 390 26 -34 154 -453 -123 99 -257 42 -49 -696 204 24 -242 -99 -372 163 88 151 365 -93 135 173 295 264 -164 83 81 -167 89 -248 -150 -293]
[-202 -464 -802 382 -169 221 86 185 61 -35 -327 -67 -29 -49 277 31 -162 356 -191 -238 -114 -135 -72 -259 -64 93 -206 -11 198 -8 -70 -29 267 -36 -45 128 -330 22 144 182 -95 -36 -48 -3 65 514 -67 -42 20 177 -61 142 -148 58 228 1 129 81 150 55 11 16 295 -165 138 81 -193 169 185 207 -194 -192 -121 10 -8 135 -40 -67 196 -345 12 -9 40 83 69 -19 232 -250 -172 482 156 -44 -321 -149 179 -96 -19 -111 -242 92 20 195 194 89 -77 164 -126 -280 -51 -33 77 410 -47 -225 -97 37 -139 275 -277 289 -5 86 121 77 -85 -226 58 -88 186 54 -7 122 333 150 231 -168 -210 188 -27 235 -361 138 -162 -50 88 -243 38 -94 -143 -100 219 -131 -259 23 26 112 274]
[-296 -213 -374 -453 -317 209 293 -176 170 68 303 -112 -80 203 250 -254 -2 -14 -209 -133 -31 -133 25 -115 43 0 116 94 45 -11 24 -123 -418 -127 8 -128 212 82 -307 248 -3 -129 -193 -99 74 -242 -56 59 -6 -115 132 116 -221 -305 -233 10 8 -242 -49 308 -384 -162 -242 -3 -9 81 -149 258 269 -10 24 -127 -158 124 -191 -307 37 6 -58 -41 -141 -37 70 -252 307 321 62 15 -366 -128 -9 -2 68 192 89 178 -40 -61 136 -294 253 168 -7 -158 156 73 53 352 -370 177 68 82 -86 272 -62 -162 192 82 69 22 150 49 -40 351 41 -160 73 -51 13 -280 -138 275 135 72 162 -54 -144 -39 -41 161 -200 -195 70 -7 -19 87 111 -158 -32 -222 -153 -141 257 -49 190 -98 -243]
[230 381 777 462 -107 -209 -149 119 123 -98 29 69 63 232 -12 157 101 -39 404 -98 -9 78 9 -238 296 59 -314 -25 100 -33 -7 -1 -37 -149 240 35 -106 47 -27 -61 -626 -72 382 47 199 67 -210 87 -455 -11 -381 -269 72 -124 -47 341 74 -61 -17 235 -213 -76 -597 -86 58 -160 31 64 -349 102 -215 15 42 126 -73 -62 106 -59 146 23 70 -36 468 -14 -16 347 -15 -59 89 82 -43 157 77 -64 -97 107 -522 246 -92 -18 44 -214 -299 66 -182 -131 -150 63 -207 20 196 -54 -264 35 15 -62 65 -35 151 -100 41 16 62 -408 141 207 131 -54 -109 2 -141 215 -282 -94 -282 -120 -123 95 128 -165 -297 -134 -97 -149 -88 44 -307 130 221 8 46 -122 -139 -14 -50 -38 -122]
[-383 -192 -453 226 -312 104 -150 -105 -303 -481 -214 239 125 57 172 234 32 -184 -84 19 -176 66 -55 -115 27 223 -27 -214 245 277 -385 -10 -263 70 -127 70 50 183 -184 192 -104 73 10 8 -558 148 343 262 242 -126 300 -179 -112 98 -82 -340 -113 -47 -266 -172 167 148 476 17 -265 -119 158 207 104 74 235 42 183 11 52 -267 7 47 200 283 163 88 419 -41 -275 -115 57 -29 -156 117 67 254 -135 -21 -502 248 14 -172 14 -298 107 110 24 -121 185 -2 65 160 -452 37 19 333 -70 71 98 42 -104 -14 -257 -168 -25 -209 -4 78 -139 24 -114 43 160 -128 -17 -313 203 -166 381 -342 71 23 34 346 -81 128 100 26 366 -15 -242 -168 -84 40 -47 234 162 -188 -141 -143 -27]
[-662 -779 218 124 -626 -313 -12 -74 101 239 68 270 -63 -196 -8 -294 120 -234 -346 21 -251 211 188 -131 -79 237 36 -33 33 -103 84 -462 82 243 7 37 24 -122 16 -7 5 -177 -373 -45 -131 -129 -17 36 -78 25 15 -59 63 -152 211 32 46 119 238 -172 6 -134 -102 193 87 -179 -61 183 3 -225 203 1 61 -233 262 -91 -57 88 -100 -67 -50 -96 -192 48 65 -81 37 378 -13 196 -221 159 -2 45 164 -75 -25 -125 21 393 -116 179 -50 -95 142 -43 -127 205 4 -31 85 21 139 286 -248 39 56 60 -159 -276 88 134 53 254 -169 -244 -442 214 69 -313 82 -139 265 390 346 -111 24 94 -48 18 -49 48 -188 -44 32 -387 -233 -210 -248 -86 89 -262 -54 -97 -33 276 60]
[-286 -224 324 -294 377 -519 78 404 -68 250 140 118 29 7 49 77 134 -221 164 246 -24 -235 379 19 73 -62 109 -166 -77 -74 181 -45 -46 -97 200 48 95 140 -24 -155 -145 -65 133 136 120 -209 -107 -245 -278 -118 -296 46 246 -27 55 56 103 16 149 298 -128 -155 -130 4 -148 -163 -47 -317 -180 -221 71 -183 24 -178 -95 184 263 15 -199 70 -82 198 102 125 157 -278 -43 181 327 -4 25 26 69 73 157 -91 -43 150 178 118 -105 -145 -241 120 137 -190 -75 6 72 140 229 -227 306 -20 59 63 -14 -42 244 40 -154 354 -52 -317 115 240 -51 31 -169 -35 -247 208 -396 -98 -138 206 381 -123 -223 -73 -139 12 -200 -318 -269 -55 4 60 215 -17 153 -83 4 68 -141 44 74]
[-819 49 41 569 -69 29 37 66 165 -245 147 120 -188 -163 7 -22 130 108 107 -227 -78 99 157 97 25 311 146 55 -156 -293 163 -214 -394 -80 46 -25 39 153 261 182 172 -317 -84 -16 -83 192 -190 -54 156 -137 -74 212 144 -119 -58 25 215 -1 117 169 249 -74 -81 -63 267 -234 -88 51 181 -25 226 -200 -101 -344 -170 279 51 -251 -203 -76 -301 -241 -266 152 27 -110 192 -212 -160 73 -27 -23 -142 -38 39 -18 72 -86 -119 111 108 238 79 4 -107 15 -475 -243 44 180 95 -163 152 -118 -36 62 -133 148 -13 76 -58 50 607 89 8 -66 -299 -108 179 228 56 166 -67 83 501 -101 -12 248 -84 -34 -41 -190 154 58 27 -126 -76 -354 -101 -304 -63 -385 -64 -188 20 155 318]
[-104 570 -494 148 260 116 -607 164 -110 -154 -56 -111 150 40 -310 -89 -31 226 217 190 230 266 -58 349 -364 -47 38 112 -162 -257 111 182 -207 303 43 19 -88 140 187 -125 119 63 106 -306 -114 -108 -224 8 21 -87 -18 -253 290 275 6 -7 94 -170 -225 12 381 182 9 -185 50 -80 -86 -52 -87 -250 208 -24 173 -178 -71 -219 107 65 81 336 261 -72 -56 -104 -445 -201 -56 -24 60 169 22 17 97 13 -34 -177 100 -142 -186 276 -8 -131 -6 183 -78 -23 -251 -419 -115 -285 -431 -86 37 -178 -8 -24 -350 -241 -44 -121 -312 75 62 85 -274 109 163 48 36 293 52 -144 -119 -362 -52 74 382 31 -45 -135 238 126 -71 234 -36 48 284 144 83 142 37 5 126 -125 1 38 -79]
[345 -181 268 -110 -571 262 -217 122 -176 280 72 241 -86 179 -86 -192 59 60 -108 -300 243 141 138 -66 -90 259 115 161 -232 -199 -12 -87 80 -89 334 288 132 79 -24 -186 -60 -233 -189 -235 132 -18 -140 -283 -187 -176 -17 149 67 -86 -127 105 57 79 205 -81 -9 -117 -155 -90 189 116 43 378 -6 183 -51 100 108 63 113 -181 121 -159 13 135 301 -154 154 -133 -67 217 -274 49 146 -66 155 213 -18 -199 4 -32 -160 -273 -85 -161 -46 33 94 -52 3 88 79 -179 -355 -138 208 36 -189 11 -276 -67 -41 112 -273 -200 -111 99 31 -154 -456 -46 2 -61 -155 -38 -121 58 171 -150 259 157 -80 46 -119 80 -16 -188 -306 -100 -4 198 89 -96 -92 -74 -98 -393 -113 122 -39 153 -93]
[-390 249 -729 -399 134 318 26 41 -215 -227 -270 -59 95 -22 -73 174 -92 117 594 46 3 111 261 227 -145 -229 -127 270 64 -184 -180 185 -274 -153 28 -84 -7 246 60 -66 -328 190 203 196 -29 98 -51 355 232 -3 -322 10 118 254 48 80 397 59 -156 82 180 245 -3 44 32 10 16 -67 52 -139 316 67 -1 -82 -47 315 98 9 -95 -110 -19 -104 66 42 -413 -340 -265 36 -40 191 106 -116 -281 -78 -28 -5 236 78 -58 -148 206 -223 51 -17 -9 -44 -170 -435 -165 112 -112 286 64 -130 -68 320 97 23 -3 133 -261 89 74 47 427 234 45 -36 199 352 129 211 -252 78 -400 -156 295 40 -112 -300 266 70 49 -148 11 55 29 78 77 -331 0 90 86 -163 -10 -31 -301]
[652 369 211 -233 15 154 -196 -132 -44 -578 -234 250 -350 44 15 101 -100 30 200 -204 244 -55 -282 -39 11 207 10 -263 2 -183 -230 -116 -159 69 36 -68 -168 149 -85 270 216 319 -352 -134 -75 110 -227 157 131 -144 298 -79 -295 90 -152 -177 164 -151 5 212 -291 112 390 176 -159 440 32 -74 406 287 49 -125 -250 211 -137 -11 -25 -104 322 219 -131 -224 278 -142 39 -42 -98 -73 -312 -55 91 -209 -194 -105 70 382 160 -58 -132 -131 -3 217 48 -270 -147 187 260 290 -70 49 6 335 -202 -59 -138 116 175 -161 79 7 -34 -204 -45 170 -321 -263 44 99 -150 -173 -141 -203 114 -74 40 -470 -463 -321 247 265 -148 -235 -105 32 197 408 115 118 29 239 76 58 95 338 15 23 -379]
[-722 -685 48 608 -39 -284 -291 190 -66 -96 193 257 -114 -106 -89 -318 -109 171 368 16 28 89 -56 -110 -56 -62 -83 -171 44 -276 216 -77 -240 240 -190 -98 -26 -188 -55 -107 228 31 128 62 -141 -268 -228 -78 -37 -146 25 69 -20 72 35 89 200 158 -231 50 -12 -100 118 279 -147 91 133 -403 73 -36 282 164 -30 -36 -64 77 -23 51 209 -159 -220 7 113 58 111 -155 -228 -5 54 -159 -43 26 -113 155 112 132 43 29 120 -16 33 -412 -99 -86 -358 -184 32 102 342 117 159 -229 283 -68 48 347 418 -27 276 155 -386 5 -36 -68 -254 100 -55 -42 5 -258 -48 96 -185 67 226 -122 -170 244 268 320 -134 1 45 -32 -96 7 -75 -97 104 295 35 -190 129 -80 -172 84 -350]
[-107 -481 -196 -506 -202 -68 108 31 -32 214 394 -119 32 -201 -200 -335 -77 -16 -256 -130 -8 191 12 39 -161 -149 -114 123 148 201 78 -264 -84 7 -112 -88 130 -133 -133 -411 66 -271 -466 -208 137 -333 78 -34 42 95 -43 304 238 -118 -32 -409 -53 6 55 -22 22 210 -39 129 -48 -17 -7 -89 -47 -110 198 195 46 -284 203 -189 92 33 -252 91 -326 277 -129 -82 -21 48 -165 -18 353 -118 124 311 184 281 18 -119 -29 -102 315 305 -172 -72 244 93 410 262 -180 112 -303 -36 -46 -195 358 -190 -208 138 74 5 -137 -211 -136 265 98 64 -98 -112 -251 84 -69 -189 164 -144 148 91 -91 -170 109 -107 156 -199 -64 19 -363 45 272 74 69 -22 142 -319 222 -179 -10 41 -6 119 -262]
[-203 -529 376 1084 825 123 -13 -87 -1 -1 123 -212 90 -69 198 165 213 -121 -296 163 64 -102 31 -37 -106 86 -341 -126 -82 -29 318 110 107 53 -31 11 -170 -20 159 -66 -95 355 -4 -335 48 -44 -27 -160 -187 325 -124 -116 -30 -175 227 309 -275 -96 -107 -102 -99 -104 -176 0 347 19 -78 40 -179 -173 -261 -213 -97 121 -112 -2 -128 -53 -32 -15 13 216 -162 -50 216 -22 314 -45 50 15 24 -6 164 120 83 14 -94 -110 105 -57 93 -114 -176 116 -191 176 -199 181 -41 65 129 -47 -191 134 71 -186 -321 124 189 67 3 132 73 -197 -123 -123 347 -127 -247 -115 -100 389 -114 -165 28 125 -118 77 -58 -28 -58 113 198 -217 -15 -21 -112 166 24 8 -112 -79 50 -113 167 17 299]
[-634 -190 11 -41 82 -329 145 80 -181 346 -206 -104 -33 10 74 -195 307 -256 220 -152 204 155 -19 -198 -34 -81 43 9 44 359 -360 -44 116 -19 -45 86 81 67 -6 198 -221 -190 289 171 -183 249 160 -167 93 291 -156 37 -110 160 53 -52 -84 163 261 -77 92 -76 55 265 -47 -145 153 134 21 412 -17 131 -57 -30 356 230 7 -269 50 38 -13 94 126 62 30 165 49 289 304 -225 131 -21 -247 -156 -17 -143 36 130 210 -140 -299 -14 -12 128 -210 -59 306 0 -20 52 275 213 -275 85 261 27 -106 200 -333 -227 232 -42 -128 -37 -85 11 -154 111 -273 -12 -313 -153 -173 290 -11 -151 -181 -171 -56 -10 138 -17 28 -141 71 -85 -167 293 1 54 10 99 -300 228 -304 -110 -18]
[779 394 -660 2 457 110 327 189 66 -187 22 77 226 -118 58 310 34 -136 21 188 -100 -316 -37 147 -122 -181 65 -125 82 -422 154 -35 313 -57 -143 130 -347 203 194 185 28 284 155 202 62 492 -106 345 -151 33 -315 -131 -89 29 -36 363 130 208 -50 -70 58 -146 -87 -25 162 -55 180 -124 -60 -121 -36 -339 -162 52 -208 171 -259 136 266 -239 39 154 -128 -60 -108 -20 156 214 104 36 -97 -162 -245 172 72 -99 -298 -38 131 -2 -116 -116 -220 1 -181 -291 -148 -91 318 -285 243 -114 -197 84 178 -95 26 108 -18 243 -97 -35 111 -285 -88 49 111 -137 -71 164 27 292 -45 21 52 159 345 89 65 -27 -146 -132 129 12 86 -9 -96 -40 -236 105 -49 203 14 -132 37 -14 136]
[458 -712 587 -639 670 266 -113 55 -236 -290 97 44 -421 23 114 216 -50 -231 259 26 105 2 -278 206 -80 -66 123 -193 -16 173 -77 283 172 -192 138 39 0 181 49 -73 -85 107 79 -483 149 -188 -63 83 140 -124 -130 191 -36 -106 -63 -161 -205 -217 -105 295 -185 179 -25 -292 -222 -75 -116 -206 -44 104 -24 -17 177 128 -145 13 284 -173 -246 294 132 5 239 -20 78 -172 -157 -262 -11 -219 166 -34 -64 0 -187 162 99 -31 -171 -233 23 -155 312 75 -77 291 -132 -299 24 148 -45 117 -91 -93 320 6 -221 -127 -175 187 -246 146 55 -56 -5 363 -10 -45 -20 251 51 -107 -250 -434 -21 -33 56 166 70 53 -170 172 85 -208 5 235 72 92 259 -140 -102 -205 62 1 -73 -63 -95]
[-58 -75 -676 -358 186 125 -373 369 140 -91 -127 172 9 36 83 -121 393 166 -204 210 262 149 143 163 -238 -68 254 139 -157 -210 205 22 188 275 -137 126 -180 11 -238 -191 -29 65 -43 -71 367 -194 -107 -21 107 80 -125 121 268 -14 90 102 -22 -98 284 -29 -91 -301 -230 -4 185 252 94 -45 -21 -121 50 -295 52 -33 -9 -90 -155 299 -114 374 13 106 -363 61 -1 -379 -215 -77 -135 68 54 168 -90 13 -102 38 296 30 -217 -86 -278 210 -10 349 137 -46 -24 46 99 34 238 39 -90 -119 172 -72 -167 283 -127 209 -77 178 19 2 -99 112 360 -109 97 101 86 -15 -132 -51 -63 271 343 97 -209 97 78 82 94 -135 -163 -114 297 -71 125 -99 83 135 -76 75 196 50 96]
[393 373 -474 292 235 -129 -563 92 40 -126 -291 -226 -127 -235 -71 -74 99 356 -332 -127 118 109 57 26 -227 136 229 -250 -138 -293 246 -61 226 -16 -57 -101 50 -3 -91 -255 148 269 -152 13 70 -36 33 184 88 55 -118 84 199 136 48 -65 -107 -173 -52 -299 -10 -103 210 125 -274 265 347 -191 125 -93 -261 203 166 -113 162 209 -69 -248 95 45 75 -293 -259 19 -231 -303 62 -90 89 1 138 172 -169 128 68 60 295 -177 60 -165 55 -67 -31 -205 -125 -73 57 47 271 208 -106 -105 95 177 82 338 -174 301 -168 109 -31 74 -157 110 -486 41 188 262 -353 -7 274 -17 -161 253 -14 62 -115 -47 -205 66 -24 -197 -54 250 24 301 98 89 11 172 -246 -131 -79 -12 93 -125 -153]
[-117 315 -480 -421 457 -15 350 257 -129 -27 114 -172 92 14 215 87 -20 61 33 228 388 145 -72 46 -295 17 -68 110 -42 97 209 272 -231 -110 39 158 97 204 128 -1 -116 -91 112 -138 -243 49 -104 27 -49 108 -118 131 -89 -168 -101 -39 131 122 117 -55 -48 206 70 65 261 -183 10 144 41 176 -182 -38 -251 -28 87 -114 85 -272 -72 132 -209 111 -54 205 -71 37 -14 189 -73 -75 170 -179 -146 6 48 -77 -93 -225 -64 -37 -12 -64 -186 205 -20 -8 -83 7 -351 181 136 168 -12 -208 -82 -64 -43 -13 -37 -86 -41 271 64 -143 289 -55 -13 -53 105 109 -361 432 -207 -124 114 -201 39 -1 201 -32 218 -60 117 -259 60 480 116 307 271 115 -17 -66 -166 -88 -50 80 69]
[-510 739 -589 3 394 -229 32 -324 43 128 -271 -225 308 -91 265 320 -244 22 -196 26 -88 99 -107 7 318 183 -150 -63 66 107 65 18 13 89 -158 -167 76 -85 55 34 202 156 180 304 -82 71 -36 -78 33 136 64 -99 180 164 207 -118 168 -89 -43 -164 226 142 212 77 144 -26 -244 13 -101 -135 -202 7 19 -132 37 -43 -137 67 158 -46 111 -28 58 72 -107 -43 89 -179 133 276 -134 -201 -9 172 -8 4 58 133 -1 229 -141 -39 -120 -62 177 85 20 1 17 -177 -129 -169 146 -128 106 -181 129 -261 53 248 168 -116 1 -100 130 -175 6 58 118 -50 14 -4 15 76 -78 -56 7 -42 166 -122 232 61 326 259 -30 4 -130 -58 -149 169 40 70 20 -91 6 344 42]
[-100 -671 -500 -49 -23 245 -112 -79 -158 -171 5 249 -139 -182 -56 198 -156 -107 -299 66 -169 87 153 -136 65 -121 -134 62 -172 117 211 -88 -184 -36 -8 104 -27 -99 91 -2 -62 164 -157 -294 -48 192 -62 -173 289 241 -123 8 136 -153 -65 -160 -150 114 118 -14 124 -48 177 -150 171 68 72 -11 -29 -29 141 -221 -149 -140 130 -126 -56 136 -96 98 -202 290 -99 76 -22 -211 -51 -87 -264 -143 117 -69 -66 43 -17 -135 -30 -60 -276 179 -57 -37 180 174 -54 32 -193 98 -147 -115 16 25 150 -292 -5 -118 -183 -106 85 154 -282 123 457 -153 111 -63 -167 -423 -103 164 -210 7 16 -292 199 -97 206 59 86 126 149 122 -139 252 428 -95 144 -101 85 -267 15 1 53 -28 -106 -111 188]
[-30 -309 -373 -2 -466 71 96 -101 142 9 -175 54 185 -262 -81 -10 -264 -116 106 188 -369 191 147 229 259 -121 180 260 108 14 -137 -175 238 -213 -191 133 -20 89 31 -4 106 116 -20 135 -119 111 371 64 -4 106 -299 75 289 -22 215 27 179 84 49 33 48 -58 86 -155 192 125 -78 -179 -285 -230 224 -39 108 -166 92 235 -126 373 80 -32 -168 45 198 28 -142 -144 -325 17 394 -40 54 -62 55 -111 74 -157 65 88 98 -67 -330 -63 -65 100 272 -296 -88 88 31 -214 -114 -12 -120 55 -34 -97 166 -33 64 22 72 -16 -29 -41 287 -3 -80 227 -195 -35 250 -327 35 147 -381 -95 225 -153 49 -95 98 4 -132 233 176 -270 31 -35 -12 -101 334 222 72 -112 -122 -72 -43]
[-657 -328 -194 -330 -65 336 -281 -321 309 -393 -65 183 106 358 -219 119 -110 -355 83 263 48 407 -99 59 0 53 -218 35 -81 -52 245 164 -37 -158 -26 115 158 -120 174 -113 118 68 -51 -352 -215 -182 80 -139 -21 35 225 87 97 -176 -47 175 -404 27 132 19 -321 -83 -355 -271 269 -293 -96 -131 64 -92 55 144 -128 -101 -240 -157 24 316 -130 -52 88 248 -117 -281 17 21 100 -15 146 40 -75 215 92 174 66 -74 -5 61 -72 -161 -7 -439 -237 182 0 24 -171 165 -3 -98 84 -245 130 72 61 -253 -112 -249 199 -7 220 -98 302 157 -73 -3 55 151 -133 -180 -153 50 70 -130 15 -100 -144 -136 -112 -123 180 -82 82 -61 -151 247 119 342 90 59 148 -94 115 -119 176 89 -118]
[-525 270 623 240 96 350 -81 -9 -119 -331 61 -109 -70 -23 -126 -1 255 62 56 -159 175 140 1 -132 43 -2 133 93 -27 123 -94 156 -241 250 -72 22 -338 -16 -293 62 -19 144 -305 -182 -94 100 153 -93 169 205 50 -173 -186 -36 191 -68 -37 129 162 -356 215 49 219 242 40 116 341 98 -68 165 113 -69 -22 127 216 316 -260 89 187 100 -280 -77 -31 -31 115 -222 -222 -44 -612 -204 323 -249 -115 -58 88 177 293 104 -114 123 -135 63 106 114 -309 36 109 472 -223 103 166 281 -67 117 -227 51 19 325 -74 -42 -135 -52 -84 -114 -181 -189 77 -264 -246 86 -31 3 106 55 260 55 -18 -45 -29 428 144 324 277 -118 279 -277 73 -154 29 -32 -341 112 33 -38 73 -58 -70]
[-7 299 534 146 -323 -209 -97 45 9 226 233 81 139 -255 122 103 -150 221 158 23 -193 -127 -295 328 -99 53 -1 198 -73 -179 -4 172 -271 -28 -91 -78 158 81 282 351 -1 -169 36 30 -338 235 127 166 -58 149 49 199 -62 111 -94 -136 -28 45 114 -145 390 250 417 20 161 -239 -340 96 85 -60 124 -166 166 -119 76 -63 -27 51 -99 -156 -256 -4 -103 192 -262 92 -14 20 46 -134 -110 -209 -43 -56 198 50 7 -115 -82 142 -267 78 142 112 -119 -130 -186 -216 125 -209 -160 69 64 -231 41 118 205 -81 -2 28 5 11 -230 106 -68 -280 -192 169 197 154 -74 178 268 -26 487 -102 35 274 49 63 333 99 218 1 -52 -204 58 57 -3 -41 57 82 -17 -179 -187 -7 152]
[-531 -242 -360 169 216 449 109 72 -56 -92 35 -42 204 55 117 321 111 88 68 161 70 -47 -89 135 -175 96 51 -89 -22 261 -6 -44 -118 -307 55 235 131 368 216 116 103 -121 -67 -309 -244 439 108 -9 213 17 303 40 -70 149 -71 95 6 -50 86 419 -45 269 19 -36 -101 -192 -192 -41 94 7 4 -218 -32 -31 -114 -58 44 82 -154 67 279 104 128 -228 -52 -39 163 180 -67 49 -95 -242 -31 66 -29 189 -28 -126 58 -61 -127 181 -102 -217 159 -43 -88 -96 -297 -60 -280 181 -266 46 -5 -62 -55 -295 -157 -82 194 -197 340 129 -254 -158 23 127 204 8 -185 -72 104 -10 127 -230 108 -215 -122 -84 34 -231 10 54 185 130 21 161 -73 156 167 181 170 -95 155 -10 -70]
[280 -838 -318 -42 -218 -166 -96 -32 204 -212 3 149 -234 97 0 -96 343 -140 -368 -11 -96 255 283 -187 230 -226 -19 -144 -115 -114 514 -282 68 -180 51 -99 172 18 70 -303 -146 -173 117 392 298 103 -76 -77 171 -65 -86 -21 189 148 222 -81 17 -132 221 49 -76 -172 10 -82 -162 -13 12 -123 203 -177 -1 4 -56 -175 100 136 136 120 -149 -45 63 -129 -299 -167 -296 -84 -168 -59 -7 411 64 48 -30 -74 -29 24 -132 222 -275 120 208 -271 25 -132 -110 -2 -173 92 167 143 -117 -215 208 -239 -283 20 -56 41 140 3 -21 -42 549 170 -75 55 -36 -107 465 -57 252 -123 -202 125 -15 -19 169 -62 -204 53 -166 3 -199 67 77 -40 33 -200 -6 -51 55 61 223 182 73 -20 147]
[-643 -474 -212 -403 275 -150 103 114 144 -191 104 370 75 95 215 218 55 -253 103 197 -268 -4 361 154 33 -142 -71 96 -10 -595 -58 -97 -74 83 116 85 101 158 75 237 281 248 10 70 -7 -25 -11 -99 -302 -159 -245 328 121 -124 277 225 58 -128 228 68 74 -99 151 -209 629 -127 -89 111 -79 -376 -95 -1 -160 315 -194 251 -52 301 241 -98 -219 -115 144 -55 71 -326 -74 -238 117 127 -157 -107 -8 -148 -60 54 -33 -265 -100 -475 44 -115 -96 443 -185 223 -114 41 -62 96 141 42 -88 68 5 -50 -168 185 376 162 -23 326 496 14 150 -187 24 56 -106 -218 -214 34 -7 -134 238 -174 44 -160 -145 -1 134 -21 -45 -252 -91 -338 -166 -57 104 -450 211 -33 22 -252 63 240 229]
[292 740 489 330 -179 -539 -429 -120 170 -38 -140 -39 -281 -77 85 -166 -300 277 64 -175 -449 28 -1 -168 314 94 -13 -193 106 -315 189 -259 376 234 88 -32 53 -182 244 70 244 -98 23 121 380 142 -9 -78 -313 -169 -255 25 194 -34 114 -5 49 -2 91 15 -51 -230 62 -210 -60 107 -26 68 55 178 8 -102 85 -177 -129 268 -149 96 260 -165 54 -307 -35 -47 141 -381 -26 -215 241 48 -41 -7 -112 -265 134 -181 -308 -64 -15 112 -103 33 -161 3 -160 -33 -78 -229 427 26 -87 -46 86 29 266 348 95 72 92 370 83 142 86 112 -199 102 -359 55 -64 129 515 -170 -49 352 17 105 88 431 -171 129 -331 -241 43 112 -7 -355 60 -198 -104 2 -1 -132 -239 -88 -110 16 139]
[-541 -279 -178 464 443 -214 140 102 -236 -44 -361 -204 127 -6 112 40 4 -376 -253 -127 -246 153 153 -90 60 20 121 -39 115 247 -314 -146 -76 124 292 -60 59 118 -60 -146 65 187 -103 91 -23 79 -138 183 13 -110 -226 -273 193 -98 13 -72 117 -43 -59 -177 -2 27 -178 -88 18 157 114 359 -501 -135 -393 31 87 39 300 -120 -207 162 49 381 271 -269 193 -49 135 -69 70 -361 -68 -61 -34 169 342 -453 -160 27 -19 -147 36 -225 177 231 21 88 321 237 153 239 -360 197 -282 117 -332 495 -187 -192 -466 -1 262 -279 83 59 76 25 96 140 -127 -72 -118 -128 202 -460 217 -162 -173 69 -168 -224 -437 -278 176 -118 -58 330 12 -167 50 -273 -157 -33 -409 -34 100 -50 120 212 116]
[-376 -448 504 -134 97 -349 402 -228 -287 444 101 90 -136 348 202 -157 119 -311 -381 34 -79 -112 115 252 -4 8 410 -44 -22 108 81 -446 -57 -193 0 -132 -108 -279 -111 -28 282 -54 39 201 61 -492 57 -332 -70 -197 -81 259 323 -274 87 -224 117 6 4 267 -48 -334 -40 298 108 -155 3 -299 55 -172 291 192 -50 -55 200 -349 106 -17 -171 27 -243 1 -41 14 466 -208 -184 300 172 -120 104 246 238 127 -130 -104 119 36 247 6 23 -146 -61 0 62 130 274 298 208 38 180 -141 346 -111 -56 -31 91 -202 -85 205 56 160 -206 -61 166 16 -57 -12 -74 -175 -144 -219 15 99 14 70 254 82 142 41 81 426 -267 76 194 135 -252 -177 21 -45 -133 -55 145 76 31 171 -156]
[-64 755 -406 110 -430 380 -284 -227 -175 9 -165 -58 405 -240 -126 493 -296 92 239 -46 72 -192 -295 366 -20 53 88 -161 87 -137 9 127 -65 -136 -20 81 -162 31 -51 162 -375 -16 129 34 -326 193 183 377 -118 142 40 118 -148 174 -70 -57 -31 162 -119 -74 273 366 445 -272 155 -270 -323 -64 136 187 -102 -122 158 -107 25 -43 -76 -166 278 -40 136 38 18 172 -330 62 -120 202 239 134 -6 -64 -36 -80 -291 -92 -225 -194 267 354 -15 -189 -97 -24 -225 -270 -241 -120 23 -202 49 384 218 -131 166 50 -76 -62 -387 154 13 16 -348 -72 72 -229 -163 -82 -145 43 20 41 170 -186 159 -98 33 71 273 73 -195 85 36 193 52 191 164 122 51 217 16 -119 -108 -124 -164 -169 92]
[-391 568 767 -696 140 -119 158 143 -93 74 71 -114 -246 53 -181 -16 103 -189 237 190 20 29 248 122 69 -2 205 -180 -69 199 -433 36 -185 -151 142 26 -84 142 -23 102 -1 212 -92 147 -75 -18 -24 79 50 -245 128 -234 -150 267 -178 149 -29 -34 -70 17 -97 108 -83 155 -92 81 155 55 -109 28 -214 192 13 276 109 177 -18 279 143 149 232 182 212 -177 24 335 -148 92 -5 -106 -244 120 297 -5 -14 279 1 72 190 -155 98 116 -173 -146 244 2 288 269 -391 101 -141 -66 -92 290 -67 -112 -2 -18 -203 -397 172 -268 5 -116 18 258 -186 204 -115 -196 -87 53 9 -155 -250 107 8 -451 116 -59 296 -134 -45 175 -103 206 -73 -85 -106 248 162 229 66 167 170 89 -210]
[-621 -596 433 -312 144 186 38 -210 -229 157 133 90 5 87 217 -14 330 289 -372 -296 222 133 -223 -65 -146 430 -192 -114 -311 -67 433 60 -35 -25 -6 4 31 5 347 -62 228 -329 -47 -115 -60 147 45 -177 -15 162 254 25 272 -54 -118 77 62 -263 37 142 90 41 59 100 218 50 65 -125 173 118 141 196 111 -239 101 -217 -28 -409 -270 -82 -132 -193 -149 247 45 -25 224 -91 82 28 317 138 -78 200 -369 -158 33 -173 -31 296 65 180 140 -199 -160 121 -443 -232 -98 168 216 -71 14 -257 -149 -29 -157 210 -258 -2 163 161 145 135 -382 -76 359 -212 59 149 50 141 105 52 499 71 -278 130 -22 145 -275 43 -139 -34 237 322 121 -71 57 -85 56 -205 43 -66 78 -55 115]
[-742 614 -615 668 257 -508 -79 -258 197 107 -113 -166 -46 -22 -11 225 -9 157 470 211 -135 248 -37 185 405 185 -122 -77 99 118 -121 14 215 -48 63 -174 -26 -229 211 123 -118 -56 167 -183 -309 -309 206 -260 -242 46 68 -60 128 -241 177 163 -47 -10 -254 -176 229 -150 -136 -16 -28 -312 -327 106 -188 -51 41 164 303 40 -228 82 -7 -162 238 5 64 -188 300 76 58 -141 -180 -52 421 120 -126 58 60 39 -109 6 48 99 122 -107 -280 -36 -57 79 -167 48 -234 -104 136 -25 -29 29 165 241 87 -9 -35 -164 -160 14 301 -67 -208 -125 113 -7 -76 222 -112 51 -115 -263 -283 65 -119 61 29 214 140 85 240 365 330 -85 -25 -184 -132 108 -70 291 -11 61 -96 22 -19 -239 -49]
[-449 -117 365 -250 79 -199 94 666 55 -52 -57 -63 -60 -421 -245 -163 -92 403 458 -140 235 -181 -225 -202 -397 -274 -76 167 -45 -51 59 83 -155 461 -318 7 -417 220 16 -38 261 137 -95 -65 -24 104 -301 68 149 137 -229 -84 -177 -40 218 268 189 39 -42 -118 35 -230 393 144 210 43 284 -172 123 -30 23 -146 -275 154 13 120 -164 46 514 -184 -172 383 113 46 -343 -31 65 -193 -180 -170 182 92 -179 -15 116 69 23 155 -220 72 -326 -397 27 249 -223 -334 137 136 40 -264 217 -180 -309 -73 114 -180 7 16 46 74 -160 31 125 -149 -187 -160 32 -30 107 400 -71 244 -111 23 285 -65 -25 139 357 280 169 -171 -64 -31 -144 58 8 -157 53 135 146 -20 -117 110 -91 325 223]
[12 258 -556 91 -105 -354 6 62 -67 -145 -127 -221 -24 -134 267 -13 -82 235 -216 134 21 -40 -181 -204 87 135 310 -214 252 -16 -37 -306 401 299 -184 -256 25 -151 -166 25 370 115 -266 42 166 47 -62 108 399 -15 263 -27 -8 259 255 -156 55 -30 -180 -275 93 131 424 304 -262 93 172 -94 21 -26 -203 211 121 -79 214 29 47 -22 196 -205 -203 -372 -183 134 186 -363 2 -23 -145 -17 106 -1 -59 132 73 9 319 86 -13 165 -5 97 78 -219 46 78 264 282 112 255 -136 -38 137 -215 54 83 117 204 -111 257 -71 -68 -236 85 -174 71 -5 82 126 -361 205 -216 196 86 91 -167 -99 -60 151 375 -252 347 4 317 17 -59 -42 -111 -170 302 32 -39 68 -102 93 44 80]
[170 -612 -106 44 331 165 -197 -1 -217 -142 -261 46 -204 70 -164 -81 188 -320 -335 -89 230 285 -119 164 -268 127 42 -282 9 183 -146 37 -189 -20 253 296 133 108 -358 -136 -22 -29 -75 -237 34 -84 -222 -1 108 -26 247 -51 -46 78 -272 -183 56 -176 85 14 -355 121 -25 354 -88 114 293 410 146 182 -151 265 27 -11 260 -304 154 -359 -146 361 60 -385 38 51 40 70 124 281 -246 -20 140 225 -31 56 -182 357 58 -148 121 -185 76 238 -223 -51 198 204 185 415 -265 246 41 182 -137 288 -103 49 -185 169 -153 -158 133 -29 -50 23 -362 218 -76 139 -26 -221 -81 -242 34 -79 -16 -213 -66 -330 -6 141 -66 -87 100 -138 -17 126 -201 11 75 103 -71 -50 -5 -7 131 49 -195]
[305 735 -153 187 -284 -26 -19 -135 58 94 127 150 -87 87 187 196 142 -203 -109 -152 -237 -73 -83 -270 266 124 -161 -41 47 -51 -314 279 180 -203 28 -164 112 88 -120 -46 92 73 98 56 -74 120 101 -78 -247 84 -37 183 -161 -153 190 -119 -189 -342 199 -145 -44 131 260 -141 -192 -38 -33 87 156 211 -402 160 14 226 -266 204 79 -226 -88 -70 -74 145 142 -1 -90 82 -53 -471 -38 163 18 281 -373 129 -59 175 50 -219 -183 -233 126 41 347 207 -23 179 -61 -294 -190 -17 72 205 248 99 -97 36 -123 161 -218 -123 128 241 182 -91 -21 16 -63 59 -117 -90 -29 58 -42 -28 119 -88 -152 116 -24 119 38 64 98 -310 172 -34 -59 166 -104 -223 205 -81 -131 168 -22 -228 8]
[-834 552 628 358 359 119 434 -20 -194 105 21 239 55 110 306 39 351 -295 -469 -112 93 -46 147 -42 -93 149 -79 53 -159 -96 18 -27 178 -211 200 113 154 108 220 -98 5 16 -55 71 181 149 129 -454 -10 69 -183 92 215 -25 105 97 27 95 317 38 -4 -136 40 22 402 28 -52 106 -42 90 -49 -69 -163 222 243 -239 32 -181 -257 -77 -45 80 62 112 19 195 81 -51 266 1 173 -73 -2 -93 -94 -113 -48 -191 -111 -234 79 176 16 -100 87 167 224 -315 -85 67 103 118 -173 -186 -188 -120 -98 -23 57 61 -168 207 256 -286 55 -73 120 -161 -82 -1 -182 49 55 -140 120 2 -40 -232 -177 -228 265 -69 -355 -55 236 356 55 69 -95 -234 60 12 -98 190 -63 176 63]
[-768 -620 -84 200 465 417 -383 256 -27 208 -71 -328 266 151 -225 -86 -71 380 -39 150 115 -118 -91 235 -168 -372 114 80 -124 -101 181 -5 -94 82 178 -44 -29 -90 -144 -251 -117 -108 114 138 76 -81 107 -67 -40 115 -140 -40 41 -203 24 55 -97 -146 -94 -266 -66 -96 -136 47 -69 -89 251 -163 -88 31 -235 -20 22 -180 -38 -15 -32 -133 54 -96 77 -57 -379 40 -60 -338 62 173 75 52 -151 18 180 70 -40 -265 -50 155 14 358 16 -127 43 196 -281 -159 108 194 175 -17 -34 -129 344 10 271 66 -120 -163 -73 215 69 40 -210 78 59 81 237 -256 -222 58 19 74 -217 250 -152 187 216 -37 -151 -74 -14 -70 106 116 -101 100 64 191 104 275 -377 169 -43 -8 227 -223 207]
[-76 747 85 444 -100 -239 166 334 45 217 416 77 15 -123 136 -301 225 319 -310 60 -53 -6 26 76 128 126 10 140 -212 -78 352 -5 -166 -90 -144 -62 202 65 34 -81 444 -196 -116 20 53 -44 -37 -144 73 27 -84 213 216 -229 29 94 131 1 174 -120 210 -90 127 308 -1 -142 170 42 0 -312 20 154 67 -23 257 -241 48 -18 -385 -170 -303 -142 -269 274 -4 107 22 -49 -78 -69 -29 -107 -98 372 -11 66 225 -131 -236 -72 -77 -91 436 142 -128 -63 -347 129 91 26 230 -170 133 -100 -323 53 -18 160 208 -230 -62 145 77 213 -386 -238 174 9 170 -58 254 9 -154 389 351 193 -6 40 -44 33 252 57 -135 -117 145 -131 -42 40 -36 -330 -131 85 -173 -144 -33 -223 -88]
[656 279 407 -582 38 266 -49 105 88 -316 71 -55 185 14 -24 198 165 90 -311 -52 -161 52 215 395 -236 -89 22 -14 -118 -386 214 -120 -122 39 44 93 -60 63 27 -44 332 -2 -60 352 83 -12 271 5 -35 -19 -9 193 334 293 178 -111 80 -84 187 -141 232 211 297 -18 353 106 70 -35 143 -319 -74 38 74 -26 144 -33 -71 177 74 -102 -137 -72 -308 -118 -393 -122 -28 -40 233 453 22 46 -115 -7 -101 -156 76 -184 -78 198 -187 38 -15 -17 -28 220 -181 -164 165 -143 -82 -114 236 -134 -107 107 -200 166 -79 32 -285 56 80 81 49 -20 27 -3 218 -121 24 -57 209 148 253 -149 149 -66 -100 7 205 -48 -326 98 156 -164 -103 -18 -124 -442 9 64 41 126 33 411 -42]
[227 -194 -677 75 -105 404 -240 37 -224 81 58 -264 439 88 3 22 -7 336 -158 -142 -162 -101 143 39 -153 -50 -4 51 7 -4 247 299 -183 86 336 -10 105 16 -207 83 20 -206 -196 84 177 36 92 -208 -61 51 -100 207 -64 -172 -212 -229 -173 -83 -59 -425 302 43 88 -189 -278 242 -12 288 169 19 -124 -89 138 -26 32 -104 13 -284 135 156 156 -269 -226 144 47 17 -16 46 -85 -74 63 -59 -118 55 -83 59 85 -336 -118 -72 199 292 337 119 -70 294 61 -198 12 -51 -119 -152 330 185 114 292 -101 142 -205 273 55 93 55 128 -297 150 81 -392 36 71 171 -210 -76 89 198 137 114 42 -285 109 -10 -50 93 -125 82 -268 248 -132 -171 -218 -531 16 -160 226 86 -412 -23]
[-503 -576 -195 -278 325 94 -439 69 -98 21 153 0 -265 -133 26 -51 14 -115 -405 -146 -171 24 247 -83 138 -195 -85 -91 -114 -22 246 -173 93 169 335 -19 10 -3 -60 -235 -216 129 176 -37 561 -10 -176 -218 49 33 -177 -190 -20 196 91 -146 10 -128 -36 -20 -88 -21 -63 -71 32 242 228 224 -117 -29 -74 -159 -52 32 127 124 -70 22 -1 89 130 -146 -40 -109 -101 -84 -28 18 -118 -103 85 -51 171 -134 20 -85 -187 37 -191 234 242 302 -75 -142 -47 303 220 248 -77 29 -198 21 62 -165 212 216 -50 68 -108 429 -292 205 174 -130 9 140 -124 -272 -73 104 117 43 -108 -72 -15 181 64 132 -81 -73 -219 -20 -20 249 26 -180 36 -249 18 -122 -160 -73 -17 59 -47 198 100]
[-706 549 -358 307 -1035 315 37 -13 230 40 6 15 214 11 57 146 -176 18 -184 211 65 94 52 119 -259 111 244 -35 75 -455 58 -382 186 -192 -78 -34 111 44 -312 -54 -226 -67 -277 -133 -190 -60 -120 327 -140 92 -141 245 -114 -164 -112 86 12 47 -122 -172 50 -61 -367 -191 -2 -108 -127 284 -25 54 -203 -62 -68 -187 -36 -316 110 -21 118 51 47 -163 -132 50 -146 305 -240 395 158 282 -58 171 -89 -17 3 -48 -132 -235 112 -205 11 -114 -178 39 120 -179 -226 38 -68 74 134 5 55 188 -85 -35 25 126 -217 -45 142 125 -164 62 -43 -100 135 151 -51 -163 -116 45 345 -60 222 -193 163 -153 -88 37 -198 -119 -292 70 41 66 228 30 -65 -106 -24 -324 95 -175 177 -127 -97]
[-243 444 140 594 27 -126 -32 363 28 -162 -34 211 19 53 112 181 320 114 448 -164 33 -314 171 -138 -31 -183 83 135 19 73 -93 -120 -154 61 93 193 -230 244 -196 -60 -272 -45 167 123 148 187 -165 388 -130 -2 -52 -58 -4 123 30 135 375 96 -82 216 65 111 -119 -164 185 -56 7 -19 -9 -190 169 -275 -24 60 -73 131 -41 169 -42 6 -16 36 63 -190 -47 -18 94 -200 -344 400 -11 -99 191 -186 1 164 -192 179 81 192 108 122 67 36 53 -90 -233 -205 1 39 191 95 -214 108 157 101 106 121 -266 -194 -151 -67 41 64 -54 -52 -39 -51 269 -18 15 346 -51 81 52 186 -19 259 -230 -93 -111 -95 100 -221 206 -443 -254 -161 -91 -191 -300 96 20 -77 -63 148 -14]
[-52 -5 686 296 -438 45 -132 370 20 -165 -22 105 88 -40 -88 321 -148 320 455 -70 -259 19 183 -123 -99 149 218 246 -109 -77 75 -341 66 48 200 40 -166 -14 119 163 -45 104 -26 -39 -263 484 138 149 90 -37 24 -67 80 51 169 142 324 160 -116 17 107 -42 292 -109 -45 -125 56 -223 64 -85 293 -176 -35 -175 -35 358 173 -96 208 -111 14 51 176 3 -90 -435 -8 -11 113 172 -74 92 -155 -250 220 -161 61 -22 -193 251 -177 44 -33 -1 -294 -128 -261 -283 46 -139 -65 258 -40 -349 93 -138 157 -199 -126 395 -14 51 236 51 -73 -230 -173 -46 -123 82 -128 -228 33 150 193 -118 23 49 -158 164 -122 90 -144 251 157 -353 33 142 7 -19 88 -138 1 113 -150 37 332]
[557 178 -317 -293 467 47 -94 -128 -239 28 -12 -195 221 -9 -96 404 -67 -9 121 113 -82 -420 210 133 -123 -16 -29 -199 -84 -183 -111 287 -64 132 273 -114 -52 58 36 -12 -295 252 187 230 128 34 141 -24 -231 -63 -34 -281 -34 -8 -65 28 70 -234 -195 -52 107 185 70 -433 42 -189 -374 -94 190 -151 97 -205 83 60 -272 -8 176 -247 -23 -69 394 59 5 -35 -133 -158 198 -126 93 278 -65 -158 204 -77 -137 -39 -213 -39 -61 307 277 -93 -108 -12 259 43 -116 -277 -98 -92 15 80 240 5 75 48 -272 -240 -119 -28 185 7 -17 8 374 104 -141 -89 -213 264 129 130 -374 -179 -189 116 275 -162 -90 -337 0 -7 -163 -186 -107 169 33 192 203 -47 -144 0 -125 16 31 15 197]
[460 608 -828 -491 468 -188 397 -124 1 -230 248 183 -98 -195 -39 -180 104 -648 -71 64 -312 -186 55 62 211 -216 119 -110 -203 73 278 -208 90 -50 224 120 -285 117 161 -102 96 286 58 96 -87 47 -11 -198 22 -18 -51 -257 100 -137 85 215 -3 -171 -5 -92 4 -347 8 96 177 -97 320 -23 -143 -335 144 90 0 12 -38 -17 -112 34 -137 -72 -106 99 -96 59 -80 101 190 221 22 -163 180 207 -46 53 -261 -77 -143 149 27 107 39 104 -126 -167 22 -180 143 342 42 -162 70 -375 26 348 -62 -319 -73 50 -11 -105 -196 -26 253 -379 101 88 -215 -271 -150 -14 -50 32 -172 -162 -184 248 84 0 238 19 48 223 -81 4 355 -89 -176 -341 -187 105 101 133 265 138 -96 -37 248]
[124 99 269 361 192 -200 -362 230 -2 59 -6 81 -136 75 -272 -63 -137 -300 -33 116 -391 -22 149 73 57 -155 364 146 -237 -143 31 -117 -179 180 55 2 39 55 -233 -16 -21 413 92 79 280 -188 158 145 103 -193 -9 -284 -31 11 17 34 29 -173 -146 -38 -180 -307 -221 -242 63 26 86 21 -115 -506 62 -69 210 257 -86 142 -154 189 191 -38 429 -32 -113 -261 -166 133 77 -2 -163 48 -143 304 152 -101 28 57 -30 127 -257 -81 165 43 -91 112 65 16 108 368 -34 -198 -16 -383 -87 69 207 -241 -110 115 -119 4 -49 -40 214 176 -92 21 -72 321 -113 34 109 -152 -161 -96 -251 115 167 -29 -40 -223 132 -32 1 286 -350 -351 153 -294 -194 -190 -193 15 169 -4 -31 147 61]
[25 334 -5 -281 -39 179 -153 -21 -2 73 -110 -99 -292 -196 -221 60 77 -193 278 -90 300 147 -151 12 102 214 -228 -8 130 207 -279 10 -131 30 -71 -120 81 -71 -175 112 -111 7 -397 80 92 -97 -264 59 231 76 222 47 -5 296 125 -239 -43 307 186 182 -40 161 7 273 -285 82 -58 222 135 334 -266 41 -9 64 246 154 14 200 182 444 -131 164 255 2 91 290 -259 161 -11 -83 -42 -192 -182 162 94 315 217 281 51 121 -95 -93 5 -136 127 154 106 329 -156 131 -28 77 -52 -380 -84 122 122 -158 58 -31 -47 -173 -73 -164 -179 -197 -184 314 216 -58 -152 -115 169 -76 -160 -294 -159 -300 395 -18 53 73 4 85 -89 39 -140 177 86 -14 315 -17 -13 375 -91 254 -271]
[-846 -6 481 209 -280 -274 -6 -85 -1 -130 135 -156 -126 118 206 -203 -128 186 56 -209 -72 155 193 -204 100 121 113 -329 -86 -259 352 -84 -159 -127 -78 -103 245 174 322 15 -67 -145 -76 30 -119 52 49 130 -214 -183 -227 -70 59 -203 -110 192 199 -32 -137 -93 62 -74 -108 165 -161 80 171 140 276 210 38 170 72 -350 -95 2 -116 -158 195 9 275 -187 -44 -107 -36 -81 -117 33 97 -69 -74 400 -347 2 19 -103 -274 -90 63 -120 176 16 -91 -312 -101 119 -206 98 -168 39 89 -257 34 439 -166 108 88 199 3 -59 18 -41 181 288 -215 92 -65 -172 39 -161 123 55 -10 237 114 -20 -79 265 -121 158 -238 -160 85 -3 -102 174 288 -194 -176 218 -130 -250 159 -37 159 -116 42]
[-67 -98 342 -202 -169 59 36 241 36 134 217 319 38 232 -291 -224 312 10 108 234 98 59 220 -269 -281 -79 -104 305 -2 181 -291 -107 -148 193 -205 -38 -38 -163 -385 -48 -126 46 -103 -23 -5 65 27 -62 385 75 271 55 106 240 11 -67 -137 106 -26 35 -68 -7 -122 86 -175 -183 89 -272 40 -158 297 145 -274 264 127 -149 -32 193 -70 31 -111 297 11 -140 106 370 -57 177 -85 -17 -266 10 91 390 35 172 343 59 121 -232 -98 -315 68 169 11 0 374 36 -122 -85 155 86 -78 -387 66 -195 3 -68 -17 -186 -9 -90 362 89 -137 7 154 255 9 -113 -248 -263 -110 -52 -71 -155 -40 -502 40 -47 221 88 -94 102 7 37 -125 243 -40 -65 287 10 -115 155 -73 47 -366]
[-824 189 430 -175 -804 209 -62 -44 481 150 171 -31 369 -203 -153 251 -16 323 70 210 71 13 174 -65 -109 412 218 3 -73 -391 1 -54 456 99 -8 80 22 283 51 21 50 9 -154 98 65 27 174 428 -175 -55 -66 65 -228 163 -10 481 -432 73 -55 -210 161 78 -155 -146 -43 -66 66 63 -240 -27 -60 -163 -51 -54 -148 14 6 -42 81 -76 63 -5 -11 174 -374 120 293 306 257 80 -175 51 -24 251 109 -134 -124 -315 86 -77 11 -231 -269 -192 -47 -330 -189 -262 40 -133 71 8 -167 265 346 10 9 72 -233 -125 72 101 -112 -132 4 85 230 235 -156 136 223 381 38 114 221 87 67 116 -147 74 -85 -445 30 -81 -206 -60 54 99 -94 99 35 105 -139 -246 60 -68 157]
[342 684 -638 492 198 179 -138 -288 -141 -346 -213 -2 -184 -34 51 -120 -495 22 71 139 -391 202 114 143 132 132 -104 -200 -21 91 -12 269 -151 -315 1 85 18 -68 248 29 -79 30 11 -238 -353 18 309 -202 172 -132 -2 237 207 -177 10 -331 22 167 -60 42 29 284 165 -61 -28 127 -119 118 -44 -23 286 91 81 -39 -226 157 105 126 -163 -1 -32 -117 219 236 157 -383 -292 31 43 -58 40 -65 -270 -88 -225 86 188 -72 -146 -41 62 15 134 -95 96 147 -171 -106 -125 59 -107 214 216 -93 -165 209 131 -202 11 -31 -106 56 82 -24 216 260 -174 57 259 253 219 -4 -146 151 -172 -153 262 134 16 68 138 184 -32 -294 168 -126 -5 105 187 -141 129 231 -130 -183 14 -259 -195]
[-482 -795 -772 -318 225 130 58 369 -37 87 191 334 127 348 276 201 207 -51 -65 -119 49 -202 -174 -63 -197 9 115 282 -266 -21 202 158 -117 -95 -120 127 116 77 -123 -20 469 -235 -79 201 220 -16 -158 -214 -153 -152 -49 408 87 -94 -228 51 -188 -335 147 165 -3 -260 92 -80 165 16 28 -117 139 177 -23 -301 8 106 -193 -232 108 -46 -163 75 -185 224 0 -84 38 114 83 -370 145 -59 141 194 -127 188 -30 118 88 -174 53 -255 -135 -3 143 222 -246 65 -90 -347 115 -136 419 -257 -44 -122 310 -219 -171 -158 -69 262 157 151 208 -60 -304 62 215 -98 52 -45 -162 7 72 -168 333 19 -234 78 -180 167 100 -303 156 -142 35 96 35 216 -20 -168 -106 120 33 270 -140 53 -51]
[-625 -26 -34 -555 -759 -290 -229 -33 107 353 37 61 -32 74 -78 -104 331 445 75 -106 45 125 -36 -185 145 230 -69 232 -114 -43 137 -58 55 -165 -86 -105 62 -199 -70 -142 -277 -291 188 75 196 13 -31 -99 84 104 244 -41 -55 277 167 98 121 211 -106 48 76 -365 -98 75 -176 -48 43 26 102 -107 -224 127 243 215 69 -105 -9 -186 -48 -245 471 -102 104 -8 -84 295 -207 -247 -89 44 -97 -26 -63 -54 76 262 119 77 -149 -117 193 -8 120 -150 -213 -168 59 -501 419 34 -312 -45 -114 -256 -175 48 225 194 -118 115 -6 -84 -90 7 -301 20 229 291 307 168 148 -71 115 45 90 304 -315 377 -129 167 167 192 120 239 -144 -75 66 -241 -316 146 -119 -41 74 137 10 -304 -88]
[-283 -324 498 -71 107 -155 208 201 140 -408 -48 136 -122 367 104 225 -134 -65 382 93 -254 -351 -233 -29 196 -393 234 271 17 104 -125 0 140 9 -6 45 -276 230 -53 103 60 65 262 245 29 97 92 99 -219 -397 136 5 -332 -137 262 295 112 -226 245 128 -72 -11 255 -261 214 -149 93 67 26 -73 -66 -157 -58 692 -374 450 42 86 231 -358 231 308 266 -234 -71 50 99 -192 -121 295 76 251 -145 -71 -179 -93 -52 158 -346 -57 144 -14 102 181 -318 107 219 -132 -71 -265 183 109 -86 -121 108 -402 30 -157 -360 -1 278 -246 228 -98 143 63 43 215 247 108 67 22 14 90 -218 53 -9 57 274 140 28 95 175 -258 -225 -291 -269 163 -129 -152 28 303 -223 172 -6 68 181]
[605 353 220 370 -358 -74 248 -141 -6 4 -4 170 279 332 163 55 122 -159 -224 -166 39 69 -215 182 184 178 -52 203 -55 -41 -11 -52 154 -412 -83 85 171 177 146 -2 123 -309 260 210 5 111 72 101 -18 -35 138 -52 62 141 17 -109 116 -103 130 203 -246 -58 -20 132 -139 91 -50 -120 165 -28 -168 84 6 -193 -135 89 236 -50 -274 -152 111 -130 -158 118 -106 -161 -50 98 136 61 74 -78 -291 -58 -53 -79 185 -22 -118 49 -68 315 -10 -259 119 -151 42 -253 50 -71 -88 118 -14 -194 -234 -86 244 -97 -71 188 153 35 -117 35 112 36 95 22 234 6 -76 46 131 277 -61 -76 -236 134 -125 -50 -16 -94 -70 -99 40 140 -160 -106 -147 72 146 -51 183 141 127 -127 -116]
[-793 472 493 440 515 214 302 -126 16 -42 390 -371 86 -158 48 -182 -320 61 128 321 101 -5 126 52 -162 -66 0 -46 126 168 204 127 -55 -190 -334 9 230 -80 442 72 -106 -104 30 -80 -55 204 7 -240 103 46 -116 226 83 -104 -346 -59 -126 126 -134 49 219 93 -241 -161 134 -243 -177 191 5 240 77 -105 -76 -292 -93 -13 -129 -4 -137 27 141 87 -333 105 87 185 208 -27 243 -152 -117 -2 -27 -52 -35 -172 -52 -139 61 -102 44 117 -152 64 307 270 -231 -74 -217 81 -115 -121 166 62 15 99 -288 -99 213 -24 169 -160 233 84 391 16 -195 -273 99 98 -68 234 10 -173 -179 -34 53 -35 -103 -398 111 -110 201 -19 -186 377 263 238 247 76 110 74 -83 -251 85 8 351]
[25 454 373 856 53 209 -251 5 21 30 238 -110 199 -49 -255 -2 -317 485 -93 58 240 3 -232 115 71 -22 -172 156 -36 118 387 42 105 -398 -202 183 100 -249 66 -53 151 23 -169 -303 103 46 224 -467 251 258 -7 391 201 130 -29 -275 -131 42 60 242 -228 -81 171 169 -51 250 152 -415 159 51 -119 19 22 -183 199 71 -44 31 -60 -184 -233 -17 -243 138 57 9 -16 229 331 -305 219 -87 -211 372 304 -157 152 19 52 97 -372 11 34 -95 -149 -83 -79 304 123 -177 47 -207 110 -589 198 36 140 -127 260 539 -116 -78 35 162 -333 -195 175 35 -167 -78 -126 85 121 267 8 -110 -240 -84 -118 -21 15 -98 -273 227 -16 174 211 294 168 69 346 -150 212 -8 -110 -192 25]
[-350 -133 -815 167 162 200 468 -243 -103 -98 -145 309 19 123 159 548 137 -438 -235 147 -125 -259 -95 -86 303 75 -202 -70 -5 163 -220 145 -140 -258 -56 -50 4 204 -143 85 -79 50 213 185 -242 104 78 1 45 121 149 -174 -378 27 -87 -19 -27 -193 115 152 -273 -82 114 145 -251 18 96 -292 227 70 -85 -117 -88 257 -162 -90 32 -218 -42 -73 0 269 232 52 26 285 104 67 -170 154 -81 213 -157 76 -234 143 65 15 -84 47 -39 -65 125 -153 20 -127 60 -99 -24 -51 228 47 46 29 -67 -255 -81 -171 -36 -103 94 -258 112 -163 296 403 111 -132 162 -122 -94 18 -32 -31 174 -62 175 70 79 161 62 166 290 -60 211 75 -299 -75 -347 19 -22 127 162 89 -117 -116 89]
[-582 227 -726 8 -235 -303 -123 -145 0 127 -93 -157 210 -190 -147 -19 -180 74 452 15 -388 -267 -20 203 271 63 296 -64 -20 -120 -177 -270 88 -83 68 -84 -29 -134 73 264 -21 120 -142 61 -166 156 230 -167 -39 58 -39 41 243 120 228 -37 143 223 -193 98 203 97 135 -44 -33 -262 -404 -214 55 -106 293 -50 222 -45 69 167 -37 -61 19 -163 127 -188 104 1 73 135 29 68 363 106 2 -262 141 -68 190 -163 7 47 172 228 -319 89 16 -232 11 -121 -54 -239 337 -287 -204 -66 88 94 -72 -5 154 -100 -60 72 -72 -162 -322 186 -20 -392 -278 359 -197 -208 69 -313 22 191 -97 -11 -75 -131 -15 -241 -35 230 -229 178 112 -379 -45 210 -179 -17 -98 -142 -53 54 -245 -28 -46]
[719 560 417 -913 -581 -190 -312 -134 -334 43 -287 -101 -35 63 170 97 -94 166 135 -231 -100 6 131 -43 239 50 88 -24 74 57 -136 -4 -111 28 -37 -294 -137 -136 6 -38 -335 133 227 185 74 21 -23 19 -125 7 -50 -95 130 -15 -125 -107 157 45 -178 25 114 -46 -91 76 -205 -30 -14 -53 -123 -34 222 146 292 25 112 229 -127 -158 9 -21 -143 -77 -11 226 153 -247 -125 -190 -165 -78 126 67 46 -125 -111 55 33 313 7 -1 176 80 -11 -173 22 -89 -41 -45 69 109 118 -65 155 -199 94 322 256 167 -362 112 -50 66 -299 -38 146 168 -45 -78 -112 324 8 39 -103 -121 -405 -39 183 161 213 -143 -67 375 105 19 141 138 90 -276 184 -107 -68 -145 -15 -110 -48 -89 -125]
[180 -676 -834 83 -260 -419 -144 -101 -132 0 -99 -188 97 -23 357 -194 -143 69 12 -61 101 90 131 -161 102 353 -101 -72 12 -123 92 -33 -100 352 -65 -134 180 -24 -50 165 -94 -68 -98 81 62 -186 -317 -97 29 -100 -10 -33 -38 -25 247 -50 293 165 -97 -365 269 -175 -63 -120 7 166 -18 618 -50 94 -177 144 298 -84 33 -99 70 138 210 169 609 -350 51 220 -49 -249 -241 -148 17 150 210 -13 -220 -440 -216 -151 -56 -111 -37 -12 139 221 -88 -75 268 229 -138 -242 -199 281 -59 -101 131 272 -88 208 -68 387 -128 -19 -137 342 -88 75 99 155 -207 -204 379 33 90 145 184 -18 168 11 116 399 26 65 -48 19 -65 -93 -39 -135 136 -533 -108 -195 -338 -158 59 -220 29 162 27]
[-565 400 68 -131 537 2 17 155 -156 -142 48 106 -221 -32 20 60 -293 -254 -21 182 -124 -323 26 182 53 -109 -253 -141 89 -64 -144 27 69 182 151 -98 -331 9 53 37 113 416 -38 -54 -213 -284 -182 -50 -323 -128 13 -67 105 -404 181 56 -99 -151 145 -247 -98 146 83 -262 490 34 88 180 -301 -328 -122 -105 -43 208 -84 114 -78 241 137 -18 -302 476 154 -40 44 -276 -92 -181 -101 -20 140 -57 117 -4 -219 -132 -320 -45 12 75 138 -63 35 381 24 100 8 657 -373 60 223 143 139 55 50 56 -273 51 71 -246 -45 218 -98 -330 114 -262 189 -127 -471 -42 -57 162 -82 -208 -70 39 92 -241 160 -21 -140 94 -319 -245 -96 -44 -211 165 290 -208 0 208 -154 -72 57 280 53]
[726 464 -560 -11 151 -553 -31 42 331 -122 -56 46 -14 -210 9 -256 2 118 -341 73 -31 119 81 -42 -64 -136 -418 -22 -41 -230 187 34 20 237 62 -126 170 32 129 -130 162 145 -235 52 -73 -34 -266 156 23 237 -190 40 56 -52 89 0 126 -124 354 -332 -61 -61 10 -144 106 153 -4 341 -73 -220 -49 -136 -298 -137 58 -57 -146 463 -57 45 -332 189 -191 111 -236 -31 -225 -125 -144 70 62 -231 -165 -10 350 -176 30 128 -169 -169 -201 -373 -78 313 126 -61 -60 117 -94 -63 54 -236 -159 -17 -216 -107 -29 107 383 -137 -58 282 198 78 -99 -265 256 8 96 -1 -1 112 -1 10 -42 -24 33 -295 -241 -37 256 -199 -157 -118 -92 -8 408 -90 194 -175 190 -53 -96 -13 1 282 -152]
[142 -253 -45 307 -265 223 -168 63 41 -60 197 -78 -195 -130 -166 -62 -21 17 -294 87 -229 144 369 -201 -204 -117 167 130 58 75 -187 102 -120 115 113 -29 -165 -86 -449 -400 -76 149 -223 -90 -69 -112 366 19 -98 91 -60 -157 -15 -110 -114 -142 -66 21 137 -326 125 320 78 35 35 39 159 -193 -186 -134 225 -76 -89 240 121 -43 -75 -81 -240 -82 -256 184 7 -272 203 -8 -5 -72 -459 -77 -172 164 124 179 285 167 199 -111 -105 58 156 -87 54 196 217 -41 235 232 -315 -121 66 237 231 92 -338 11 150 113 31 -377 -38 -26 70 -112 202 187 -32 161 -380 -104 155 -66 0 -68 -157 119 145 -85 12 151 183 251 137 81 102 -159 224 62 100 -69 161 -46 -111 -8 -40 30 -219]]