41
94
1693
0.005
[[-2 -4 14 2 4 -14 0 -2 -13 -3 13 -2 -15 -1 2 0 4 -20 -28 7 -2 -6 -8 1 -17 -9 7 0 -2 3 1 9 9 4 15 -1 10 3 8 -3 -6 1 -7 20 16 11 11 -4 -1 1 -16 -21 -25 -3 15 11 3 11 -1 1 2 0 6 -11 11 -4 7 -9 8 -11 5 3 4 2 6 4 -9 22 8 -1 -4 -15 -16 -4 -3 -12 -4 -16 8 -10 0 0 -1 -6 -1]
[40 -37 -8 3 13 -14 43 -4 -9 0 -27 27 11 1 -14 -39 -47 12 -22 18 69 26 37 22 -16 -39 35 4 13 12 26 6 2 4 -25 -27 27 -40 55 -6 10 -23 20 -18 36 -6 8 -6 -43 10 32 0 -28 -11 40 -10 39 0 6 -27 7 -27 -30 -34 24 -59 -4 29 47 23 -12 21 -20 12 -10 -29 42 28 56 -21 1 -52 23 11 17 18 -39 27 18 -18 -8 -38 -28 25 9]
[-17 1 -10 -23 41 67 -20 -16 -26 20 -56 -1 -14 -17 -42 30 -50 -60 -18 -11 46 43 8 -4 -45 -10 -14 -4 -7 -45 65 41 3 -38 -2 28 -39 19 -15 -12 45 9 53 -24 -17 17 13 -5 -25 -15 16 -6 0 41 2 -14 14 34 -3 -7 -21 -16 47 13 -17 -30 -24 42 40 38 -17 11 40 -22 24 -4 69 64 -36 -26 0 -5 -18 10 28 4 -14 26 -14 -7 33 -20 -51 -6 -6]
[-44 -12 -37 37 -33 35 34 8 -12 50 -39 21 -1 -14 59 24 -18 -17 45 -1 30 -29 45 -39 2 -24 -46 -3 -16 -20 11 27 9 7 -3 -31 6 12 1 -43 -13 32 20 30 3 48 38 15 -1 14 -1 -28 19 -4 -56 9 -13 55 -29 -5 -53 34 22 -16 21 -39 54 28 23 -10 42 17 -34 0 51 20 -1 30 -54 -36 -75 -11 -15 5 33 19 -20 41 5 18 36 19 2 3 -30]
[-12 -39 34 -42 17 32 -73 -24 -63 26 13 27 17 -12 -55 -8 -66 -20 -32 -42 17 10 13 19 -11 7 35 29 45 -28 41 20 -24 -44 32 -2 -100 1 -42 24 38 17 54 -50 -34 -63 24 -33 -44 -17 29 24 0 36 8 9 -7 15 30 21 -44 -29 34 64 -16 14 -32 -1 42 -21 -16 -14 22 10 -11 32 10 -2 15 21 1 8 -5 9 -12 -56 -5 -4 -69 -38 -61 -34 31 12 5]
[51 25 -2 20 -17 22 -3 43 -5 -40 -9 -26 -39 46 47 17 53 18 48 -39 -10 -28 -37 27 32 -9 5 53 -45 3 -13 -36 7 36 -9 7 30 7 -18 40 -27 9 -34 29 -15 37 -29 44 26 -4 -47 18 37 -28 -24 13 -13 -19 -1 -34 -29 22 -2 34 40 14 16 -83 5 5 -1 35 -18 38 -21 -39 29 -29 -97 12 -23 -14 3 -29 -15 38 33 12 10 7 34 12 -42 14 -17]
[-28 27 -33 -37 -59 -56 35 26 52 27 26 6 14 -55 1 -3 8 -2 1 14 -30 -3 -3 -8 98 67 32 -31 -55 83 -3 -33 15 49 -24 11 11 -15 25 -38 -47 32 -75 24 16 24 -29 -7 57 3 -4 -4 -15 -20 -11 -4 4 -52 -12 -32 19 31 -5 -36 2 3 20 37 -30 13 -28 -67 -11 -34 13 -31 -16 -51 24 -13 20 53 -23 41 15 4 45 4 -5 19 -17 17 5 5 8]
[46 -3 43 9 -6 8 -67 -29 -17 -9 17 -25 -4 -4 49 26 6 -1 -32 -49 -8 -33 11 -5 1 -29 -43 62 19 -10 -9 40 -32 -10 35 2 -10 60 -6 67 -13 -6 -13 -31 -23 -19 20 83 9 -15 -35 4 63 11 -3 30 -32 78 9 -41 25 -13 24 21 -51 -7 -16 -66 16 -15 11 33 -27 4 10 44 -18 22 -16 -18 -42 -7 -2 12 -24 4 -3 2 21 -29 33 38 17 50 3]
[3 37 50 -29 -26 -4 -30 14 -6 -27 -4 -70 23 -26 5 25 37 18 -57 -65 4 -8 -8 20 3 45 25 61 -47 23 -1 -23 -30 86 42 -21 -56 22 -9 42 -36 -3 -38 -5 -23 -44 -51 37 70 -38 -15 29 28 -40 63 23 5 13 20 -59 -11 6 9 9 -53 13 -6 -35 14 5 -10 -34 1 -12 -21 10 -30 -46 -7 42 15 44 -62 15 -43 28 31 -24 -6 -16 6 -36 26 9 -4]
[91 46 -22 -23 -39 45 -20 -36 -8 -4 -9 -20 -92 -14 -35 -28 0 -41 -40 31 23 7 -6 31 24 50 23 29 5 49 45 30 42 -14 -54 46 -5 12 -19 25 7 5 5 -26 2 8 -23 43 19 0 -5 2 26 47 -13 27 -13 -5 -45 -66 36 5 16 -42 -33 -82 -21 19 10 34 -43 24 20 -17 19 -70 81 35 -6 -31 -13 6 -8 33 -9 -20 -2 3 -17 -12 70 -41 -88 59 26]
[1 49 -5 24 -16 -20 0 25 -12 54 64 -9 -27 49 -27 -10 42 -8 -24 57 -68 -19 1 -3 -15 15 -40 -40 51 -5 -12 5 17 -34 17 -4 -16 -10 -44 -25 51 19 6 16 0 -9 33 -46 -9 28 30 -20 -47 39 -49 50 -58 6 -8 94 50 8 10 4 -20 -20 22 -12 -68 10 1 10 44 -24 -23 2 -69 -34 -16 -8 29 40 25 22 -3 -62 -17 -19 32 14 -26 -20 34 -4 -18]
[7 -43 -39 29 12 5 87 23 -29 -9 -57 34 27 5 -7 -32 -54 -6 4 -51 90 -23 23 44 3 -9 42 61 -31 32 35 -34 -1 39 -17 -28 -7 -28 -30 -18 -64 28 9 30 9 4 -30 -4 32 29 -23 -35 -19 -52 59 -8 67 -44 38 -46 -75 -41 -61 -21 68 2 13 -18 80 -37 -17 2 6 11 0 -20 28 -40 4 65 -46 -46 -55 -40 -16 18 -7 14 -11 -1 -19 3 32 23 -16]
[19 -7 36 -48 -19 6 12 4 28 -47 -40 -49 -5 -16 18 16 64 -7 -19 4 41 26 33 -11 20 -9 54 -5 -21 7 -1 0 -2 71 -6 -25 34 19 91 21 -44 -24 -44 -45 24 -18 -8 28 7 45 13 80 21 -30 67 -12 38 1 -27 -54 -2 33 -17 -43 27 19 -3 -5 14 -7 -8 -28 -33 68 -36 -25 38 9 -7 -21 1 -24 11 -18 -2 46 -24 -3 72 25 24 -34 -68 2 7]
[6 -50 31 0 1 -29 -20 -53 -11 9 6 18 -15 21 -21 29 1 -40 6 -55 3 -32 -13 8 9 -28 -14 62 38 2 -16 43 -13 -21 -12 30 0 41 -5 45 0 -18 -46 -57 -14 -11 24 37 20 37 3 5 42 9 19 -4 -12 16 49 -15 -14 -54 -2 26 6 24 15 -7 54 -46 -51 -7 15 18 -17 67 -1 -10 25 -4 -9 -36 -9 -24 -36 -63 -16 23 47 -28 -37 18 80 73 26]
[37 48 25 16 6 -82 22 5 78 11 25 -39 33 -29 -16 -54 18 37 -52 57 -21 44 7 28 13 34 45 -36 33 34 -16 -39 12 13 -1 -1 32 17 64 -28 -3 12 12 -41 8 -25 -38 79 -12 29 26 15 -25 -11 50 43 57 -14 9 4 97 15 -17 -67 6 -37 -16 35 -48 18 -33 -24 37 -11 -27 -16 -3 0 73 -11 38 23 29 22 3 3 -25 -58 54 11 -4 -21 -26 -40 32]
[-55 22 -21 -35 -44 -6 4 -6 -17 -14 -38 24 8 11 23 8 -22 -1 26 1 1 -26 -4 -41 -20 15 -49 -25 21 -5 -50 12 -9 -21 24 -2 -1 2 -12 -4 -41 -29 -40 9 -22 11 -10 -61 68 4 -14 -20 21 -2 -40 -50 -28 -12 19 20 -20 -21 -29 -16 -19 65 -33 19 -2 -18 -6 -2 -18 -15 32 10 -15 1 34 27 -18 -3 -61 -9 2 3 1 -56 -27 19 4 35 99 -14 11]
[-7 -38 -15 -37 -25 34 -88 -1 -55 -48 0 24 1 4 16 1 19 -31 -18 -14 -46 13 15 -9 24 -7 42 -24 -4 -14 -21 -35 -11 -31 56 24 -1 -9 -1 4 -43 14 -34 27 -55 -1 17 -28 -9 -29 -84 38 10 21 -54 -5 -44 -26 -12 -12 -55 -23 22 58 14 80 -53 -64 -4 -49 -3 -8 -12 43 -10 -18 -7 -4 -19 9 10 -22 -20 -13 -18 -20 48 22 -94 -24 -29 55 -2 -11 -21]
[-55 -55 27 79 -1 2 1 -14 -15 -19 14 12 46 -23 1 -11 19 21 -66 -9 13 14 24 -2 -11 23 32 -15 5 26 -37 -44 19 52 -5 -66 13 -35 -6 -26 -7 -14 23 2 -21 -46 -23 27 25 12 16 26 -33 -21 27 37 39 -20 5 48 -42 3 -48 -28 -7 32 14 20 13 -66 -20 -51 12 10 -19 28 -63 -6 83 46 -16 -7 11 7 -26 -23 8 -8 -50 -10 -50 21 48 -18 9]
[-29 -22 67 -40 12 -26 -40 -52 36 -67 -5 -26 12 24 21 27 10 1 38 9 -62 37 -58 -22 -28 7 -1 -8 31 -18 -46 10 -56 11 31 47 37 31 34 21 10 -75 -29 5 11 15 -25 -1 -49 -33 -26 7 27 -26 8 -43 11 10 25 6 10 -1 33 50 29 98 -42 -6 -26 3 26 14 -44 19 -14 39 8 -35 -1 34 15 -39 32 -52 -23 -2 -6 -39 41 16 16 -14 -23 -43 2]
[-50 -12 1 -39 -1 -3 28 3 27 63 -40 42 -7 -33 15 28 -71 -30 46 -53 66 3 32 -13 -20 -30 20 24 -5 -56 10 21 -1 -4 25 -52 -27 -8 69 -30 -50 -8 36 -46 -56 -8 24 26 -19 31 58 12 5 7 12 -29 43 -5 29 -13 -62 -20 -15 -48 47 -44 29 70 82 -31 6 -12 4 27 14 46 48 37 17 -17 -13 -15 -47 -18 6 1 -53 -6 -8 -26 7 -31 31 -26 14]
[6 15 30 29 -7 -3 -37 18 -36 -2 94 -2 -24 12 -38 -8 -8 34 28 7 -25 -10 -78 54 53 42 41 -12 -44 29 30 -2 49 -11 -47 -14 -69 -16 -119 16 20 89 24 22 17 26 1 -31 32 4 -5 -25 -40 22 9 32 -35 -51 -28 19 -45 32 8 80 0 -10 19 -41 -47 -32 -18 6 28 -9 -18 -33 -23 7 -48 42 -39 21 17 9 29 -29 32 -26 -66 -11 -56 11 -27 -4 9]
[-45 -46 7 52 -24 27 -11 -19 3 18 0 -23 -13 -28 21 -21 -7 -9 -29 37 -7 -5 57 -9 -9 20 -12 38 22 -19 -5 -17 -10 54 5 17 3 -14 -29 -41 7 -9 64 -7 -14 -30 -22 47 -1 -8 -23 -7 28 -9 -13 58 35 40 -3 23 -15 37 46 -44 26 3 23 -13 7 -14 -1 -14 10 15 30 48 4 32 -9 -10 -25 22 14 -10 -16 -11 -30 -10 -32 -5 17 -1 -34 -13 -20]
[26 -9 29 -23 -12 -25 24 50 -18 -89 -6 13 -11 33 -1 10 5 -6 34 -30 27 -33 -49 6 8 23 53 14 -48 62 -8 -28 10 21 5 -16 -34 10 -34 20 -73 9 -64 25 -30 9 -18 -44 53 38 -16 -17 -7 -51 -9 -36 10 -97 25 -22 -24 13 -60 25 14 36 7 -38 36 -67 12 4 1 17 -19 -21 -17 -89 -17 95 30 -9 -67 0 -37 -16 34 -36 -8 -31 -18 -22 -31 -3 17]
[-4 4 14 3 -20 -67 1 -35 27 -17 -48 13 31 -20 -49 14 7 -50 -2 65 21 37 10 4 21 23 25 -45 -21 51 16 -3 18 -8 -15 -19 18 4 71 -41 -11 9 -13 -56 13 56 7 29 9 16 -2 39 -31 -3 24 -42 31 -17 14 -31 31 -10 -21 -28 -2 -58 15 83 58 16 -61 -10 17 -61 -1 -11 29 1 44 -41 39 9 -66 41 26 20 -6 37 61 -6 -31 -41 -16 -17 7]
[-35 5 -28 -39 -12 37 -12 -9 18 24 -10 48 -83 -32 -42 1 23 -85 35 34 16 -1 8 -3 37 25 19 18 5 20 -2 55 66 -37 -53 14 -3 -61 17 15 14 -14 4 -53 49 -15 22 -28 9 47 38 22 -25 80 -9 -40 12 -30 -50 22 -18 34 13 -46 22 -6 34 52 46 -2 -42 -27 -2 -22 31 -17 108 40 42 -61 -6 64 14 -20 -1 -15 15 -18 13 16 4 -13 -51 45 27]
[-53 -8 -20 -22 -52 23 51 -14 -33 12 -55 8 -33 4 -23 -8 -54 -73 -3 38 66 -21 49 -38 -15 55 0 -45 23 40 58 -27 7 47 -6 -5 -56 -10 16 -51 8 -13 12 21 13 -14 13 -82 18 36 38 6 10 -45 -31 15 17 -5 -32 -1 -19 28 8 -64 -10 1 19 105 45 -18 -2 -23 -21 17 6 15 -9 5 0 30 -34 2 -62 36 17 -36 -52 3 7 32 8 -92 3 9 -18]
[-23 -14 8 10 29 2 11 -32 39 -3 42 -33 34 7 -31 34 4 2 -25 2 -53 68 -57 8 4 23 -35 8 -83 18 0 24 3 57 -53 21 49 -10 11 17 36 -35 -18 -32 7 25 -43 -11 31 -41 4 0 -48 23 35 -33 -16 -37 20 -25 32 -28 -31 23 -55 -2 -30 -23 -32 49 -41 -32 36 -69 -22 -3 3 -37 2 28 17 -15 24 5 -11 -12 39 31 31 -26 13 2 -10 -9 23]
[17 4 47 -48 -24 -102 -55 0 -20 -31 18 -9 8 4 -27 13 10 -20 -44 -1 -36 -3 -33 6 24 19 23 9 32 51 -5 5 -2 -13 32 36 39 37 -5 18 25 20 -82 -4 -40 8 -19 27 12 -39 -64 24 4 7 -30 4 -25 45 72 46 58 -19 32 35 13 33 6 -7 14 38 -42 3 21 -22 5 -35 -1 -5 0 -32 71 18 -49 60 -10 -13 39 17 6 -30 -61 24 12 14 -6]
[-23 -52 49 -28 8 -33 26 44 -10 39 53 49 12 -18 -27 13 -29 -31 -18 -45 -5 3 -27 -7 16 0 -10 30 28 22 30 10 -42 -11 -5 16 -24 -11 -67 -6 28 -24 -39 10 -24 -14 12 -11 3 10 41 -57 -44 -3 -24 2 -2 -13 80 66 23 -17 20 56 -17 6 44 22 36 22 -21 -5 21 -45 5 -1 28 -83 38 -2 61 40 -7 42 -3 -28 11 23 -15 -16 -52 9 19 67 17]
[3 -27 62 -59 -54 15 -119 -47 -69 -38 37 59 20 -40 19 2 -69 0 -26 20 3 -24 0 7 84 8 -19 -6 -19 44 15 18 -9 -27 1 5 -30 1 25 30 -3 13 -3 -40 4 32 1 -22 26 -55 -27 25 13 20 -25 -14 -42 -15 -20 -39 -2 9 12 57 -27 32 -48 -69 29 -3 -35 -18 -41 -18 -7 5 -20 47 -2 -12 -61 -30 12 87 32 -19 65 -38 -77 -61 -24 43 -7 -17 21]
[48 18 31 -55 -43 2 -12 -51 6 -63 -22 -1 -17 -28 46 -21 -19 34 -28 44 22 51 40 -29 -29 8 22 -26 70 -22 5 53 -6 -28 3 -16 6 17 51 -17 -62 -29 13 -27 -32 1 -8 74 -42 30 9 4 34 16 3 2 -9 18 -26 -33 40 -6 -9 -32 21 -29 -16 44 -30 -15 46 47 -30 47 -17 -53 11 54 -16 -38 3 -39 33 -7 -18 -17 -62 -39 -2 -24 68 -15 -90 -27 5]
[7 49 13 28 -29 -25 -22 67 -20 -4 -35 1 54 -12 -5 15 -8 74 -44 -14 -8 21 27 11 -12 24 38 23 -57 11 -14 -31 -20 40 12 -41 -23 -56 -4 8 1 -10 -37 7 -5 54 -40 51 34 -28 5 -3 -28 -45 -19 18 44 14 47 18 -15 35 31 26 -28 -48 1 -10 27 33 -56 -13 3 -29 -6 -21 31 -11 0 -48 60 59 26 31 -16 45 43 17 -27 -16 3 -28 -57 -20 -15]
[-4 19 -32 -27 -37 26 32 -4 -27 35 1 53 -11 -9 32 26 -42 -60 -18 10 -12 24 91 6 20 6 -34 -1 15 4 60 29 -29 -48 29 1 3 -27 23 -46 -47 2 -18 -4 12 73 53 -12 36 39 -10 -54 -34 -6 -7 9 -6 -7 -12 -12 -15 -49 34 -1 -18 -33 -21 11 25 14 -29 37 0 -43 -9 -16 45 -27 -32 -58 -41 -7 -4 18 25 -10 -30 46 50 25 47 11 -27 34 -53]
[-45 -8 -15 32 -35 -22 64 13 -3 5 6 28 35 -23 25 -48 4 49 22 21 -14 -16 -23 2 -4 17 23 7 -62 23 0 -20 1 45 -4 -47 11 -15 40 -2 -72 19 -18 42 68 78 -9 -22 42 -11 -26 -45 -53 -53 29 -41 9 -24 25 -39 -24 27 -48 38 -31 -31 25 -15 30 7 31 8 -31 -17 36 -6 -16 -66 25 19 -10 -16 -58 -24 7 47 41 0 -9 29 6 24 36 -52 -5]
[29 47 -46 -10 -9 5 9 -44 65 54 31 -29 -1 -77 23 -17 40 48 12 -14 -59 -35 -4 0 52 48 0 -27 -13 16 16 -32 -6 31 -3 21 44 44 31 -21 -20 44 -12 48 -13 1 0 59 9 -68 -26 27 26 -26 -23 34 1 32 -54 -70 8 73 39 -79 -31 -62 30 55 -67 -19 26 -33 -20 -45 53 24 1 13 14 -23 -31 50 -34 7 -18 13 37 26 -56 25 85 -23 3 -24 25]
[-50 -6 -25 -19 49 4 35 -4 -15 -14 -63 -9 61 -30 6 69 -25 -40 23 -11 -10 19 21 -36 -51 26 -28 -10 -52 15 20 11 -21 -10 15 58 5 40 6 -54 42 11 -15 63 -24 15 12 -22 -11 -46 -37 -46 -3 -49 -19 -40 32 37 -11 -20 27 -1 48 36 -12 -4 6 46 12 41 62 -29 28 -52 8 16 -14 -3 -81 -14 19 -8 -18 54 -8 -32 45 76 27 -12 6 -28 -21 -17 -46]
[-64 52 27 -39 -3 13 10 55 -7 43 -32 1 1 43 -27 23 -30 -14 33 -71 16 37 -39 10 -52 -28 5 8 -42 -66 22 33 13 4 22 -22 -78 -9 25 28 29 4 -2 -29 18 16 11 -42 -27 37 72 38 -39 41 37 -9 -34 6 21 28 -86 -10 -11 64 14 34 -16 23 24 47 -16 -21 13 69 -48 -8 39 35 -42 -4 2 -31 -13 -71 30 4 -32 -21 63 -5 -24 -30 30 -51 -6]
[47 21 26 16 -10 15 -5 -1 46 5 87 -46 -20 1 20 -50 33 34 -19 -22 -38 17 -27 30 27 46 18 10 -3 39 3 -82 24 6 -12 43 14 44 -4 44 20 15 4 4 -26 -20 -51 65 -7 -58 -48 16 26 8 2 84 -12 -22 -20 6 65 22 16 30 -54 30 -36 -45 -51 18 -5 -12 11 48 -38 -12 -25 8 -17 44 -18 -10 31 22 -6 8 28 10 -19 -8 23 57 -15 -12 21]
[-57 73 -20 -25 -62 42 -12 -31 0 74 1 -40 -11 -42 11 2 7 -4 -20 47 -40 -3 -22 -11 15 49 -74 -12 -18 -6 39 -15 -14 39 -7 -44 -34 15 16 6 2 9 -11 46 4 34 -18 24 44 -51 -23 -16 -8 11 -36 28 -35 50 -4 -48 50 40 25 17 -79 -57 15 24 -13 50 10 7 -18 -74 24 26 -48 6 -57 -2 -61 44 -91 46 15 8 -5 11 -33 35 65 -21 72 -32 -12]
[-28 -22 10 -19 22 9 7 -2 -34 0 -3 -29 72 0 -19 14 47 2 -20 14 -20 92 21 9 -42 -28 58 -20 4 -45 19 42 -9 5 11 2 21 -10 49 -50 53 -10 -41 29 20 -2 29 -37 -43 15 9 -8 -70 -20 23 8 -12 23 -14 33 -32 -4 55 52 -4 13 43 59 -25 18 67 -21 39 -16 -45 -47 -11 -28 -25 -13 50 -1 25 9 17 -18 -26 56 14 -3 -54 -46 -27 -13 -15]
[-41 28 -12 -45 -17 9 -8 70 -13 32 -18 32 9 7 -10 21 31 -86 94 32 -28 -25 47 -22 9 -26 -34 -63 -33 -26 -14 -1 19 -101 24 2 -5 -6 46 -34 29 38 -14 10 44 27 91 -95 7 15 -7 10 -40 3 -60 -9 -49 -23 -57 28 -16 57 23 48 20 -6 5 -8 0 6 18 -15 -15 -8 13 1 24 -9 -62 -57 -24 24 -25 31 59 -18 29 33 30 16 -5 -38 -20 -48 -43]
[-86 -9 -1 -69 -54 53 9 -33 -31 59 3 -6 -59 -36 -52 -36 30 -50 18 6 -45 -36 41 -18 -20 54 45 -47 7 -30 6 -3 -26 18 12 19 -67 -27 18 -32 -33 -1 -5 38 17 -29 45 -93 10 18 50 30 -3 -15 7 11 -40 7 -70 -19 -85 21 30 16 -8 7 -3 54 -25 -63 40 -65 -2 51 -4 23 -15 -22 57 2 -4 5 -14 -28 -2 -67 -18 12 -79 14 5 -61 24 -36 -21]
[57 -1 -20 -72 4 -3 9 -49 15 14 57 27 -72 -17 -38 20 -15 -28 -4 27 -16 -1 -54 17 48 -20 -3 4 27 -6 68 17 -13 -19 -29 64 5 -31 2 -10 27 -62 -5 2 65 30 0 -65 -23 -28 25 -3 -16 -7 26 -28 33 -41 -3 -2 24 -35 53 -50 32 -12 2 49 -7 43 -32 -20 -12 8 29 8 69 21 -11 -81 53 9 2 -17 3 -14 -31 37 7 11 -4 -59 -22 20 8]
[10 13 12 -48 -32 -13 -9 26 5 11 17 55 -17 -55 1 -37 -7 2 -3 24 29 -17 15 -24 73 25 47 -30 74 51 46 -32 16 -19 -9 -25 -29 17 16 -40 -19 27 -4 -7 -25 -41 28 -19 -61 46 32 34 -32 18 -69 37 15 -39 19 49 32 81 -15 -31 68 36 17 39 -1 -2 10 -30 -10 19 -12 -62 -6 -36 -34 25 2 54 -30 21 4 -42 -21 -73 -28 16 -34 -33 -4 -9 27]
[48 50 -28 36 -37 3 -22 -18 -10 -33 -41 18 35 -6 12 -33 23 19 -21 -16 -4 -34 26 36 1 11 -29 19 41 28 -30 20 21 -42 14 14 -5 29 -56 -11 -16 58 -12 28 -13 -38 -33 52 16 -4 -41 -13 48 14 5 18 -49 11 -40 -7 4 -35 -47 -34 -25 12 17 30 -48 -29 46 -17 12 -35 29 15 -73 -9 67 27 -21 8 -41 -2 -32 -16 25 -6 -23 11 -10 34 55 10 -6]
[24 -48 -13 -47 9 -43 8 -32 -16 -62 5 6 53 -23 -58 -28 -75 5 -21 45 -28 47 -1 -15 51 24 46 -45 -15 44 38 5 -15 -33 -68 40 -2 5 -31 -6 -11 11 -22 -17 31 -7 -11 -79 -4 22 -32 -56 -24 -12 16 -67 -8 -62 18 -34 64 -27 -51 23 8 45 -69 12 -65 -24 9 -28 0 -5 10 -57 -26 -36 28 48 18 -28 4 9 38 -42 1 -20 -77 23 -40 -18 -23 8 17]
[-7 -36 -20 4 53 91 52 -26 -42 -44 -64 -4 29 4 -31 -52 -7 0 13 18 91 24 43 -9 -74 -35 -32 -62 32 -52 48 34 -3 -42 -46 -33 -14 12 -38 -39 22 6 33 34 6 -39 47 -57 2 46 31 9 -30 3 38 0 16 29 -49 13 -67 5 -45 -16 -38 1 -28 57 16 -44 66 52 -7 -12 8 -25 29 55 16 45 -41 -45 -20 -17 2 14 -52 56 1 -4 32 3 -29 -8 0]
[-21 17 11 -24 -24 20 -42 5 -68 8 -4 -10 -5 -2 39 28 14 -49 23 -45 -6 -44 -31 -2 29 25 30 15 -8 21 -12 -31 -32 2 77 -71 -72 -35 -44 22 -19 2 -4 73 13 -6 12 -27 5 -64 -22 -14 -4 -17 -29 -1 -27 27 -50 -45 -59 9 54 70 39 10 9 -33 17 -11 42 30 -78 -22 1 -12 -36 -68 -45 24 -77 16 -40 11 26 9 31 -15 -45 -5 -21 -56 9 5 -59]
[11 36 3 -12 6 70 -17 -35 -6 -13 -95 -34 17 13 -46 50 16 -18 -44 -43 25 26 -21 3 -79 5 -18 33 8 -29 -21 21 -46 -19 35 8 -38 63 -59 50 0 -26 -4 -37 -40 -16 -53 51 7 0 0 31 40 38 32 -18 32 14 12 -7 -36 -70 -18 26 -22 57 -79 -8 5 -4 -60 -31 49 27 -15 21 51 -11 -26 27 -32 -61 -31 -67 -63 -3 -14 -8 54 24 14 0 -2 0 -16]
[-60 -18 6 51 -33 35 13 49 -4 -3 -55 -68 -4 52 11 37 87 8 49 10 -6 18 -24 -20 -46 -50 -27 -23 -55 -47 -94 -65 -3 52 -8 12 56 -22 63 -4 29 -67 -67 13 -10 -7 -13 -29 49 8 -5 23 32 -23 -37 6 -22 -9 -15 3 -32 27 -3 35 41 89 -3 -37 -11 10 -41 -33 17 50 -55 0 -43 21 -17 25 0 -62 34 -28 49 26 -35 -13 -10 14 -31 14 49 -19 0]
[-47 12 -10 -16 6 -32 56 21 32 -28 -59 7 -7 -37 24 1 -3 29 72 -44 57 -19 21 -19 -10 -20 -3 -16 -14 14 -22 19 -21 22 -25 -18 -7 -35 35 -25 -26 -29 -46 21 17 19 14 -21 17 8 65 -41 11 -11 20 -74 0 8 -10 -70 -45 19 -9 -12 10 -57 17 100 35 17 31 26 -75 -33 29 -2 14 18 67 -20 12 -14 -49 -13 20 48 3 11 22 -25 11 -35 18 9 12]
[1 11 -25 40 5 -4 1 -100 32 -10 -1 -20 11 6 27 -1 55 3 69 48 -56 -43 -10 12 37 37 -41 22 -20 17 -50 19 27 3 -57 19 63 29 -8 19 -44 12 -32 37 15 61 -5 73 61 3 -87 -32 13 -34 13 -4 -4 17 -46 -50 2 36 -4 -14 -3 -18 44 -32 -20 -56 20 32 -19 -53 -5 9 6 10 -52 17 -83 22 6 -54 -25 -17 34 4 54 23 64 60 19 42 14]
[76 35 -101 42 17 17 45 40 5 -40 -10 -53 -11 63 -32 -43 38 47 -15 11 -35 35 -27 49 -16 6 48 43 -18 59 11 -49 64 -20 -1 54 9 -23 -31 12 38 22 17 33 -9 -15 -61 -39 -3 -17 -50 -19 -6 22 -40 17 -37 -83 -3 2 1 -13 -26 -7 -1 -7 -22 -46 -22 38 -8 23 71 -4 -20 -74 -30 -73 -47 76 77 13 -16 -29 -34 -27 35 -6 -16 -13 33 -9 -10 15 -12]
[-21 75 19 -54 -57 -2 1 41 23 -12 7 -29 -41 42 29 4 9 -54 30 29 -24 -27 -26 -4 52 31 -26 -8 -41 -19 -10 -23 -15 77 12 16 -37 -24 -20 -20 -52 3 -2 -7 13 42 -68 -32 65 34 21 13 8 -15 31 -5 -24 -59 -25 -29 -13 5 14 -24 28 56 21 -32 -27 19 -4 -4 -16 17 -22 -23 9 -50 -72 16 -15 34 -13 -5 -8 48 -2 -65 36 53 39 -17 4 -49 -17]
[-17 -15 -25 22 40 -30 65 80 33 -18 -32 20 44 -35 36 21 3 10 1 50 7 60 16 -33 12 -43 -10 -76 10 -9 30 -57 -5 19 34 -18 31 9 71 -82 -3 4 15 -32 2 3 11 -2 -4 50 64 13 -29 -74 -11 -8 66 -23 29 -5 42 5 12 -59 47 -26 15 57 -15 34 -35 -8 17 17 -5 -29 31 -23 -34 -38 48 6 2 30 39 23 -27 -12 63 36 1 -41 -32 -17 11]
[-60 32 4 -20 36 -17 -9 10 12 -26 -29 -67 22 -2 -56 56 0 -28 -2 -14 3 17 -38 -21 -38 23 -5 36 -82 -1 -40 45 31 17 -33 15 -38 13 -20 13 32 -10 -33 10 -18 44 -51 -20 40 -22 -12 -54 -8 22 -3 -45 -5 -1 33 -10 -19 43 40 32 -6 12 39 22 26 3 23 -25 37 -43 38 -19 -16 20 -39 41 43 44 -72 15 -1 -19 36 -25 -37 -65 1 -2 -10 -34 13]
[-60 -55 -33 18 34 12 -6 -13 -54 80 28 87 34 -17 -2 -26 -25 26 52 26 19 -23 4 -27 -17 -86 -24 -33 -6 -39 17 56 -5 -5 -37 -43 10 -51 -15 -14 45 17 45 34 72 43 86 -93 -32 10 35 -58 -68 29 -27 -27 -27 -7 -17 22 -29 -12 35 52 -18 -34 38 18 -11 -13 12 -18 -26 -4 6 23 18 45 22 -42 -45 -25 60 -5 29 0 20 26 -33 16 -66 -12 54 20 17]
[-89 60 39 14 -8 -19 52 10 41 30 -32 -27 86 -33 37 0 -44 12 2 -21 12 37 -10 -50 -68 -1 -46 -48 25 -40 -13 21 -38 40 41 2 29 26 25 -43 -12 0 18 24 -1 7 -40 62 23 -11 -18 -11 10 -1 18 -5 12 78 -8 29 14 0 -19 3 3 40 -26 32 -65 49 27 -28 -9 -21 20 18 30 20 34 -25 -46 2 27 -10 21 58 -3 -17 44 57 59 57 4 -105 -43]
[50 -41 9 26 0 24 -1 -2 -68 -38 -43 24 41 -42 16 -52 -8 49 -67 4 77 -38 82 -58 -45 -24 -90 6 46 -36 20 4 -18 -32 -5 -59 10 4 -50 -14 16 -51 82 -52 2 -39 5 7 5 -49 12 -20 18 9 32 13 -28 39 11 28 14 -1 -47 -56 -47 -34 -10 9 33 -2 12 20 -38 0 48 -24 -36 77 69 -31 1 -17 -43 10 19 45 -21 -28 -65 -26 6 -15 49 10 28]
[47 -54 -11 75 -42 42 -31 -44 -33 7 8 8 2 8 -61 -38 18 8 10 11 41 -31 31 33 1 -30 24 60 16 -13 21 -6 33 -8 -62 12 -38 -20 -72 -11 26 33 73 -26 2 16 -8 27 -19 -5 -20 13 0 33 13 54 -17 -3 6 -22 -78 6 30 7 26 -49 36 -11 59 -12 -43 23 7 17 19 -12 6 28 -27 28 -24 -21 -3 -46 -13 -5 -22 27 -75 -28 -33 -19 51 39 3]
[36 43 -8 -42 10 -7 -2 -5 3 37 84 15 -75 3 -7 -20 -96 -8 -39 5 0 8 -39 58 27 42 7 -42 49 -19 33 -3 11 -47 2 19 -49 -47 -52 -13 3 5 59 30 32 1 -35 -25 -19 -31 47 -62 -17 9 31 15 -13 -52 -2 -8 50 -80 13 -31 30 -29 -28 7 -68 7 -10 38 4 14 -9 -32 -6 12 4 1 -20 -14 35 26 47 -41 -31 -74 -58 -7 -6 -11 -8 15 8]
[109 71 -80 -44 10 0 22 84 40 21 -7 17 -83 40 -34 -54 -26 0 -17 -22 -5 -4 -12 77 78 -12 37 16 6 59 9 -27 10 -7 -2 17 10 -61 -4 30 -5 15 -61 20 31 -19 -12 -8 -52 28 34 -4 -1 19 9 -8 -2 -70 11 -62 58 -51 -35 -40 41 -23 -23 -34 -30 71 -38 12 9 19 -39 -71 14 -43 48 -13 86 -4 15 1 4 -2 -1 5 14 -26 -9 -22 -29 35 24]
[-74 -22 3 -2 -45 30 27 -18 -19 44 -60 -11 9 -17 2 25 15 -12 -14 4 58 25 62 -34 -44 -63 -49 -34 22 -105 -18 11 -11 -23 -23 -7 40 28 4 -53 21 -10 -29 -23 4 73 16 -7 33 -43 43 -60 1 -17 16 15 0 64 33 17 -52 -58 31 15 24 6 3 51 -19 44 -26 -1 8 6 39 29 -6 45 21 -27 -30 -69 -35 -3 62 31 -42 29 -10 16 21 19 60 13 0]
[-7 36 5 -7 -39 -11 -67 13 -32 59 30 66 -33 -4 39 -9 -33 -47 12 -1 -24 -93 -8 2 76 0 -10 72 -26 43 11 39 -17 3 25 -7 6 -25 -21 14 -28 25 -20 58 15 94 29 16 -9 1 -25 -22 -15 22 -70 16 -12 20 15 22 -50 35 41 11 36 11 14 -67 45 27 2 -12 -17 -28 26 -16 30 -32 -10 -38 -35 50 7 18 -1 13 52 -22 -2 16 17 61 3 23 -26]
[-62 4 -36 103 10 1 -9 -58 2 24 -58 3 -6 7 -2 -21 17 -51 -4 52 -31 24 -11 -48 -60 21 -18 -77 25 0 -6 14 55 -37 -11 17 6 41 -1 -57 45 31 53 14 3 93 4 35 -38 -2 12 -20 -4 22 -88 38 -28 45 -34 56 31 27 39 4 -16 -59 10 60 -30 -3 -1 24 26 -45 39 12 -35 3 -31 12 -7 17 40 24 17 -56 26 22 31 8 51 6 -53 -40 -11]
[-35 -37 13 -23 0 69 -34 -9 -11 12 28 -18 -48 -56 7 -30 28 -29 -35 22 13 27 48 32 66 75 80 -27 10 9 8 -32 11 22 11 -29 -39 -38 -11 -37 -28 -2 58 20 52 -42 2 -24 -12 2 0 27 7 -2 41 18 34 -17 -51 -45 -63 38 36 -41 -8 -31 -17 45 44 -51 21 -3 -40 2 31 -16 16 -4 38 8 -48 28 -22 19 40 32 -19 -8 -82 45 -15 -42 -13 4 1]
[-30 66 31 13 32 13 6 50 -19 -31 7 -41 60 18 21 -3 3 61 -43 9 -72 23 -16 13 -42 30 -114 -7 21 0 -10 -1 -46 5 13 -15 -25 10 -49 37 24 -21 8 -5 -10 0 -31 -7 81 28 23 -63 9 -25 59 -9 -18 4 40 22 67 -28 -10 73 -115 25 -69 -33 -61 67 -13 12 45 -43 -41 20 -48 -41 22 35 10 6 -9 23 -1 -10 6 -45 46 31 8 42 55 -32 0]
[54 -4 -54 93 30 -16 46 -34 28 60 8 17 -10 58 25 23 -18 -27 -3 20 -42 -7 30 -23 5 -25 -79 -44 45 13 6 -26 -1 13 -15 18 70 -9 50 -43 26 -24 2 -7 -12 74 14 1 -74 -21 13 6 -25 -1 -52 3 32 34 -3 22 54 -11 3 -84 33 -23 11 10 -11 20 -18 20 -16 -45 6 34 -34 -7 16 -43 -8 -25 56 -42 31 -14 -55 67 90 18 22 -13 18 -3 -17]
[-34 -34 6 -45 30 -61 7 -67 15 -22 20 75 30 -68 2 6 -60 31 -17 -40 25 33 -20 20 23 -14 2 7 22 29 24 43 -63 1 -6 -21 13 12 5 -35 -31 -19 -22 9 -7 -24 2 1 -28 -34 41 -14 -26 20 50 -45 26 -4 39 -67 -20 -70 -51 35 21 -13 -9 69 26 27 19 10 -30 -30 -9 -15 -20 -38 30 -24 -15 -77 -37 9 -39 -35 -5 37 -3 -45 -21 2 37 10 -19]
[28 -12 92 2 -27 4 -29 -19 -58 -79 -21 -37 -13 31 1 -27 74 -8 -14 48 7 21 -34 18 -14 9 29 46 30 33 -20 -19 32 24 9 -50 45 49 8 55 14 -11 20 -39 9 -49 -20 41 43 49 -20 74 1 -24 4 25 1 8 1 -5 20 26 -58 32 27 14 -1 -33 42 -37 -6 11 22 44 -46 -50 21 -26 11 51 -39 -51 -10 41 -30 -37 2 -53 -17 5 6 -72 -31 -12 11]
[30 -19 -9 -30 -50 -51 -39 -30 5 -65 -51 58 105 -22 1 -52 -45 2 -14 65 -25 30 -11 5 34 4 2 -7 -17 101 -46 5 -10 -16 11 14 29 -48 90 24 -11 -72 -96 -4 57 19 -53 -5 -4 -50 -22 4 -53 -12 -10 -55 17 -56 -10 -52 66 -20 -27 -10 -56 42 -37 23 27 44 -25 -53 -58 -44 -5 -25 2 -43 130 -17 55 -10 8 44 -11 15 38 13 18 -56 -32 18 0 -19 43]
[66 92 47 -16 42 -30 -39 55 39 -103 -26 -80 7 55 33 3 101 46 12 -23 11 -23 -24 39 -11 -30 4 33 21 -4 -52 -39 30 9 37 -7 19 51 84 84 15 11 -58 -70 -25 -9 -40 40 34 39 7 49 74 -59 49 -11 25 -3 9 -13 47 29 17 -19 3 34 3 -12 21 -3 -6 13 6 22 -69 30 -18 -9 24 62 47 30 6 -2 6 43 32 -84 74 -7 7 -3 -17 -10 25]
[-16 -19 -29 54 77 -18 40 63 37 -78 -10 20 -66 41 27 37 1 27 69 -15 -14 26 -92 38 -10 -10 23 49 -45 25 -29 -2 49 38 -58 5 61 -58 -14 35 31 -24 -17 10 6 16 -40 -2 0 8 25 -18 -5 -37 -3 -43 48 -37 35 21 -18 -10 0 20 59 13 25 6 7 67 -13 19 7 2 -4 -42 59 8 -13 15 19 11 11 -31 26 15 19 -5 0 -9 4 10 -63 20 19]
[13 26 -24 10 67 17 0 -9 -32 -21 -104 54 24 -9 -1 32 0 -35 22 -29 9 -23 -3 -9 -5 -57 -66 12 21 23 23 -11 -7 -30 -4 27 34 12 14 21 1 19 -31 24 -24 70 -3 4 28 -12 -52 11 45 -28 -50 -20 3 10 -6 -24 10 -30 32 41 29 50 6 0 34 -18 -27 0 -4 -42 -5 -6 54 25 3 -2 -26 15 -5 -20 11 36 42 33 28 32 42 31 -6 49 -23]
[88 0 -9 -28 11 -11 -21 -15 24 -46 -8 -20 -50 51 -26 -39 55 14 5 47 -33 10 48 33 -38 -46 54 -1 17 36 -22 6 0 -19 7 -1 5 -6 33 66 -20 6 -36 -64 -31 -43 7 -29 -13 36 -15 34 43 59 13 -7 -38 16 -16 -34 26 -58 -21 2 -20 -30 -58 -48 -4 -63 -18 63 11 47 -30 -13 11 -47 33 50 16 -29 36 -30 -68 -23 -38 31 34 -7 23 -7 -41 58 21]
[-24 20 -1 52 36 -24 18 17 52 24 -32 29 -2 -1 18 26 -34 -19 19 -5 1 27 27 37 36 -22 2 -52 23 25 23 -19 15 -32 -19 -5 16 7 10 -34 17 41 -40 22 -28 -19 18 46 -6 60 38 -40 -24 51 -6 46 24 14 -9 54 24 -28 -15 15 25 17 5 37 -43 16 1 11 31 -10 -38 12 -35 -11 18 14 -7 -7 64 11 34 -16 -33 10 66 33 -22 70 -63 21 8]
[67 46 10 76 24 -30 -30 -21 62 -42 32 -7 -47 -7 -8 22 84 29 -47 36 -13 30 -73 16 -6 -10 30 -38 -15 9 -29 -5 36 -30 -11 -31 44 32 -4 -10 11 -32 13 -8 -7 6 10 45 1 18 17 40 -12 17 16 29 16 -59 -26 1 13 13 -49 -52 -14 -43 -32 24 -31 -5 -31 5 41 -8 -2 -8 18 -2 55 15 33 10 -1 17 -8 -1 -33 -29 -4 -18 48 -23 -61 -20 25]
[-39 -3 -42 -67 14 -23 43 6 11 0 -32 -10 33 -52 -57 -21 -20 -27 -73 5 30 60 42 -5 -27 -20 19 38 0 24 15 4 -14 -27 6 42 -1 -47 -16 -3 7 -6 -33 21 8 -35 -42 -31 34 -5 -4 -55 -40 35 70 -42 31 -8 21 -28 46 -92 12 0 -14 25 -29 52 24 61 -40 -51 41 -37 19 -25 38 28 80 -20 60 -14 -26 32 -23 1 24 33 -28 -20 -24 21 54 31 -20]
[32 -53 72 39 -33 -30 26 29 -33 26 29 -15 -12 17 -1 -40 3 3 16 28 10 -39 18 4 48 -52 0 61 10 40 21 -7 -8 45 -29 -41 -2 32 -66 12 4 51 2 -30 -33 -19 27 33 -13 32 -8 -16 -37 -20 -2 34 2 45 29 22 25 8 -28 45 52 -29 41 -67 27 -28 14 -12 19 46 -10 15 -29 -15 -4 12 -23 -42 0 32 -1 -44 -27 62 22 -33 -75 -2 15 35 -14]
[36 -1 -27 -15 48 30 47 -34 -15 10 -19 72 2 -3 -29 -39 -114 -19 8 -22 67 -46 -1 -25 -25 32 -31 17 44 12 9 10 -21 -67 3 -12 -6 15 14 44 -22 -22 15 -6 -23 13 -1 -9 -7 -44 -14 -1 -9 -6 -26 -19 44 9 20 -16 17 -3 -40 -58 -41 -27 -28 30 77 -6 5 34 -17 -40 46 -11 31 36 33 46 -34 0 -34 25 5 15 9 -6 -26 -16 56 32 11 -29 25]
[44 6 -47 26 45 38 -23 -35 24 0 -9 -4 -9 0 -73 -10 77 -56 -48 24 -44 -12 -3 -18 -17 23 -9 -26 -1 -10 -2 10 7 -69 -10 60 -3 47 -64 5 -22 -3 11 -18 -8 8 18 19 18 36 -19 30 -1 68 -5 11 -4 -12 -27 50 32 -16 -29 -2 -76 24 -24 -48 -48 -7 -6 -27 53 14 14 -32 16 -41 -8 -46 85 58 2 -30 11 15 25 10 -10 27 30 62 -50 -30 2]
[61 -8 -45 -36 15 -48 19 38 -15 -80 -20 21 48 22 9 -77 9 32 55 23 10 -1 12 19 32 -2 13 -1 -25 34 2 13 -1 3 -36 21 27 -1 -14 21 -50 89 -45 -5 -3 37 -16 22 54 48 -90 -25 4 -32 -8 -46 -38 -28 21 -97 27 -22 -27 14 16 -38 -12 -25 5 -60 -12 55 -21 -34 -7 -63 68 11 25 27 -21 2 -40 -20 -20 15 48 1 9 -31 2 18 -22 58 19]
[19 -21 -6 51 -24 -7 -14 18 16 -10 45 2 19 -49 34 -4 17 36 -21 42 -49 14 14 -31 41 29 8 -34 -4 36 -38 -2 18 39 -24 1 34 -7 33 -47 0 -24 -12 19 40 50 -18 -8 2 7 -13 -12 -14 -65 -63 34 27 -39 -35 26 6 82 21 -52 -33 -14 17 37 -55 -53 37 -55 -17 9 73 10 -31 -14 15 -25 -9 57 11 31 0 -32 -1 -8 -21 29 0 -6 -46 -30 31]
[-25 -47 39 8 46 45 -17 -23 -48 -5 -18 18 31 31 7 -10 -76 -4 34 22 21 26 6 -11 -10 -46 4 5 3 -21 22 18 -10 -5 -33 -26 -25 9 -50 -15 74 46 93 5 -32 16 45 -60 -86 -4 38 16 -20 20 -14 -24 -16 26 -22 34 -25 -6 3 99 54 20 -10 -36 -8 40 53 31 -5 51 -51 -27 25 18 -84 39 -48 -72 71 15 31 -32 2 8 -2 -19 -35 -7 -47 -8 -26]
[8 -29 -10 -69 -34 31 -44 -57 -1 23 -45 62 19 -35 -80 -33 -82 -65 -27 36 23 41 17 14 28 74 75 -49 24 55 29 18 21 -64 15 20 -16 16 13 -40 -17 43 19 -41 -52 2 -19 6 -68 19 -14 31 -19 69 -20 -19 19 -77 5 -15 3 -32 -41 33 59 -12 -68 7 50 -43 -55 -42 36 4 6 -9 52 -25 1 20 -35 -74 -31 -3 -21 -105 -23 -12 -50 -11 -32 -27 0 -51 34]
[-56 -51 7 45 64 13 13 84 18 47 65 15 -18 4 -15 24 -51 -65 1 20 -16 25 -71 -18 -15 -12 -32 -51 -25 2 83 -3 -32 -27 34 42 -63 -6 -101 -41 38 22 55 74 17 27 20 -48 -43 2 31 -94 -63 66 -26 23 -4 -2 6 50 -10 -18 58 96 9 1 -35 -46 -38 20 -24 38 21 -36 14 26 -8 -28 -23 29 -15 7 45 -7 49 15 5 -26 -4 5 -5 53 -49 -2 -15]
[-22 -2 17 -61 -91 -2 -32 -24 17 25 21 -11 -24 -3 9 -4 -1 4 38 9 -17 -54 31 11 52 47 14 33 -27 37 -45 24 -33 60 5 -66 4 -77 23 7 -48 -31 -38 31 -8 8 -21 -48 24 -44 -3 3 -7 16 1 4 -20 17 -32 12 -87 50 33 -15 51 27 45 -18 3 -56 15 -7 -84 -20 21 40 -23 -33 17 11 -49 18 -9 -19 -26 15 -19 -12 -18 -25 -19 -52 -3 -31 -25]
[36 -11 -43 44 63 80 24 22 -33 -24 28 11 -58 51 -3 -35 55 48 47 21 -16 10 -47 15 -7 16 -3 52 20 -29 10 -16 13 -16 -24 38 15 -63 -26 25 59 -39 55 10 64 13 32 -44 -65 0 25 23 -2 -24 -24 -25 -1 -27 -35 -4 -6 51 6 12 6 -31 26 -7 14 60 6 45 8 4 -18 -36 68 27 -28 -20 33 3 29 -75 5 6 35 -19 17 -20 -6 -47 -82 22 33]
[54 -22 9 -34 -10 24 85 -4 52 -34 -16 4 2 -34 49 -34 16 -3 -21 1 19 -11 60 20 34 -21 12 54 -40 51 3 6 -45 42 -12 -53 61 -4 21 22 -85 4 -7 5 100 -6 -15 5 -14 26 -38 -15 -25 -40 110 -16 47 -24 -12 -45 3 3 -58 -24 19 35 21 -66 33 -1 49 18 -71 15 -5 -26 43 -76 -9 2 -38 -30 1 -17 -48 86 9 37 82 45 56 8 -67 37 -45]
[27 10 4 8 -18 -50 -14 10 -26 -37 2 10 36 17 -19 -42 -40 54 -30 55 25 28 3 -1 -24 50 87 -55 53 36 -50 -6 44 -12 -7 -4 41 -45 38 -9 37 -40 -7 -10 30 -39 -24 -23 2 23 28 16 -42 -54 -11 20 40 -25 -26 14 17 19 -22 -41 4 -11 -25 52 -22 -15 -2 0 -15 12 -20 -61 13 7 94 7 18 6 70 45 -17 -33 0 -98 -30 3 -20 -40 -17 11 43]
[-7 -27 80 -3 -41 19 -45 -32 -10 -45 73 -10 -41 18 39 10 14 19 5 -13 7 -61 -7 -42 -35 22 3 -39 -4 -29 -3 10 -9 22 8 -43 6 -1 -76 1 -35 -20 -5 25 -57 -30 49 -10 28 -5 -11 -2 8 11 -20 35 -48 -13 -22 63 -46 48 -17 -7 -55 43 7 -25 -38 -69 42 15 -16 41 -21 5 -40 26 5 48 4 9 0 -4 -9 1 -37 -48 -84 -16 8 19 -18 -23 34]
[3 52 -35 40 27 34 15 -6 24 27 32 4 -14 2 -60 -55 -3 5 -15 42 -44 -3 -39 49 -12 62 -15 17 -21 -2 31 -22 39 -11 -43 38 14 -10 -55 19 51 29 21 -29 24 26 -25 28 33 -24 -36 -28 -4 26 -12 46 -3 -28 4 20 34 27 -5 1 -52 -23 -42 18 -23 59 -43 -15 83 -58 5 -16 30 25 6 -6 1 46 -29 -18 8 -4 24 4 -7 4 24 1 -41 -35 6]
[-78 29 3 29 -22 1 -4 10 7 33 -31 -13 -43 23 13 77 33 -5 51 14 8 -25 6 -18 -37 7 -4 -13 -12 -56 -29 13 33 15 30 -55 -27 17 1 -7 -13 25 17 -38 -71 25 28 -6 44 45 36 39 48 7 -53 -21 -3 50 12 43 -41 31 0 -5 30 -38 41 21 16 -20 -15 25 35 17 5 71 -31 41 -47 19 -25 8 -61 -7 39 5 -63 -45 22 5 -16 -11 7 -27 -14]
[3 21 -27 50 22 10 -9 75 9 -29 -15 -49 10 -8 2 30 19 -23 -65 -43 -4 31 -8 4 18 22 -7 4 -91 -9 40 -65 10 46 -6 32 -72 0 -47 -17 -12 53 -17 46 -55 24 -66 37 51 -39 -17 -35 26 -5 -4 13 -19 -31 -9 -41 25 -7 18 9 -39 0 -8 -51 -34 21 -28 -32 27 -27 -1 -13 -45 2 -67 6 63 72 -34 13 13 38 95 21 -4 -26 5 37 -86 26 -28]
[40 33 20 -36 0 32 -11 -29 7 33 -40 7 -19 -13 -32 -32 -13 47 14 -39 60 5 54 11 -30 -45 10 0 43 -55 -18 34 0 -82 -15 -15 -4 1 32 29 13 15 -3 -51 -12 -1 13 46 -24 -27 -2 -6 46 50 17 -26 -28 60 -15 -16 -25 -23 13 10 -16 -51 -37 42 17 -23 -18 49 -29 20 13 -11 54 82 76 -42 -4 -48 43 -22 37 36 7 19 -34 -8 36 7 -8 30 10]]