41
156
1693
0.015
[[-214 35 138 -147 108 -112 264 -53 -10 -5 -2 -26 57 216 -96 -11 -27 28 29 -162 20 102 176 -38 -348 24 -63 15 26 137 -113 205 90 134 -197 13 -48 30 222 159 221 -37 -11 20 -83 32 104 133 -93 2 34 -73 -192 -140 127 38 -23 -1 -55 -91 11 18 -171 123 -5 33 -2 -151 62 -221 -58 -114 69 -102 -193 222 37 -218 35 -35 17 -140 -72 -80 103 59 289 28 193 -20 157 1 144 -124 116 84 4 -214 -95 -78 -33 3 50 80 -4 -8 -214 134 343 197 -72 1 -136 -21 246 80 -6 -75 -6 115 240 -229 106 -204 84 -77 -32 113 -54 -61 -51 164 37 -2 -22 72 126 -216 -89 -257 -266 190 41 65 -66 -45 3 139 170 49 -97 52 19 166 72 -112 147]
[153 -51 300 -98 144 140 -99 -27 156 9 35 212 -64 156 182 -178 -82 -40 -176 -21 62 -333 -307 143 169 -121 89 94 -68 -31 -66 -59 57 187 -54 -138 55 -62 125 12 -226 68 8 175 -3 -221 -109 -38 -153 177 -105 52 215 45 31 33 112 2 61 -83 -104 184 46 -208 88 -34 64 118 7 -35 136 54 -190 -103 170 -70 -315 -79 23 129 -137 -25 -73 80 51 96 -9 -74 22 81 41 -22 -98 16 -86 -9 -149 -10 130 57 -11 20 -7 230 -12 -90 143 69 -66 68 65 64 -209 -222 64 -132 13 337 -235 153 54 -189 -21 -210 99 -68 45 167 113 -271 -98 -124 -117 -38 59 -205 -134 21 -53 -101 171 63 -137 -120 -193 -147 -6 -354 -159 -219 58 -139 33 -90 121 61 -76]
[-129 -6 -92 45 -23 -237 -49 1 205 -141 -65 -10 201 100 -271 -244 20 -74 35 230 -114 37 172 -87 140 64 -54 -44 -98 -52 -144 -94 -295 21 29 109 -10 -52 -170 -27 -51 -95 -84 -154 162 36 28 33 -3 -23 62 -85 -329 195 148 -162 213 241 -36 21 13 -79 23 -122 23 -35 39 -118 -13 115 -48 -54 55 200 63 159 173 67 65 -200 -234 1 -47 -191 78 -23 -4 -196 61 223 37 -104 -80 -210 160 -78 46 64 -210 -156 133 62 -117 -148 9 -67 -65 -4 91 88 -3 -137 -39 -84 -46 -264 121 -11 250 -300 -117 -119 -86 49 -14 -79 -216 -231 -150 -108 188 166 7 -152 -63 -67 -103 50 11 205 94 -186 19 18 -251 287 -169 340 -249 38 137 25 -82 131 155 3 -265]
[-225 234 -85 214 -4 152 -104 -111 -185 -11 -96 -196 -308 -304 29 288 -63 40 137 3 -49 -22 -183 113 -220 249 57 196 -79 -26 173 39 156 173 68 263 151 -56 195 110 136 117 -53 128 -98 41 143 148 163 71 -53 -60 84 -28 -139 125 -118 -81 -127 -45 -294 72 -74 44 204 168 180 18 -62 152 -73 152 165 -286 -92 -98 -129 139 47 203 220 -149 333 -98 118 4 69 109 -131 -10 -68 -31 66 20 -127 -3 98 103 -103 200 90 4 158 143 91 -54 -15 123 130 -168 -255 140 27 100 25 164 -13 -31 120 104 -69 103 -66 233 -202 145 84 90 56 56 -355 -105 246 -197 235 -24 -28 90 18 -42 -164 17 80 94 70 75 154 -200 130 -44 -115 -194 246 -126 -206 -184 -5]
[-268 45 113 159 -66 -289 143 -399 203 -123 -175 95 48 -133 -119 -24 -211 140 9 60 -36 6 -4 71 -137 155 203 77 2 197 71 61 73 237 -193 129 85 73 236 359 -16 31 18 127 -81 57 144 6 3 101 47 -156 -21 143 85 -44 -94 46 -66 -88 -57 -158 -43 -1 301 216 346 158 -101 -52 11 -50 72 17 37 142 -196 85 153 -9 100 -72 -63 97 154 174 35 -174 127 25 173 50 124 -57 -14 -16 11 -19 39 214 173 312 -24 275 57 1 -131 159 -148 -46 -111 -1 -266 19 68 172 123 -13 332 165 81 134 97 -95 26 206 71 4 114 132 25 157 117 -18 108 -63 -97 73 -78 -7 45 169 -222 -127 -29 146 293 -78 42 -67 -18 -148 230 18 89 -134 -123]
[-422 62 391 -69 154 223 223 -123 45 17 132 128 -2 193 159 -91 -69 -195 -9 -97 133 -229 26 117 -177 -38 -30 65 -102 39 -177 -145 -118 31 -16 260 67 -256 363 -49 -65 185 44 132 -114 -284 38 89 56 66 -158 29 -196 -3 72 81 199 64 35 -162 -112 21 -162 -60 -17 -199 -182 -33 64 5 -47 66 -4 -181 -135 4 98 29 -37 56 69 -252 -126 -142 43 164 254 -38 -38 224 175 -22 -151 -334 165 -184 -64 -85 -12 -230 67 -110 -7 198 -95 15 147 85 228 -93 -26 91 -304 -267 143 -137 178 100 -164 -72 15 -398 -132 -104 -53 -88 -275 118 -46 -292 -1 -125 75 -93 264 -289 177 83 -17 -447 -259 53 -94 152 -257 -59 -69 33 3 -195 -15 -55 -110 30 32 -13 77]
[-185 29 149 49 -31 -212 40 -42 18 -132 226 -157 95 198 -191 -70 20 18 137 12 107 63 151 -151 -340 24 -307 18 267 194 -118 35 -188 76 18 107 -137 30 -30 -84 33 25 38 -19 -152 63 71 51 117 -119 -217 -103 54 -115 207 -135 -53 -56 49 35 281 -74 -10 170 -219 -104 -26 -72 -12 -281 -47 17 -20 219 -95 152 484 -140 28 -288 -91 162 -295 -104 -212 -136 367 -51 44 -30 94 -130 -23 -210 -49 -47 32 -266 30 1 -51 -86 6 -119 -55 142 -37 135 243 55 -32 -136 -44 -129 -1 227 124 -87 171 -170 205 87 77 -29 -326 -10 -223 -166 -49 52 122 60 124 -5 -50 -24 -96 13 -320 81 -214 -50 205 -75 43 72 -91 394 -11 178 -107 285 -112 177 124 58 142]
[-463 9 -125 228 -181 -301 193 -110 80 -8 -314 2 59 -202 59 -35 -74 137 -64 30 36 152 -74 131 160 -53 135 -169 -36 -64 -12 -124 -122 -142 -9 260 85 -10 53 239 -47 53 254 -191 84 19 27 -13 180 -33 148 43 -235 236 -133 -135 116 274 23 -218 36 -69 18 -186 111 195 -40 -68 -127 96 -93 -79 57 90 70 -96 -227 446 -36 183 206 -15 139 74 43 -61 19 -112 -187 204 -61 207 -86 -46 162 -241 74 124 -26 -17 -142 163 22 -101 -149 188 81 -47 -460 -196 -41 -49 -170 -4 -31 20 138 -17 278 -323 -310 106 -65 -13 251 204 -29 163 -194 137 214 44 -202 18 -43 -59 41 8 -29 -54 69 119 -194 113 -87 62 -96 6 2 -87 -42 -262 35 128 -26 33 -134]
[-243 -101 56 -81 30 10 49 -157 -146 243 17 69 171 183 152 50 -185 34 29 -264 377 16 62 -86 -117 -178 -114 -132 29 -126 -149 9 48 -238 -43 -52 84 -29 384 373 143 -13 -17 4 30 -120 50 -170 135 -1 93 -41 -308 62 -4 68 71 15 -45 -19 -17 -133 -125 39 -72 -10 -75 -56 -49 -215 -262 -225 217 -5 4 205 -65 -26 9 59 64 -62 -88 -73 -45 23 86 -1 124 5 130 229 -132 -196 232 -98 -156 87 133 -182 -224 -19 15 -91 -135 179 146 10 61 -98 57 32 -143 104 83 -132 -2 -43 165 -140 -79 -259 54 -264 280 187 106 168 -268 7 27 158 124 56 -166 36 228 -41 125 -318 -32 313 -27 169 139 -108 107 99 293 -59 -141 182 52 126 -66 86 174]
[19 72 117 242 160 -111 -471 7 -69 20 221 52 -25 194 -46 -88 109 -60 -270 185 -92 -162 24 130 112 -36 -109 142 -265 -211 -160 -79 47 75 10 -230 208 -113 62 83 35 34 -283 129 137 -205 -3 35 -186 195 -39 -179 -76 6 94 73 123 112 -162 201 -241 340 0 -146 160 -32 345 39 -71 -22 -2 -60 171 108 73 181 -49 -306 112 -60 -415 -64 174 -233 216 48 -187 -93 187 135 21 -131 91 -95 -134 133 -114 -32 -274 70 1 34 60 131 222 -262 146 74 457 235 -23 44 -14 -103 -10 -396 -97 119 127 63 173 -286 172 -77 106 -138 64 68 90 -234 -371 227 251 -156 -18 -4 -243 52 108 -147 38 -150 19 -75 -359 262 145 -81 -154 -154 1 93 268 84 286 -155 -189]
[45 -101 311 -276 58 282 582 -71 74 -61 40 77 106 38 28 48 36 5 63 -4 -110 3 202 64 -258 38 193 218 104 58 328 124 123 -106 -8 23 -156 81 95 219 -133 136 232 132 -45 -53 -33 57 -214 91 -182 215 132 -73 233 -4 -493 -113 301 -157 354 -18 44 276 -111 24 -241 179 36 -201 121 -231 -144 -21 -311 46 -176 -104 11 18 237 -147 -317 172 -139 372 225 -209 -80 -121 43 135 -5 22 173 -182 -185 -104 211 144 114 153 54 432 -62 -78 5 124 -289 -130 64 56 -224 38 24 120 67 -111 -51 353 222 201 -47 -124 34 2 14 240 76 51 304 16 -49 172 46 -36 330 -61 -11 -89 -69 209 -252 -123 47 -254 228 -128 157 -33 -121 -83 -71 -27 10 71 69]
[-80 -39 -67 -513 -30 47 164 -117 120 179 -47 -193 314 201 -62 -168 69 31 -32 128 -17 24 328 -163 -177 -68 -204 161 186 33 74 -18 -164 -99 -102 54 -159 114 41 177 11 63 26 166 21 179 21 137 -69 -66 -97 34 -18 -49 128 -119 -250 -170 -6 67 94 -66 52 214 -253 -87 -239 6 -48 -221 43 -75 5 -13 -59 -38 40 -122 1 -58 120 109 -108 179 -274 48 252 -246 30 -170 81 168 -86 -192 455 -79 -42 8 184 61 40 -170 -74 -53 -118 141 -89 -40 -161 -28 182 -170 115 173 -11 46 111 -9 -187 -62 59 132 56 26 -44 -122 -241 119 -131 -200 309 -69 6 299 -172 65 17 -223 -80 -48 46 166 -156 21 129 59 -68 132 86 61 -124 16 55 227 -76 29 -9]
[335 123 -38 -580 -184 220 -194 -2 34 -35 -102 -84 215 -97 -280 187 175 38 -25 118 -283 -58 -71 -106 -23 43 -20 302 212 144 256 -121 -2 -169 124 -52 25 -61 -240 69 -94 -168 -186 26 71 303 24 251 -159 57 -94 186 96 -99 187 -319 -263 -177 55 -3 -56 -175 19 310 53 26 122 37 -108 -25 -12 33 95 117 33 -235 13 73 51 -81 13 184 -78 -29 -239 71 -80 -177 -23 -84 -190 65 106 -31 74 118 -87 71 67 80 77 23 -43 148 54 -128 -46 -9 -37 -96 -32 -150 300 186 -153 -9 -37 -136 -176 40 -100 154 -60 200 -46 -101 -173 -324 192 -163 84 -64 -38 13 69 221 11 -138 45 324 201 -208 14 11 80 15 57 -12 -149 104 -4 -141 163 -136 -43 51 -43]
[120 70 -344 -12 61 282 -39 386 -22 -94 -100 64 60 17 -144 -332 -116 -92 185 307 -382 86 2 -195 91 206 -16 31 -281 -192 76 162 -57 182 -140 39 -156 169 -160 0 168 -10 -111 -49 305 1 125 -137 -245 -40 91 54 -153 203 -74 141 72 -26 -93 31 -118 1 56 99 -48 68 -229 -77 228 36 -29 98 -17 -191 19 98 -184 -255 87 109 -29 -305 260 -185 208 -42 129 -232 10 214 -39 -61 -202 179 294 -10 -8 -39 -257 -76 389 -251 -8 -75 41 -226 -203 -25 41 121 -18 -74 118 -9 83 -229 -155 78 -51 -92 4 -55 -134 338 -62 -52 -37 107 -194 -189 195 -59 -28 -182 -211 52 163 -6 155 231 -48 -171 189 -51 -80 69 -112 -6 -198 47 240 -229 -118 -17 -184 -51 -245]
[-33 -112 133 -161 112 -49 203 -72 78 72 -44 111 106 68 399 -157 92 -140 -240 139 155 97 -194 20 9 -122 77 -125 108 -145 59 29 25 -59 -30 -219 9 45 194 309 -38 151 94 203 48 118 -169 159 -166 -44 82 -46 72 -211 22 -74 -241 15 -18 -141 145 346 40 -144 -61 -176 50 -103 36 -237 153 -193 -85 -125 -15 -41 -274 -160 44 144 104 -122 -20 345 -124 -100 96 -227 41 -195 -101 310 -27 -35 251 -33 -15 29 195 44 -318 -201 95 132 51 316 -31 -18 -139 -18 236 -107 -116 37 144 284 -14 3 -120 236 150 152 192 -125 145 -20 15 237 74 -146 -66 -13 15 172 -29 -87 64 -71 -80 -318 11 310 -101 -4 67 30 -34 -8 37 -224 -227 -32 31 287 62 89 51]
[137 41 -18 -248 -137 268 153 -58 -57 216 -192 -160 181 129 -15 266 141 109 9 -122 -65 -12 261 -109 -32 -271 -166 127 142 93 71 -18 -126 -338 -218 114 -124 -283 76 -199 -74 -56 -47 6 -105 218 6 122 -67 -26 2 138 -79 -6 56 31 -91 -144 37 -64 6 -341 -28 213 -53 -42 -90 -59 -136 84 -31 111 94 13 -1 -243 168 245 -161 55 102 146 -60 26 -281 186 8 -5 -16 -184 20 8 49 -143 126 173 81 64 157 -3 -81 16 77 -81 -200 156 116 77 -168 -77 149 -109 386 178 -226 -95 -131 -77 -58 -40 -290 4 -27 170 65 -258 -126 -68 -159 21 19 113 -164 201 -135 275 27 -315 76 35 286 44 -65 162 218 2 45 67 143 231 -138 -138 -26 -13 -11 -159 157]
[-138 -10 44 19 21 -68 -141 47 68 98 195 119 171 229 -201 -205 -27 91 -308 192 -20 -262 37 72 157 -136 -142 115 314 -17 2 -261 -232 -249 62 27 152 191 122 379 -173 -41 65 -106 19 -186 163 -251 25 142 -194 119 39 253 156 -144 61 -17 209 -11 160 -155 241 293 -113 116 33 50 -111 -203 -158 -12 108 382 262 7 -8 26 61 -104 -228 215 -343 81 -410 134 -19 -432 -33 64 209 234 -231 9 -49 -217 -277 -68 -69 133 -236 59 112 58 22 -27 328 -42 -260 -60 20 -151 -369 -261 -117 50 95 160 38 -151 -144 148 43 -127 2 103 -187 10 -16 -162 212 -72 134 120 -123 15 41 146 -137 1 49 -77 -170 -153 35 105 -32 75 -114 -127 81 27 44 87 -20 264 -231]
[-119 145 -459 44 53 63 -126 46 -16 195 -97 -257 106 -40 -91 23 419 -287 -350 174 -144 -250 171 85 283 34 8 279 32 -414 -15 -316 -115 -256 419 96 145 -2 -32 77 -91 96 -42 16 242 -27 -207 175 101 133 135 68 -421 -42 187 -288 23 154 102 -8 -208 315 86 -143 -69 -119 -98 -172 -33 343 -100 -174 106 33 63 -83 -148 185 133 -42 10 138 144 13 -59 -16 -119 -134 -113 129 54 161 -49 -209 324 -52 -39 310 -330 -59 -94 -158 -37 167 60 -194 164 -60 125 -49 153 -113 51 126 -82 -270 209 83 -110 -374 -336 -297 5 81 170 0 -151 16 -49 -313 -230 109 101 -203 -81 104 -9 -4 155 22 111 -145 -190 140 -231 210 -231 92 40 -290 32 -62 324 -5 -57 89 -172]
[68 44 -2 128 100 58 -75 -180 -6 17 -252 -47 72 -28 -273 137 -289 164 325 196 138 43 -123 -359 -10 37 -105 -23 20 152 -96 -14 -274 166 -160 158 183 112 180 98 52 -381 -85 -102 -105 361 357 52 185 78 224 -243 -12 250 -94 66 25 -35 -199 133 -86 -404 -67 158 253 314 379 -143 -357 198 -219 112 290 27 258 107 206 -22 162 -136 -5 166 -72 -244 48 18 -209 -174 124 47 48 -141 -168 -91 18 27 93 29 -107 41 108 -60 96 -211 174 184 -207 63 123 -4 -103 -21 -39 59 -84 -2 -128 -28 320 147 -186 259 -78 152 -252 73 -148 -259 -41 39 20 -16 310 -112 27 32 -291 214 171 224 115 -113 -71 113 218 428 48 190 -150 165 198 100 -27 14 -215 -41 -230]
[289 -135 226 258 117 -57 -236 189 147 -39 129 64 19 285 119 -256 -278 77 105 -86 214 -393 -191 -220 176 -188 -13 -122 210 91 -118 -167 -361 367 -48 -22 -169 117 170 -254 -182 -77 -53 -93 -89 -63 161 -289 5 137 -15 -59 -9 52 51 198 361 -41 86 49 -23 -16 201 -17 10 -101 -16 37 -16 69 82 248 -82 87 302 -37 137 -24 22 -178 -94 297 -303 96 -205 117 16 -10 157 -101 59 -184 -230 47 -125 38 78 -134 -174 12 108 128 62 -240 -112 6 -20 22 36 97 61 -167 -122 -195 -100 -89 -215 482 -150 8 -23 -67 167 -92 -136 -33 23 -159 -6 90 -93 -81 34 10 -55 -55 -128 214 43 189 140 13 -108 -92 150 -64 -238 39 -130 4 109 -35 -170 -144 -55 305 -107]
[-283 -170 -142 18 54 -44 -60 286 169 -207 50 125 -137 229 -55 -317 -160 -100 220 71 -77 8 223 -89 198 -118 111 -118 -95 102 34 32 -208 112 -147 315 -76 -81 -8 -343 -27 -111 -112 -254 -200 -230 232 -421 -337 -60 149 99 -210 243 -222 208 288 115 -177 -95 -28 -240 85 4 86 -74 -86 -66 335 62 -57 320 100 43 9 138 166 37 -95 -84 -295 -136 56 -170 -130 97 -91 -19 126 47 80 -19 -29 93 -139 1 191 58 -255 -96 187 275 -47 -321 -132 -104 -88 20 64 144 -166 -82 164 -52 -222 -133 -322 106 98 -249 -129 -118 -14 220 -98 -74 41 -191 -287 212 -27 -4 -78 66 -112 70 260 -19 53 151 30 -36 107 15 95 27 -120 141 -200 145 186 3 -420 -91 -2 -19 -203]
[-6 61 89 22 37 181 54 415 -104 -238 27 -229 -207 -62 60 -146 157 -191 425 70 -191 16 -101 -16 -207 113 -29 -67 149 -93 367 26 -121 91 -22 -46 -197 56 288 79 279 262 -155 -23 129 -32 87 -103 -196 -24 -13 73 -19 -177 -8 -77 -174 -125 99 -44 172 189 125 212 -20 -34 -177 -330 219 -209 -70 77 119 -210 -302 125 -50 -95 25 278 102 -253 226 50 -237 19 211 21 40 -136 -150 91 94 54 14 -49 -79 -17 -282 27 59 -36 257 16 -108 -5 -89 265 192 47 -177 3 229 31 -30 175 -64 -248 43 -40 -6 63 89 172 -47 -99 84 28 -173 105 -319 138 56 -12 -105 127 305 -91 -69 -37 -126 228 337 -51 221 -50 -128 167 19 -37 -190 119 32 74 -104 -26 -24]
[113 -323 425 85 237 254 28 -63 49 172 133 146 -106 145 275 83 -131 2 -109 -169 328 -24 -60 -124 77 -88 142 -151 -151 113 -10 27 -7 -232 105 -23 96 229 -153 -173 -349 -148 162 32 -106 -29 -66 -77 -65 -30 -129 37 273 39 -56 45 -111 -93 24 -85 84 -34 11 34 68 34 -135 455 -143 161 70 -229 -198 -78 -13 83 -129 -75 -78 -217 18 17 -181 -69 -96 21 -368 63 -107 -1 80 29 -168 120 -87 -143 -135 199 379 27 -93 66 -71 -125 -29 33 171 -165 -288 -127 182 243 -36 148 37 -130 -82 160 44 117 -214 106 -144 -159 -120 85 147 109 116 161 330 -248 99 201 144 -203 -31 246 191 35 84 -92 -302 -16 136 -182 60 -340 -21 -115 89 134 -176 -211 -28 95 -43]
[189 63 -117 -519 99 97 -493 -106 39 17 234 -19 -26 -16 78 155 -67 223 32 -6 229 -242 -69 227 93 -50 45 167 28 55 37 -209 87 46 82 167 165 -134 -47 180 -9 -1 -16 220 -178 -164 195 -129 13 212 -94 -61 244 -68 -137 207 -79 43 -209 221 -340 56 64 -33 -5 8 75 285 25 45 182 114 195 -138 99 -327 10 18 -115 23 -44 151 83 24 0 67 -91 203 -104 22 -219 9 -55 -106 -43 -51 133 111 55 169 188 231 -135 -133 86 -79 3 -236 -74 -245 -89 -40 65 157 -266 -219 -156 154 -423 288 167 79 185 12 -113 131 73 58 170 -38 -142 -149 121 203 26 -264 -287 -25 52 -76 66 63 -143 50 126 -62 63 -195 20 81 46 -232 128 -157 -183 10 -33]
[-173 196 162 384 -360 67 214 -76 -248 -119 -186 -138 345 -94 -109 301 -241 126 269 -292 -206 129 8 -30 10 56 -45 45 -207 -114 200 -147 -158 -273 -38 236 163 -341 166 108 -15 -79 74 -109 141 40 -56 140 127 52 135 81 -303 128 138 -14 236 115 114 -148 -90 -128 -182 35 235 187 30 -43 -298 25 -280 72 228 143 62 25 -28 253 -92 249 -24 -156 152 -265 210 176 125 -65 -164 295 55 -9 -73 -62 142 -108 -102 118 0 -88 96 208 38 140 -261 46 217 322 -90 -80 -187 166 -9 194 21 -331 133 -92 365 -362 -326 -245 -310 -14 276 72 21 -34 -126 106 257 276 -283 -179 8 84 49 -121 96 59 83 68 37 258 -223 -22 168 -30 20 57 -39 -214 144 -9 98 -62 -97]
[20 324 -17 -351 -40 346 -485 151 -390 -31 181 52 7 119 -28 57 -101 59 230 -173 10 -292 -260 -20 -142 140 -324 -70 29 -9 161 -158 31 157 -279 123 66 -201 91 -57 -74 24 -188 189 -156 -277 135 -122 224 9 -224 -74 61 217 -130 85 319 -130 -45 -10 -420 -142 -115 48 109 88 151 -1 61 -129 -203 365 71 -25 213 -80 151 -38 -138 229 -380 -102 79 -166 32 -82 17 99 15 186 212 38 -227 146 -192 19 -72 80 151 31 14 -147 -152 74 -79 28 204 144 84 -116 -156 203 5 -249 -6 -53 93 59 -207 -64 -103 -367 -146 93 -171 155 72 -127 -47 -223 -125 -145 16 -152 -22 -215 -202 -48 -174 30 89 66 378 -31 45 10 58 -239 -94 -28 107 -70 76 -181 -142 -133 134]
[179 -121 -98 -139 -5 -364 161 -162 107 -55 94 -182 147 27 -201 -58 -248 125 18 -70 -120 476 270 -168 -77 346 219 -116 -330 38 18 366 158 -70 8 -80 -16 146 -342 155 171 -182 -13 -193 379 325 -60 194 -120 -99 14 -3 -128 -34 448 -42 68 190 -63 -53 -34 -33 3 101 29 -2 -91 189 43 1 126 -250 3 96 -256 283 6 -209 -28 -122 -76 -314 65 -217 293 6 160 106 -55 118 -81 -45 116 31 263 36 23 59 46 -276 114 300 -169 -183 -56 -137 -257 -169 273 128 -21 -56 53 360 271 -57 -96 -91 262 -91 74 24 -56 -330 49 -150 53 -49 -105 135 504 177 -1 -19 27 -98 83 -57 163 142 -145 88 -12 170 -192 107 -133 298 -92 166 -78 -192 -192 159 131 118 -92]
[108 133 73 258 -49 118 -218 205 -213 29 16 27 5 -237 93 174 168 47 37 -221 -173 -6 -20 39 -2 80 -179 -144 31 -56 147 -174 -16 -256 -46 -236 25 84 -245 -32 -6 132 -28 51 122 196 -64 31 36 -32 23 -53 -27 -210 17 35 8 -151 168 -35 -67 92 -117 141 105 134 -188 -14 -122 -13 -45 -187 -91 -70 10 -165 -228 186 -29 -2 31 102 163 54 -120 -110 -45 89 -9 -6 -92 -35 136 101 44 118 -146 35 -60 190 4 18 58 52 -72 22 123 -28 35 -33 25 -28 231 -5 60 -132 148 -57 -119 -11 -142 40 10 -37 73 9 228 61 74 5 -116 87 -73 175 -31 103 -151 13 144 98 47 -155 66 60 53 -87 163 -125 319 51 -33 -233 383 -127 -19 -52 64]
[150 -79 -117 -528 110 299 26 140 -104 -268 -136 -423 51 -24 -15 203 193 -152 247 32 12 59 -226 -132 45 43 146 134 116 -125 220 45 -44 -44 279 -19 0 131 -69 122 110 56 -19 -33 296 174 98 306 -31 101 125 16 -141 -180 170 -349 -88 84 170 -84 -19 285 10 -179 13 -2 -72 -264 18 124 74 -150 263 -148 -302 6 -283 1 12 61 148 -69 106 -148 42 16 -18 111 -194 169 -341 221 -48 75 204 36 152 192 -178 -247 -109 31 -137 -25 -97 -117 -329 -175 364 -115 -105 42 245 206 -18 -98 -76 -76 -354 -36 -149 -254 -65 -64 104 92 -1 11 116 9 2 69 -104 -163 -37 -88 35 -143 213 28 30 149 -120 251 44 3 -238 57 -18 -77 -46 -224 14 -111 -228 256 -47]
[390 -4 -161 342 15 286 123 85 -229 -86 -218 -398 -210 49 -39 391 130 -29 48 55 55 -185 -154 -33 42 113 36 238 280 -125 130 171 -68 70 246 40 -53 -18 -75 -281 -179 -71 50 -154 -17 227 7 163 142 66 20 139 41 19 140 -190 -4 -26 316 -150 131 184 234 -117 -63 32 113 -202 42 238 -65 -11 -4 -95 -1 -123 51 132 -88 -83 -140 -3 -183 -80 -97 -39 147 154 -293 -145 -44 33 -83 319 -378 171 222 99 -66 137 -293 93 130 106 -56 -54 98 158 -108 81 -119 90 198 86 43 205 -137 168 91 26 -290 31 -48 275 -80 73 97 -49 18 213 -364 40 -39 -372 -29 174 -60 -199 -184 284 9 -98 42 -11 143 -74 -254 -61 24 110 -236 -285 -169 -271 -179 184 -70]
[185 34 -92 -54 -125 133 -2 62 157 -154 -14 -182 174 218 62 -169 -26 -88 290 -87 -13 -44 102 -203 -271 -209 -385 141 187 -91 27 248 -75 21 -133 -217 -342 -81 193 65 197 206 -294 221 141 -132 -71 -151 30 -187 -324 7 149 -55 104 127 -274 -217 108 125 348 -172 -22 57 -363 -295 -210 10 59 -209 252 129 75 -150 -134 177 99 -289 -66 36 38 -26 -66 176 -75 101 549 -14 115 -221 1 -380 -62 -186 -102 237 -171 -248 177 -9 242 -208 -49 -60 -157 -70 1 126 167 53 70 72 85 5 -8 -176 21 -31 48 66 129 -71 45 55 -162 -37 7 -22 -206 -44 33 218 -59 15 -252 35 171 -73 4 43 53 197 348 -198 195 -115 245 133 275 187 -30 358 -39 21 130 -127 240]
[14 -142 -4 258 21 -5 -41 100 -181 126 284 194 -151 -76 308 -244 -185 -75 119 -95 199 -106 -138 34 359 -7 103 -247 -181 -227 -258 81 -27 85 134 37 6 -113 34 -280 -93 -71 393 -238 -65 -251 -83 -350 98 105 12 26 14 116 -202 306 329 243 35 -4 57 15 261 -112 -5 -208 -129 -16 244 -32 6 285 -83 187 177 -243 316 129 -55 54 0 80 -220 -21 -40 -13 -124 39 -188 -29 -142 -20 -215 29 31 -196 161 -128 -123 -258 -106 -28 128 -298 31 143 191 -175 25 -209 96 -94 -148 -344 -215 66 -180 270 -127 -87 78 24 -82 -101 -86 -40 -22 -31 -100 167 16 -353 49 61 26 -178 189 338 121 -17 -18 -12 184 74 111 -32 -287 134 -323 -87 23 -223 -353 18 -226 357 92]
[-13 245 11 280 -101 265 -161 -110 -260 -23 114 -175 130 -316 52 183 -56 104 -6 248 -141 295 70 -81 -119 231 -334 53 46 -128 -19 150 -130 -279 -79 -34 224 175 52 71 297 -15 -151 122 175 168 216 86 -34 -196 -96 -212 303 -67 -136 183 -266 -159 -54 119 47 -58 33 313 64 139 115 130 -282 -47 104 212 252 -246 49 -132 134 -129 -87 39 179 -23 209 53 -22 26 -4 -46 6 -248 -138 -61 153 101 -40 139 -9 -210 -77 236 203 -207 213 -147 302 48 -62 -263 57 -47 -55 140 155 207 79 55 -88 -29 128 284 -111 464 99 310 -335 -22 -88 120 158 222 -19 -154 272 244 129 48 -57 153 299 -59 -167 -312 6 11 306 231 208 -14 10 82 3 -140 155 19 -107 -248 -158]
[257 -75 -102 326 -65 -102 -253 -289 225 34 113 -59 -13 -312 62 41 -246 -37 56 -33 255 -180 230 241 -11 173 199 -33 -93 19 -380 76 -104 161 304 164 20 90 -21 -22 85 155 -203 57 153 -301 -18 -235 227 -72 -8 -233 -263 -42 -27 -22 127 47 9 226 -40 -172 151 -100 116 -148 -45 346 156 145 128 -195 79 -131 91 11 90 351 69 -216 61 76 -219 34 97 44 -141 269 109 -64 -15 -162 75 -281 -100 -116 49 166 -127 21 497 206 -264 -246 149 -237 48 -163 -95 -14 69 92 12 131 79 -237 205 231 115 -72 -20 6 -7 43 -107 294 116 -191 86 294 -185 123 356 71 183 -167 32 274 175 68 -28 -200 22 -235 103 -27 24 204 210 -23 -82 -52 220 -259 -6 -88 -40]
[-364 232 -35 -2 -2 85 -147 -301 -128 55 -131 -87 105 -208 135 68 -198 309 11 320 18 103 -2 -68 105 65 171 70 -168 63 -47 -29 7 155 -141 309 187 164 -66 -50 -63 205 207 155 143 -117 130 126 203 -41 -183 -123 -16 160 -129 -93 169 116 24 -97 -145 -102 22 -66 250 116 76 299 -203 139 96 200 140 132 13 -204 -121 158 -134 126 282 65 215 28 251 176 -222 -130 -134 97 -127 90 -157 -56 167 -92 76 -30 -22 98 175 -45 -114 -9 155 -108 -9 -291 -115 -280 46 168 -99 97 -107 -254 -11 196 -28 65 -31 79 -42 81 -127 174 9 269 160 186 146 -238 71 215 196 -126 -92 264 292 -100 -100 -174 -437 37 -91 185 108 -325 -185 -311 193 -406 124 -196 -59 28 21]
[-107 -30 477 -88 23 290 437 -196 -155 31 97 359 -151 -50 -33 204 -181 -58 97 -128 39 95 -42 -128 -305 46 -47 -142 167 425 -87 143 -14 -22 -200 -29 -131 -67 234 -478 26 -94 77 4 -351 242 133 -56 20 -96 31 113 116 -99 -5 116 76 -349 163 -151 147 -443 -272 197 38 123 -61 -46 -16 -170 -227 139 -249 -236 -53 5 339 -17 -58 -199 185 22 -464 -116 18 -42 255 127 155 82 204 -34 173 166 -151 136 -78 -496 213 -113 83 -106 168 316 -114 290 -134 167 -3 108 -59 18 130 -358 144 421 -22 -92 33 113 -29 0 -57 -27 -234 -195 -320 -35 55 119 93 -285 -193 80 57 46 84 -19 -254 -142 -184 -309 42 -60 154 -215 139 127 -58 107 61 195 -378 -9 79 -51 317]
[2 -89 -68 202 86 -32 197 131 -121 113 87 338 84 -137 253 -74 -19 -195 61 67 -86 77 349 -64 11 71 112 -141 -73 -247 167 -35 64 -73 -76 -338 -152 -160 79 54 36 142 -8 44 -67 -129 -129 -37 32 -36 28 48 -304 -81 -103 165 -25 -188 12 176 148 -86 10 -7 -189 -262 -183 -43 143 -146 -71 10 26 71 -89 83 222 -190 -91 -65 -82 -220 47 160 208 90 -80 -148 102 -136 8 35 -21 -55 58 -73 -142 -25 -13 -139 130 -79 178 173 108 -87 46 54 -128 5 81 71 -58 -53 -45 -325 -6 -469 -2 187 330 101 -5 16 54 -81 81 18 -31 -3 10 71 55 168 -56 172 418 55 86 -218 -337 -51 195 -125 -141 69 312 117 87 12 134 469 -24 245 138 11 250]
[-69 -51 344 42 -15 -115 -58 -78 109 86 -85 168 -150 -58 209 -135 -142 -154 -50 -60 -144 -174 -128 68 48 -122 158 18 -227 87 264 -55 -56 159 -145 71 -127 -27 297 53 -218 215 -119 265 -31 -151 35 -237 -70 -32 -51 41 -60 55 -65 308 -153 -165 35 -31 -254 -117 -74 -19 329 36 91 373 35 124 141 114 -77 -137 -30 148 -331 137 46 53 65 -81 -84 113 -147 187 31 -77 123 -94 239 -263 -7 -16 -130 60 -194 85 141 162 279 65 -56 251 -88 25 26 256 -45 -129 -48 24 14 -104 -174 53 -46 227 269 -8 -168 -129 25 20 -53 -76 72 -28 -72 32 -111 -18 108 9 144 -144 -16 230 93 12 275 70 -22 -284 77 -77 336 -342 63 -197 -35 -30 222 -52 98 -205 -38]
[-31 25 261 -103 22 4 255 40 178 -73 -147 117 325 107 82 -149 -239 138 -82 -70 37 24 -152 59 62 -146 60 -189 171 311 -69 -199 -288 134 -309 -137 2 36 268 192 90 128 125 108 29 196 144 -39 124 164 168 -99 -13 -191 49 50 479 109 5 47 70 90 -130 -211 -64 133 -150 -306 -127 -320 144 47 -140 -41 243 -107 -188 31 24 218 173 36 -79 271 15 93 202 -26 262 125 12 144 -157 -6 264 -19 18 -275 -12 -75 -129 -40 -18 76 -176 341 -199 -58 -135 172 159 -105 -114 -136 326 79 119 168 -541 193 195 -39 94 -202 229 -153 -54 180 186 -179 289 -24 -387 254 -43 34 -202 -148 -291 -314 11 222 -292 159 -76 -64 16 28 17 -89 106 -166 145 209 35 71 -24]
[-232 73 -46 -191 70 252 -243 -170 -92 -71 2 -313 -209 -142 -144 230 -5 -132 120 -165 -6 45 -104 179 -17 299 -69 185 -4 27 324 76 40 -276 433 33 264 61 -36 356 226 -81 -94 136 -62 164 131 -99 34 112 -117 293 228 -151 18 -143 -155 -44 -135 -35 -168 -31 -114 -52 -12 17 -71 -37 208 -55 -166 -105 257 -442 -167 132 -241 68 -27 -3 -22 -290 134 -232 -147 -133 291 175 -190 90 -178 179 60 42 -107 34 1 268 71 -40 -174 189 -95 99 -93 -102 43 22 151 -16 -310 121 368 319 13 55 56 -140 -13 -102 -303 -86 -71 66 -247 108 16 -15 -42 -93 -53 -158 -28 -176 48 -41 137 -188 -116 79 -53 105 217 285 173 -110 -14 6 50 180 -145 -75 158 -51 -363 37 -109]
[325 -136 359 -9 47 67 -201 -27 -76 -119 27 162 65 -336 181 -57 -215 27 397 -151 195 -27 -312 20 -22 155 -45 -134 -83 -252 -147 198 163 319 -76 -450 -172 11 118 126 74 72 -119 140 -54 -387 157 -336 -7 78 96 -122 12 5 -244 295 -24 -110 -17 216 -66 -62 5 -422 86 167 17 -105 103 -359 19 8 -50 -204 140 177 -197 186 84 148 -122 -28 -167 -73 236 27 25 188 274 -155 -265 -96 -137 117 -51 -43 -87 -8 87 -2 210 92 -101 -50 93 -53 -61 -42 62 -21 -130 113 40 -233 10 -212 -29 275 -102 231 234 -109 48 -198 -33 124 342 215 -155 104 -200 51 -41 -173 -127 -131 -33 38 213 28 144 88 213 -181 91 -295 81 -309 21 183 -24 34 212 -82 -174 -122 49]
[-276 -1 -69 340 22 -289 -310 -161 -150 27 -340 128 9 -221 47 -81 -182 -107 -121 221 181 -73 -336 -247 7 273 -34 -116 152 -18 -77 0 -78 126 174 -45 238 337 46 311 -201 -306 -15 -82 15 229 321 122 254 -40 90 -72 -302 344 -200 -478 -118 -48 43 -240 -90 -132 -65 -196 316 216 440 -14 -120 94 -385 -106 144 163 222 100 -198 124 240 -376 145 274 -281 -44 -20 -328 -49 -368 42 1 84 138 -46 -8 -95 40 12 -89 -41 -93 -160 7 47 106 106 38 -92 -80 34 -78 -191 -32 -211 -163 44 61 45 -1 378 -216 -417 -24 46 142 8 490 -239 -237 89 38 -146 -284 284 -319 51 -34 59 282 -33 131 -37 -223 -94 -192 31 219 -21 -73 -125 -279 45 -65 235 -5 -149 304 -154]
[294 -54 -85 167 -286 -213 -325 -87 287 34 -99 -76 53 -8 -243 -168 -7 178 -137 126 -62 6 -345 -102 14 -165 -158 39 243 264 -308 -114 -169 184 -104 -269 -139 238 -161 178 197 3 -256 -207 258 200 102 32 13 -180 -159 123 198 -70 85 -506 306 -269 36 215 24 -265 168 214 -14 -61 92 -40 -39 -158 -211 85 30 143 130 16 27 102 95 6 -150 76 41 -17 -72 -290 -118 -114 -99 91 -39 152 -132 69 -197 61 -35 16 69 33 -137 -284 -14 -250 26 -151 10 45 -183 106 -47 -218 186 -23 81 111 39 -95 -14 -375 -33 129 92 80 3 -19 -112 -298 116 -138 20 64 -64 -141 -33 241 -191 -31 -155 177 -158 -221 216 -160 36 85 -406 42 -159 109 -32 136 59 -56 77 -41 -86]
[-2 -342 -357 277 104 -279 -79 49 116 76 -56 -105 -39 62 -69 -78 -145 78 -54 -129 187 420 393 -219 255 -56 -88 -157 -73 -57 -160 120 116 -234 185 -78 196 383 -352 -150 53 -342 -193 -114 -74 88 -97 -8 -15 -251 236 -179 88 152 -255 24 -42 -9 -323 182 69 -100 -118 -381 -25 8 41 -10 -134 322 112 -68 9 79 18 282 -186 5 74 -172 -67 204 187 -137 55 -106 -420 159 188 -27 -15 85 122 69 -26 27 102 290 254 -121 -132 49 -318 -462 -40 -59 -81 -369 111 304 -18 6 178 465 -6 -135 -105 121 117 -238 -240 95 -87 -117 -132 111 172 47 -71 128 225 20 -37 41 -89 44 -52 22 239 198 166 -51 -121 117 61 150 80 -25 249 206 103 433 -72 129 61 -54 -197]
[-4 -3 -158 41 -42 -130 68 131 68 -161 -210 -128 212 10 -108 -82 98 13 -102 311 -252 48 80 -27 -115 110 -47 78 327 87 115 52 -210 208 -444 34 -252 197 184 164 166 380 -95 162 116 -54 348 -43 106 5 143 -300 -159 4 89 -30 -109 -92 -71 3 109 -65 125 52 -42 217 44 -305 9 -172 138 122 81 -3 159 179 -130 152 125 83 236 6 185 391 -226 137 96 -169 378 -381 136 -7 23 -23 60 65 89 -121 -444 118 57 -91 225 -39 109 103 -347 -36 -56 28 156 -223 -130 -89 -51 252 -10 -153 69 183 98 200 272 216 -53 88 17 143 55 161 -103 314 211 -49 -224 192 -116 -54 -139 -35 149 279 -137 -241 220 94 108 180 133 14 77 -187 278 137 -55 -190 -3]
[179 -55 -398 242 -219 137 -359 11 -82 -274 20 -134 -130 -499 -63 73 144 -14 447 81 -34 31 -149 19 -198 592 75 195 197 -266 108 99 349 16 144 -117 -29 62 -259 107 87 59 -128 -205 71 -4 143 -187 -206 98 78 50 105 -24 -79 -335 -448 18 45 -81 95 18 152 92 137 135 -152 -104 179 -211 -183 -93 105 -117 -110 3 -107 190 207 66 180 85 209 -72 29 -191 86 115 -126 -165 -404 264 209 58 -3 -131 6 20 -169 124 250 383 -11 27 32 -201 -64 -145 30 -351 -201 -152 245 173 -167 35 -69 -292 162 -137 -22 226 151 202 86 257 198 -175 -115 253 -239 48 133 -151 -144 65 164 58 169 305 18 30 217 -90 208 -159 -44 -114 26 118 -97 -218 -1 -292 -140 85 -210]
[-41 76 -65 -2 73 -61 213 104 -138 -163 115 53 60 30 -176 -165 125 -137 -38 175 -498 105 112 -236 -95 361 -41 -160 212 -150 386 132 99 73 -104 -227 -166 400 -109 93 -34 -126 -138 -16 67 297 -44 -6 -345 -85 48 -13 -110 -34 387 -164 -294 -232 239 -219 131 -35 11 251 159 18 181 -54 4 -154 -9 -42 -80 29 -71 337 -60 -345 195 -83 -56 -65 -239 82 17 130 142 -368 179 24 174 287 318 351 115 166 -166 -135 -59 -132 -7 0 56 403 57 -90 -266 88 294 265 -84 -113 45 9 125 482 -26 -54 143 129 -9 12 18 -183 -158 6 -88 -52 10 -48 96 116 -110 -79 -61 64 67 -35 15 265 -44 -33 142 -117 14 161 13 247 -52 -164 74 94 -41 53 109 103 -46]
[278 -230 -32 -78 256 193 224 243 -45 -53 -169 -63 113 196 54 -115 -257 -204 21 117 131 197 -405 -366 361 -58 -26 110 -82 -345 -72 312 -9 -253 69 -156 99 -235 111 -92 -132 -261 30 -225 218 96 -233 161 -94 -85 280 86 42 162 134 6 318 10 32 -209 127 178 53 -361 -273 100 159 -375 -78 182 -160 122 -198 107 121 166 -297 5 -30 157 -188 -39 189 -144 88 -116 -66 -78 -91 14 -93 -83 -309 86 -29 128 19 353 323 -316 -550 -98 285 -194 -201 180 -12 -43 203 56 -25 -11 -34 46 0 -67 -148 124 88 -161 -307 -67 -351 -86 84 -228 105 122 -201 -72 152 111 -143 -364 -312 -15 -38 -67 -91 198 302 99 -70 220 -8 10 -148 -27 -300 -26 140 118 -211 222 47 275 -164]
[392 68 -377 -94 -63 366 38 192 -231 108 38 -282 36 -9 -19 94 257 -138 -47 -67 27 73 -12 -70 -48 324 -53 90 189 -336 230 208 314 -115 211 -136 -90 -48 -146 -131 -151 -113 -22 -63 3 40 -251 278 -26 107 -181 241 183 39 135 -368 -123 -46 149 -244 -24 152 143 -115 -195 -195 -10 -23 103 -49 -12 11 -111 53 -34 -100 24 -49 1 -8 -235 13 -65 3 -114 -122 80 43 -199 -276 -45 192 -2 152 -61 5 20 146 47 -55 -275 34 -27 232 -51 -125 62 29 67 107 198 6 50 66 137 123 44 -129 -148 -82 -164 -173 -115 12 21 -94 29 -136 -101 -72 -141 -78 -177 -277 -91 15 194 -245 -58 188 164 151 228 -82 -57 -118 -327 -143 -187 84 -170 -19 -248 47 -64 158 87]
[50 127 -6 -218 -96 -57 -37 -337 370 177 -98 51 41 -459 -82 354 -138 263 -227 -55 151 129 176 206 -230 122 273 -99 108 351 -156 85 89 -101 -1 190 -86 12 -293 48 98 -144 -170 -136 -310 -58 81 -108 75 -299 -108 15 18 -61 -71 -18 8 -69 -258 -8 -166 -618 -16 124 -131 -89 67 447 -83 1 109 -114 -105 -73 85 -55 261 515 -118 -104 84 -154 -29 88 -65 114 -245 258 181 -290 -20 -73 80 -92 -222 -12 130 401 253 48 259 243 -194 -218 247 -45 3 -282 -466 -99 72 180 72 404 158 47 23 -171 98 265 -77 374 -115 104 -308 47 140 -391 36 342 129 -6 100 126 499 106 16 -119 63 161 -188 -255 -121 -4 211 -169 -11 -22 134 327 78 215 -27 -198 -24 -332 210]
[-61 -104 -162 -584 -173 -151 243 -394 49 19 -7 -69 5 104 -228 94 216 6 -6 -121 4 66 444 -140 -236 -47 -23 128 433 315 123 48 261 120 -73 -45 -262 -37 98 -264 16 203 -126 147 -186 102 -103 127 45 47 -135 -48 103 97 196 -240 -104 -292 23 32 62 -409 -14 239 -206 -265 149 -94 82 -96 -16 185 -3 160 -52 -74 177 110 86 -161 164 289 -222 352 -477 137 -46 -1 253 -457 148 226 406 -124 97 146 210 -52 31 -28 51 118 -88 122 -193 -16 -87 -73 211 121 156 -315 -12 36 -156 481 180 -299 -67 15 176 9 118 -103 10 -33 -97 -235 68 50 -164 102 -27 17 -6 285 268 -107 43 36 261 282 -40 4 275 -84 112 314 255 133 -92 151 -31 -92 -66 132 385]
[424 14 239 153 -48 360 218 352 -473 -31 197 -70 106 47 185 317 40 8 102 -94 -193 345 110 -147 -17 -14 -47 -16 -166 -115 86 188 66 -49 -188 -172 -76 -24 -243 -314 93 48 83 -96 117 172 -44 248 -431 -36 61 63 -52 -313 -110 130 100 -123 290 72 112 373 -78 194 69 -110 -94 109 191 -6 38 7 -37 10 -286 -50 -13 -378 -114 -108 -48 0 -16 -74 120 -12 -15 89 -73 -183 -164 28 215 207 -120 208 183 -229 -153 57 106 -59 46 161 -17 -102 -223 -57 237 242 93 44 329 199 55 -190 -243 -166 -196 250 302 -168 1 198 318 -253 202 -48 291 247 -93 192 -225 183 6 279 165 -49 205 41 -87 -215 139 -21 96 -217 48 -200 156 51 -34 -202 -61 -109 2 -23 102]
[-36 -242 197 -16 -41 -145 192 -231 62 184 -64 80 51 51 446 44 -39 55 -65 153 235 241 105 -257 211 -176 228 -152 -127 -195 118 -22 -84 -233 136 -68 38 -207 69 -342 -256 -140 101 64 -209 230 -252 61 5 94 120 101 -7 -21 -97 194 -235 79 -296 -47 146 82 80 -193 76 -170 10 291 -161 84 213 -58 -4 -49 52 -156 73 6 -72 -193 112 -14 -87 168 93 128 -256 -75 62 -374 -355 52 -1 -49 121 -42 -14 177 185 92 89 201 -42 52 90 231 149 -332 -289 -194 198 -7 235 448 -275 -61 -299 91 330 224 -17 376 20 -9 -115 -275 129 90 -26 329 176 -106 153 251 39 172 160 164 408 -60 222 -23 -273 109 223 16 195 -114 -236 -81 22 266 -268 133 -32 32 -17]
[238 -122 -16 318 -297 246 -80 -175 80 -242 50 -143 550 -336 -55 26 -119 -108 257 144 -59 214 -1 -42 57 358 63 -187 -164 -52 203 -268 -302 -189 235 256 96 86 -69 285 130 -105 -223 198 288 139 262 59 169 48 24 -259 -168 53 169 -196 -112 118 -316 87 -161 0 62 -146 266 -24 246 233 -177 66 9 -139 264 52 35 19 143 269 333 -76 337 -220 -64 -109 169 136 -411 -171 79 21 -187 157 -271 -147 536 -253 66 263 23 -343 374 105 -173 42 156 -63 -123 -149 -94 -313 -3 -8 144 530 37 -148 -23 -167 174 9 -190 55 -140 360 -256 431 -35 -239 331 311 323 103 271 -398 210 -158 -92 221 315 171 104 -69 -104 117 166 136 179 146 -132 -151 20 -210 246 -154 -150 -61 -309]
[-261 180 291 -384 -20 -107 78 -85 84 -223 65 -31 -58 210 283 35 79 224 -123 -142 -22 35 -116 65 -75 -286 -3 35 -96 20 1 182 110 24 -210 -15 14 -115 100 58 64 251 258 205 82 -218 6 154 -219 66 -75 -31 39 -232 31 112 -60 110 61 -175 135 311 20 -31 9 -76 -158 -51 145 -248 319 -1 77 -180 -115 -177 -234 -97 -304 271 -5 -230 193 171 107 107 351 78 -30 -89 -205 98 112 -80 18 70 118 -181 -136 145 14 129 -20 -148 -4 97 15 -85 -65 -12 -105 95 -52 48 6 -6 -116 163 -269 177 283 -115 111 -263 133 -70 116 409 115 103 -68 102 -230 362 -89 -67 96 -298 -26 -374 -87 279 -80 190 20 -225 -6 -137 58 -54 -155 -443 53 -27 -1 -107 289]
[-125 43 -19 -2 -38 -47 -66 -76 172 217 -286 -196 -385 110 106 -79 248 121 -107 -105 165 12 -199 47 -77 -401 -306 28 -36 144 -144 -42 327 154 -102 -282 54 26 250 50 203 80 -115 119 -24 276 25 272 134 96 -67 144 294 -88 -127 2 -26 -126 -23 -5 -184 291 -374 -334 -42 -41 11 -122 -188 189 -84 0 -36 -257 -180 -128 -479 -32 104 116 179 149 271 -19 25 -116 278 148 -5 -105 -24 -147 131 -206 -87 376 -36 -90 193 -23 -192 -158 -18 151 -111 -15 19 51 431 144 -172 -38 8 -76 232 5 44 121 -198 -94 -33 -316 25 -179 249 -232 -32 254 -6 -295 -409 -184 -177 -183 20 82 -177 -213 -53 -331 -49 17 -133 230 -135 -157 -24 -392 298 -97 -128 108 141 66 52 -159 123]
[-218 204 -126 -205 -20 -50 78 -11 106 -199 54 -177 75 171 -335 198 -11 76 75 47 -81 -169 128 63 -27 155 -188 173 148 102 150 -247 -276 101 292 375 -104 -213 -159 185 -81 -89 -47 5 -7 191 194 197 236 -59 -259 157 -465 -43 194 28 138 119 222 19 -79 92 -34 139 -82 -146 77 124 150 435 25 -153 55 -32 -378 -82 230 229 -172 -409 -119 -77 -282 -204 -6 152 447 -8 -326 105 26 -230 -102 -208 -147 -75 100 120 -249 89 -44 171 52 97 -40 -188 -242 58 57 -61 -458 -86 5 46 -52 -148 240 14 60 12 -21 -197 -243 285 -304 75 -185 -208 -5 -74 -116 133 -17 -243 301 -175 34 59 -315 333 -272 -216 100 94 -77 -68 -8 179 137 151 -112 -258 100 -99 -77 22 -58]
[-120 -113 249 221 81 -25 4 -102 485 -169 1 -33 -192 300 -265 -224 -5 106 230 119 8 -90 -166 -163 -282 31 16 168 141 196 117 109 55 359 94 -61 -216 175 206 307 280 31 -236 113 -141 205 186 44 -389 110 -211 63 121 -92 197 94 -146 -154 -154 -70 4 138 -14 259 -2 -61 278 -191 172 -75 -173 -46 -88 -85 -203 239 -268 -147 367 -48 318 2 -37 74 -274 202 181 -291 278 -290 -5 57 84 0 102 142 22 164 -53 128 -173 -22 281 76 117 -155 -146 319 305 8 -264 -288 -135 26 34 300 -65 88 144 181 206 83 0 94 -135 13 30 -221 111 -161 -295 4 314 -329 216 327 168 47 -110 298 20 -6 93 112 191 -63 131 154 240 26 -63 204 174 -101 -70 14 -126]
[178 -3 -44 -100 -421 -83 2 -309 -185 169 287 -75 354 -191 322 225 106 16 -138 -214 251 213 -170 -103 -79 89 -65 -61 131 -163 -9 -193 74 -233 24 -36 -52 -164 29 -64 -201 163 335 107 -113 -76 -277 227 336 -197 18 -122 74 -436 161 -191 -92 -214 71 -4 -14 29 -20 13 -132 -296 5 184 -219 -204 -24 159 -134 321 150 -188 312 338 17 18 -13 293 -7 297 -122 -221 -87 117 -203 -230 66 137 -130 -232 47 -147 48 309 379 -44 -203 -192 15 -20 25 373 205 -146 -64 -457 201 -91 -27 198 -171 292 186 -214 -69 -264 132 144 32 -134 -135 187 38 -131 225 163 96 111 169 51 118 -134 -265 99 8 -111 -16 91 21 92 137 -58 -136 20 31 -226 -53 220 147 70 49 52 369]
[-200 49 74 363 160 258 197 -13 15 -135 69 -106 121 -162 46 -9 -69 -284 8 184 -285 379 313 -56 -285 398 -104 19 -298 -114 -78 216 -197 -90 52 157 -66 63 -5 17 175 61 34 134 56 45 303 161 -173 -135 58 -137 -184 -258 48 208 -261 -43 -14 0 21 -45 -146 18 -70 37 -304 -172 -22 -102 88 -2 87 -292 -45 105 216 -37 66 -85 132 -173 102 -200 64 -56 415 -29 154 162 -125 -161 -64 -162 435 -130 136 -288 -200 -264 317 -237 133 -230 146 -8 -239 -14 268 70 -20 -38 121 -39 320 -113 -50 33 -135 6 -33 38 -169 191 -273 -102 -403 88 -107 -146 252 -164 23 -71 89 -141 103 -79 232 -65 -404 -451 164 96 -174 188 68 203 17 111 81 -26 68 162 36 -375 -58]
[34 -97 -282 -252 -34 99 37 -137 536 -137 66 100 54 102 -185 -210 230 -46 -202 123 231 -101 -287 -106 321 -235 -44 96 270 -62 -357 -198 -44 -299 294 -173 61 -194 -183 -68 -107 -112 -29 -123 43 182 -94 33 87 -35 -103 17 180 17 111 -63 155 296 85 -33 336 83 125 -322 -323 -259 -17 -319 -77 271 292 -21 -103 77 99 -272 213 96 -6 -160 -113 208 -328 -18 4 -172 101 23 -154 178 -203 -31 -306 -103 31 38 -8 -159 154 -150 -207 -84 -161 -16 59 207 167 -285 -106 -81 68 -262 -56 -225 -2 10 -7 242 -282 -146 -68 3 -20 97 -167 -134 -314 -199 65 -269 23 -74 -194 -51 71 -108 -42 149 -133 73 153 -299 -114 172 -1 9 -103 157 -119 83 186 -9 -361 -111 53 279 -151]
[386 94 75 -97 238 272 -108 -121 -106 174 354 267 -169 135 -144 213 16 172 -119 -211 133 -129 -212 -43 148 -135 -15 -151 125 288 -115 -101 426 -122 -283 -306 98 194 108 16 -39 -65 10 215 -193 -156 80 -381 84 296 17 26 303 -70 213 162 44 -228 -35 107 -100 -410 -178 235 42 131 32 -27 11 -40 -73 2 -16 62 213 116 -109 -124 38 115 -107 -38 -271 -315 -55 127 -337 150 130 184 280 139 -100 98 -177 45 -268 -50 143 -25 -178 -77 -128 57 136 11 186 39 259 39 89 32 -113 -105 -93 112 -78 88 -242 184 28 -137 93 -338 -154 -30 138 108 158 -130 -141 26 49 19 -139 90 -111 35 87 -55 7 59 -61 38 109 -61 197 -108 42 196 198 233 -57 -249 -61 -130 250]
[117 -61 119 -457 -220 -46 -266 133 -122 27 78 99 -344 119 14 88 381 132 -129 -98 -6 7 -164 119 -148 -168 36 -148 274 152 20 73 158 335 40 -214 -286 -46 -267 -603 -65 112 -16 -249 -140 -109 -222 99 -50 -68 -329 -4 150 -299 -115 -169 -18 63 127 -138 165 232 -18 -82 -9 -188 58 -298 -48 -213 157 236 -195 100 -54 -187 218 21 -109 169 -56 324 26 86 -264 -14 -103 234 143 -289 -226 164 364 56 -376 78 35 -218 -64 56 -366 -103 176 -195 26 11 -61 149 -71 90 15 65 59 -240 -106 226 -214 -76 -135 100 276 -19 99 -70 18 -226 129 -126 127 33 -276 -202 -226 133 135 163 81 -296 -211 62 108 -150 330 -4 -51 -170 -10 67 -207 -132 -54 280 -299 -9 507 23 283]
[305 117 -643 -122 35 38 160 -301 382 -17 -486 -113 -43 -359 -204 157 62 7 27 166 -154 -116 -9 -54 192 189 158 94 11 -60 40 34 -140 -74 -122 8 119 159 -30 203 89 -232 71 -30 148 400 60 209 122 212 277 51 56 53 139 -345 -82 -120 -35 -42 -101 -339 148 -11 247 331 117 -189 -107 325 -5 -57 33 -126 156 -209 -227 298 209 77 173 55 82 321 334 -40 -291 -87 -102 214 -32 -54 39 81 62 278 79 240 -99 11 156 72 -4 201 141 -91 -80 -59 -105 -52 -16 -36 206 131 -64 -14 44 -199 -70 260 -431 316 -3 -8 -55 76 -88 -158 100 -123 -179 125 1 -131 -160 89 -336 -49 205 157 231 -32 -118 53 80 585 -179 135 108 -85 263 -102 230 -108 -162 -153 -139]
[80 -83 270 -78 98 -13 -225 -51 289 -142 189 117 8 18 31 63 15 24 144 109 114 -300 -209 324 236 -124 80 -105 -84 -174 73 -414 -165 -50 352 -22 -56 -251 -294 3 -62 191 -8 54 16 -207 -130 -137 -38 91 -92 109 -73 -131 247 -130 56 193 127 -161 165 240 139 -195 -15 -228 -78 -103 122 -28 -40 -461 -144 131 -19 -76 12 336 -59 -39 -118 -131 -153 -88 -98 -13 78 16 -68 171 -362 -127 -181 -209 123 -264 -227 225 -148 -89 3 131 85 107 -46 69 478 233 -122 26 103 -130 -25 -104 -34 -418 -25 166 230 -39 -16 -34 -72 -136 21 134 17 -28 -125 -96 -425 265 -106 -210 103 -144 -74 61 -101 127 85 -33 -17 -68 -255 -235 -73 252 123 76 -170 -87 -92 -192 226 213 28]
[514 -98 -224 13 -174 -203 -263 197 -274 72 187 -270 -237 -63 -52 143 -87 362 -25 -100 -30 161 -57 -277 -235 165 142 -159 150 264 -28 273 378 280 38 -147 -417 232 -498 -325 163 301 -16 -255 134 239 -46 105 139 -94 -287 118 90 -16 97 -128 298 -193 68 191 -23 44 100 165 -324 -41 -137 152 334 89 -31 92 -150 225 -121 -147 -68 -77 -60 -105 374 119 56 -88 -57 -129 -51 274 -138 -155 -273 97 86 402 -175 205 331 -41 3 -54 25 -16 -167 -338 -136 -283 -83 -191 -8 -68 102 -78 245 18 28 129 -115 -6 -265 -114 246 51 -35 137 76 89 289 -182 135 291 193 -190 43 -28 9 322 269 90 -22 400 9 -121 151 -79 157 -223 -44 -35 180 331 -46 -53 -100 -293 -238 260 363]
[-348 221 303 -158 201 87 143 40 -26 75 -318 131 -285 -76 125 52 -40 286 -12 235 -73 -53 -134 98 -67 -95 264 -195 51 183 202 -45 -74 510 -223 110 -100 387 182 -81 24 180 84 189 -118 37 178 -60 -140 -138 277 -203 -246 -101 -204 135 19 -224 142 -216 -158 8 -40 -35 257 123 45 -168 -57 98 -10 -207 -119 -291 31 -54 -338 297 -73 147 194 -74 215 267 -57 243 -71 -105 327 -111 -15 245 151 255 117 19 131 148 -206 311 86 29 191 77 133 150 -219 -4 -496 172 -26 -61 -35 -60 169 336 -6 259 24 270 -102 205 88 -2 -61 0 115 371 58 81 -324 -40 -104 283 139 50 -90 -182 33 -180 -43 54 -382 -33 115 -95 -108 -111 75 -212 -132 -322 90 -54 -169 -125 13]
[-31 -125 178 -559 429 25 -55 -29 32 125 111 -138 -2 425 -20 -292 240 -171 87 -91 -18 -256 256 -71 -52 -98 -172 -135 104 -3 39 -8 -247 97 -234 -85 -65 151 -22 -60 -148 -56 -92 260 -177 4 -143 9 -163 171 -140 -31 -4 -175 236 -117 74 -90 -153 -76 -39 -62 -7 -1 76 16 -115 -84 86 -323 -69 27 -74 -120 134 330 85 -244 -40 -23 -394 42 -256 -87 -129 -61 -115 -54 206 -22 264 177 -45 -154 195 -17 -80 164 213 -62 -114 -92 -198 -78 -29 53 -86 292 297 306 146 73 230 -72 -98 -114 92 155 -231 -39 28 -346 -48 -353 -168 -373 -12 -41 -211 -283 -11 47 -21 303 -314 -3 -299 -314 -156 61 223 229 167 38 39 250 -186 303 -150 53 73 276 21 108 164 -46 -31]
[39 76 -112 264 -116 2 168 128 -339 104 -25 -52 -335 -217 62 51 -80 83 -85 13 -96 290 -103 -16 -291 105 -161 -221 -208 -246 -278 392 284 4 130 -62 19 319 -470 -163 339 -329 43 -484 229 182 -188 157 -101 -249 9 194 89 -58 -198 8 -402 75 7 -193 284 315 -53 265 41 119 -223 -83 19 37 44 -345 -110 -144 -322 -4 -130 -363 119 133 402 -167 149 -122 262 -308 186 113 -125 23 -432 -50 303 223 16 56 -96 -390 -16 -81 46 -231 17 -128 199 -98 -28 -245 148 239 -64 165 13 188 317 233 -172 -38 199 282 141 328 -93 40 134 33 -8 367 -86 43 54 -248 40 -112 82 91 392 -28 322 30 -441 -157 134 125 -75 -119 -156 -67 142 70 -179 -208 -221 41 -64 48 38]
[170 218 81 169 261 16 40 -332 115 98 -73 -93 -228 -175 -65 112 -136 246 45 147 127 -52 4 186 -90 98 -19 150 105 -40 -53 35 150 124 -162 -281 261 323 332 545 298 15 -37 232 -61 77 157 -35 223 65 108 -125 298 -150 -74 155 -37 -10 110 313 -27 92 -164 -187 90 280 182 -178 -201 20 -45 -67 -48 -223 -32 181 -324 39 168 304 181 118 68 293 150 228 -2 156 261 -260 159 60 119 -61 -103 75 -82 98 142 179 -93 -183 -57 302 334 79 -128 -54 206 141 -116 94 -182 61 183 219 196 17 -181 510 117 167 22 -329 -57 -41 28 114 170 -136 -314 -17 217 10 192 -100 -394 34 -120 -263 -135 97 -386 68 71 200 85 -172 333 -178 134 243 449 196 -144 -275 -5]
[-362 -20 66 -20 -36 -74 351 34 346 -55 276 64 204 271 -64 -82 -28 93 208 -262 212 -159 -33 -114 -3 -320 -94 -95 91 -14 75 -337 -303 -135 -5 207 -40 -23 258 303 -36 -88 316 -107 -245 -13 108 -290 -206 219 208 66 -70 -108 1 197 117 104 39 81 81 231 100 268 -104 135 -284 -103 119 -285 -103 -159 -31 9 23 -68 139 1 119 -28 130 99 -321 97 -99 150 36 -213 -143 62 212 305 -165 107 395 -238 56 65 -230 81 -164 -2 57 -203 -192 297 -46 35 -157 -281 -16 -230 -85 -147 -15 201 59 96 -275 -79 -7 -25 21 -250 224 99 -75 -57 -173 -56 208 32 -167 322 -236 -24 -63 120 -69 -150 105 331 -128 262 179 -65 -214 207 206 -3 143 76 -84 90 -382 106 -52]
[427 -219 92 -117 151 22 40 298 101 -5 -69 20 -280 124 52 -183 279 -140 247 -146 197 89 -157 -40 -39 -282 66 -199 -247 112 -174 210 224 39 94 -151 -30 45 19 -182 -79 -154 139 -20 76 -13 -127 33 -49 -10 204 -8 232 -22 -47 -52 -411 72 -60 33 295 126 -86 -35 -79 -1 -233 -81 -49 -3 -95 -339 -157 96 -120 128 37 -202 101 -30 -60 47 -24 -212 -98 -231 -238 244 24 -59 25 -378 -84 -130 57 -116 -148 68 101 -216 37 -249 -36 -196 4 67 58 139 260 133 134 134 53 -62 110 92 -109 -47 102 -280 148 5 -89 -222 68 -37 52 48 -218 -25 -50 -33 116 -57 -26 -21 42 4 19 -67 -120 168 76 -87 -20 -227 -289 73 -102 -18 -116 400 -144 -74 -113 -41 115]
[-594 63 -58 5 106 -411 91 137 -148 -102 31 -22 -68 -19 52 -336 -7 -78 -71 -10 -194 294 295 14 -28 376 120 -264 -204 -59 -43 -40 -213 -53 -267 35 158 192 -106 95 147 -65 128 -120 27 236 222 184 109 -152 263 -351 -377 -8 -260 14 332 278 -267 47 -225 344 -151 -210 160 71 -132 -291 89 52 92 -76 -24 -141 -221 40 -93 -7 -206 -50 -117 -293 399 -14 214 -281 -139 84 60 81 278 270 133 50 239 -115 317 12 -253 43 98 103 -135 -215 -57 266 -195 -272 132 119 -89 79 75 86 124 -1 86 -159 -23 -198 -43 -194 124 58 46 -216 -188 40 184 57 -25 -81 153 295 -17 -126 -217 -130 -177 -394 -279 23 -241 220 -111 286 -171 19 -34 -168 -5 -233 72 301 61 -180 -333]
[210 -87 85 88 -238 -66 -48 246 182 -215 22 270 47 -382 -101 77 192 -143 118 -9 -328 111 119 102 117 54 292 51 -12 110 99 -36 79 -212 283 -289 -118 82 -495 -63 -72 -26 58 -138 324 48 -23 -155 47 49 -64 16 -46 -194 73 -191 -173 35 273 300 359 -29 -11 5 12 26 -231 147 -26 43 -46 -197 -243 303 -134 -7 96 115 79 -174 438 332 -66 95 24 143 -371 -11 92 -225 -143 -129 307 -126 3 -112 -164 -145 -121 -201 128 33 89 -25 76 -241 -159 -11 -208 -181 139 -76 148 185 -154 -92 -32 -419 109 -44 151 272 -80 65 183 136 -13 -323 371 418 285 14 -71 18 -22 236 136 202 -123 350 -34 -410 -17 -162 46 -329 108 220 -71 -245 9 180 161 -176 209 39 139]
[212 277 -92 -231 -116 212 -151 116 94 -155 25 -302 -152 -205 -216 317 19 -75 571 206 -30 -184 26 205 -280 143 -17 209 33 -83 327 -133 -261 73 88 391 -143 -345 -65 -3 74 258 -237 124 -24 -112 139 191 228 111 -248 -63 -143 102 61 -12 -126 39 107 157 -104 15 134 108 -73 87 -143 -46 30 35 57 -84 228 37 -146 -281 324 113 84 44 63 79 -56 -56 21 -28 58 -1 -108 -3 -132 -136 -53 -182 -53 -188 44 148 -263 193 193 47 46 96 -22 -180 19 255 -89 -297 -8 123 274 -63 -202 -148 46 -408 21 44 -111 60 -235 388 -110 157 -78 -511 -137 -69 -114 138 319 -48 12 -98 -80 53 -132 196 239 -189 434 -122 63 317 166 311 36 24 -119 160 19 -140 -106 -169 -4]
[-351 -142 269 -201 176 29 304 -45 256 -96 -223 291 288 -145 -44 -126 77 -135 -51 126 -127 174 -100 92 94 -163 318 281 -395 -103 -71 -96 75 3 3 -29 207 -161 -69 259 -97 -95 53 -34 -62 -57 -33 362 -198 44 190 134 -79 -58 -56 69 -191 302 -235 -175 24 -2 -161 -162 372 179 253 13 -142 -61 -30 -179 -204 259 23 128 -261 39 183 -106 -167 -229 105 -108 149 93 -236 -269 202 175 -195 -166 -163 -42 240 -178 -265 123 50 148 47 39 -95 447 301 -76 -128 260 61 68 10 -9 -359 -113 49 -373 65 -62 79 167 361 74 -80 -140 210 -64 166 87 71 -142 49 131 -107 -104 223 61 -60 76 306 15 15 -40 -268 -11 -386 1 260 -296 -161 54 121 13 100 41 193 -149 -79]
[117 227 -192 55 -57 -217 -3 -85 -42 -181 -298 -163 247 -146 -117 138 -340 147 -58 340 -195 104 -330 -84 37 147 -2 37 307 34 128 -179 -287 292 -403 140 197 -14 316 117 156 25 -265 -187 145 410 192 299 261 26 189 -183 -236 91 154 -285 334 112 52 -253 -21 -43 78 -7 334 239 356 -386 -222 -6 13 254 188 -122 371 -314 -136 280 106 229 -129 -37 178 98 258 3 246 -186 52 168 -174 213 1 31 -37 14 -15 -188 -405 103 -2 122 116 151 -71 99 -290 -93 42 140 -103 -112 -145 -57 251 208 -25 33 -14 130 -160 219 22 20 -7 62 -64 -7 61 -135 -31 175 -106 -52 -63 77 -168 -3 -75 -32 -45 121 -78 88 -27 490 -23 170 -177 -212 171 -386 -100 204 67 4 -279]
[-34 -117 -176 308 193 25 132 160 127 -63 -123 283 3 18 -15 -238 -195 -219 288 -133 91 17 45 -101 197 206 -117 -298 -104 27 -261 110 -24 -248 -169 -123 -23 148 -221 285 181 -16 -108 41 255 26 -35 -400 85 -179 124 68 -269 23 -33 -138 145 71 -108 -24 129 -309 -128 4 -114 -43 -388 85 477 99 -61 -304 -35 -182 -141 309 -128 -132 41 -249 297 -323 -17 -109 187 -375 109 39 46 192 1 -144 -21 -198 146 108 -159 -70 239 -499 -95 -144 -245 -112 34 -86 -210 -51 111 -55 8 -162 194 147 14 -323 209 -344 186 -95 -86 -224 -96 64 16 214 137 -43 -122 7 148 289 -9 -210 -208 45 257 -35 -4 211 -212 -118 290 -34 40 -157 129 213 122 139 303 137 50 -37 -62 12 176]
[79 -42 -70 -523 -34 387 -37 -49 -55 168 -29 226 -13 83 111 -160 -106 -18 -68 96 -163 177 -314 -353 183 -4 101 141 -170 -96 168 -131 149 125 -112 -189 60 30 -2 -242 35 -93 -71 -74 -47 199 -210 153 -245 -79 188 44 236 -103 -124 -126 59 -215 -175 26 -158 4 -70 29 109 -318 168 -100 -64 189 58 196 -116 16 17 -52 -230 -188 91 139 106 -111 536 -81 64 50 -306 -142 0 84 -127 303 -8 87 145 -53 -24 161 16 3 36 -256 26 67 -49 106 -69 -160 39 10 192 -110 146 324 -72 -30 -262 -110 -197 32 75 51 -62 94 48 -213 48 -32 181 -227 -8 -65 -81 62 95 66 -86 39 324 -33 319 130 -304 152 82 -7 60 -264 -243 -97 143 55 -239 53 -11 60 -22]
[-376 40 11 -168 -48 206 -46 -372 -88 199 93 -154 -112 -366 137 428 -267 276 -45 148 83 -88 130 137 64 12 241 348 -109 -100 84 -100 83 -144 163 230 351 -25 245 149 19 185 188 -55 21 -116 205 123 -81 225 133 154 68 13 -144 192 -113 -70 249 5 -108 -84 217 280 307 250 -94 237 -219 94 -89 123 282 -33 83 -374 -149 296 -81 97 177 173 114 35 -71 431 -133 34 -279 127 -188 325 89 44 -7 -147 14 210 -160 308 93 308 195 7 -5 -92 122 -231 -224 -471 -184 77 -32 1 -158 -65 -60 211 -197 23 -152 404 -70 -196 212 113 136 230 16 124 88 -255 164 516 172 -51 157 307 459 -184 -60 -125 -325 237 49 258 128 -214 189 -116 -39 -359 157 -210 -303 153 -187]
[-101 127 54 34 -71 -399 -406 116 39 83 99 -222 136 162 -221 -105 -183 348 -177 -185 90 -39 -90 -105 58 185 -287 63 195 -213 61 -7 -147 -211 448 96 121 -20 -227 363 -61 -372 -8 -96 -50 187 29 92 50 51 -215 109 17 -6 143 -68 164 -171 -137 32 -181 61 238 5 -150 100 145 163 -168 -105 -8 -139 132 -42 194 -63 22 211 -195 -325 -386 122 27 -136 -111 -65 111 -46 -128 -153 -169 19 -33 76 -208 -155 -80 451 57 87 -222 320 16 -420 -30 -113 188 -43 -263 26 -354 -137 -33 254 78 -1 58 251 246 -321 -260 70 -76 -142 -357 8 -66 -35 -120 13 52 -108 -34 -68 13 -46 -219 -188 -206 319 -70 -81 182 -34 60 -163 -200 15 -103 333 -183 117 260 160 -108 0 -161]
[-154 2 292 -39 -214 133 451 561 -51 -135 -80 56 84 -250 -102 196 -29 -110 393 -265 -234 311 -137 28 -172 59 -78 -69 64 24 314 -126 -60 -129 94 277 -7 -152 11 41 156 -77 -46 -265 -147 88 38 107 -337 23 257 100 -77 -250 -29 128 -213 -123 -64 -364 24 84 -231 222 92 157 -105 -253 -145 -140 -60 54 24 -212 -172 7 -130 137 92 207 308 -175 183 -168 -157 -13 292 -107 25 3 -289 41 289 -1 208 -169 -164 -30 -215 -110 23 58 414 16 -282 206 -192 390 151 71 -294 -142 -1 245 192 137 -215 -229 176 -16 -47 126 -49 110 52 45 98 151 -132 155 -71 328 -310 -212 -1 92 279 -222 -28 62 -92 87 245 194 2 -382 -14 282 206 184 -129 -92 -76 60 95 -15 1]
[223 -9 -66 -421 126 -16 6 200 122 179 -184 73 144 -56 96 -139 160 0 -157 248 -241 -105 222 42 242 -49 45 -73 -127 -124 378 23 -231 -20 -151 86 -141 215 -98 239 -200 37 169 -20 -23 7 -16 -297 -96 21 -23 120 -166 86 15 189 -359 73 199 -72 118 -293 205 211 68 -24 -91 247 87 160 275 -178 12 -47 112 -143 -74 293 -33 -68 -186 46 -80 408 -283 296 110 -266 96 -208 -208 -219 -1 23 13 11 -76 158 -180 143 133 190 105 2 97 22 9 -100 -430 -152 235 -95 -131 -176 -191 -41 -85 -2 162 425 -151 444 66 11 -240 -18 104 41 -260 47 154 115 -36 215 -84 -154 72 143 229 346 409 233 -104 -263 210 222 33 93 -112 -139 92 -205 3 132 -174 -158 73]
[202 -271 193 -295 -238 140 39 47 175 -332 -171 -37 252 8 126 84 -141 -188 342 -219 -22 -45 -270 -120 161 104 185 -117 129 -116 297 -62 -179 -220 43 -41 8 -291 4 108 -38 -145 -90 -108 12 -49 -96 21 -194 87 -2 -140 -6 85 84 -229 -23 50 8 -196 94 -109 158 26 264 -135 295 55 -126 77 197 13 343 18 10 -40 -36 166 -55 86 -212 -191 41 28 -109 240 -299 -42 -69 23 -305 49 27 -45 -94 -123 -198 283 -34 -51 143 421 21 -64 -112 87 18 9 -325 -129 72 101 -38 221 -52 -315 57 -178 207 119 -284 15 -289 -54 77 127 152 -421 118 262 176 280 -33 -74 91 -137 260 24 292 345 427 174 250 -63 341 -107 283 -19 -77 167 -46 10 -22 -20 187 -23 -106]
[-616 -165 116 3 52 -102 -12 223 -46 -107 203 -79 -184 23 80 84 -48 -121 -268 233 -124 -30 98 226 -245 60 -32 211 145 -49 306 -145 -195 83 85 281 -49 -26 -16 158 -19 329 88 -75 -215 -56 449 188 -45 139 -150 -115 -221 -10 -76 176 75 -48 -43 -189 -213 303 136 -71 9 5 -53 -7 75 -213 20 48 93 26 -143 -145 99 199 11 -186 -231 -208 120 49 -226 -69 418 -177 -40 -83 -94 177 -155 46 41 -275 91 -126 -405 194 -91 80 334 114 47 160 -159 45 -12 -38 -202 -266 -53 -230 205 305 -73 100 0 10 182 127 -75 86 -248 49 -170 212 47 37 -11 -195 168 -133 233 -101 46 -53 -342 -195 -264 -184 -86 -7 -148 91 40 42 24 -17 -276 -513 -38 315 90 68 39]
[-574 -8 -324 -100 76 -171 -2 -251 267 -16 33 -74 -385 -101 49 -54 -83 -185 -328 121 -41 0 -201 121 -59 58 93 227 271 -78 -57 90 92 211 135 -66 82 61 -4 318 94 244 -68 -16 87 106 -66 103 22 -157 -39 -65 224 75 220 -117 238 -142 114 -33 -42 59 65 -93 -163 78 209 -61 -125 -207 -125 106 17 -100 170 107 -202 -75 45 141 -170 -69 233 144 19 -194 259 -250 -110 130 122 285 91 130 -255 106 1 10 10 149 -222 -144 324 140 -26 -19 31 140 167 234 -98 -35 -119 -193 231 456 169 37 93 -156 5 99 -101 -131 -71 157 4 64 -24 -49 -344 -87 -7 -196 82 -6 -170 -9 -371 -8 -113 26 176 -81 -26 69 -92 97 -32 -214 -54 97 51 -62 141 147 34]
[239 136 3 72 -91 -184 6 481 202 -453 2 54 -122 -107 45 25 172 -20 5 11 -80 331 -229 160 289 -208 97 -189 -79 91 17 -61 128 -275 -15 -205 185 17 -185 96 107 161 75 -24 546 -158 -10 -94 -98 -188 56 10 89 -110 -39 -202 114 237 250 -37 169 238 22 -134 59 33 -105 -262 181 60 190 -83 -51 19 -168 -53 -302 93 -142 280 -139 -122 351 19 -10 -74 100 108 -120 -6 -198 -210 114 7 -195 21 -157 -99 -354 -58 -34 2 58 -105 89 -100 -4 -171 147 84 -149 -110 -117 -54 9 -194 49 -151 25 -84 -200 36 8 -40 262 30 28 189 156 98 -223 182 -252 -33 -100 -126 82 91 -101 -151 -48 -44 143 -24 -129 -295 -365 47 0 -167 45 -273 -34 56 120 78 48]
[-11 -60 -72 104 32 -614 511 199 219 -155 -306 -110 290 -53 -90 -14 -128 170 51 -81 -55 316 317 -89 100 -31 310 -273 -31 83 -77 54 -161 343 -49 50 -226 223 38 49 0 -222 298 -220 -153 -125 -94 -24 -132 -136 409 -70 -347 -128 -174 -226 100 206 -57 94 222 -30 -1 -216 -30 225 125 -26 -60 -155 154 -99 -138 332 57 247 76 138 151 9 18 282 -211 201 230 141 -71 70 216 38 52 -130 152 -34 -35 -18 198 -36 -253 -99 62 144 -9 -17 -2 31 -333 -2 4 415 65 22 -57 1 -123 -131 88 -11 76 -19 189 -9 -5 -224 207 26 91 -28 -119 312 64 459 -377 37 -152 98 -37 -107 -70 108 118 170 -68 -183 -249 -47 -273 178 -75 -26 342 466 166 233 132 12 109]
[-172 -4 -312 210 -321 -389 -169 -105 106 -247 -76 -9 252 2 1 -74 -146 -51 -229 -16 -231 8 -65 74 327 -210 185 83 172 -63 -109 -79 -95 -13 20 73 30 -87 -49 278 -170 61 -63 -146 231 -42 95 -70 -154 -85 41 -65 -176 119 48 -247 1 198 95 -11 66 -175 175 2 -12 -259 163 176 82 12 204 321 459 271 275 -128 27 42 33 31 -123 149 -99 156 -100 9 86 -260 -91 18 -36 96 105 -235 -41 26 229 -65 -123 -221 117 129 -200 -100 -91 -127 -49 -137 -34 106 54 -261 -63 138 -304 -32 -96 58 33 -371 39 -106 5 44 273 277 -172 -304 31 -18 192 164 -120 -9 114 37 299 4 227 129 87 -19 81 15 -93 87 35 275 -102 -30 179 -326 45 -43 13 260 -113]
[-461 39 182 629 -56 -203 167 -171 104 126 9 -104 -279 -108 58 -115 -74 36 216 -109 217 -38 82 177 63 -55 -148 114 -20 110 18 -115 -7 -84 -165 74 174 -21 412 -209 192 157 2 168 -380 -62 -69 -37 12 -137 32 -75 432 134 -349 199 -4 -138 -196 83 -120 -15 63 111 3 -80 -49 117 -44 -193 48 233 40 -117 -175 -93 198 -61 27 124 -111 -241 250 6 -131 -75 53 198 -83 -188 331 15 93 81 -185 9 -111 78 156 362 -169 42 18 168 -89 197 132 192 -45 -80 -278 144 25 38 -65 359 125 -105 193 -271 9 200 129 -95 -279 -152 87 11 -160 55 -200 -185 174 251 285 -25 -188 -74 -111 -318 -365 91 22 7 106 92 193 -263 53 117 -138 288 -122 189 -36 -74 -88]
[-130 -144 -30 237 -14 39 105 -88 50 145 230 -184 -15 316 -217 -208 51 -199 388 -98 336 -86 492 -258 -61 213 -207 -171 335 26 -153 -41 -1 -28 108 17 93 199 77 -259 -65 -209 114 -94 -351 -58 -140 -128 138 -63 -50 -67 -112 88 7 -248 174 -83 41 -89 69 -36 -99 170 -41 -183 -27 -151 172 -30 -346 10 -1 30 -124 344 458 -130 -22 -364 -326 193 -318 -88 -238 -23 26 108 94 -246 541 272 92 -220 31 -148 -195 187 21 14 -80 1 1 -76 -73 142 13 110 172 65 -116 104 -117 22 96 26 454 13 188 -306 -240 -269 -124 -102 -94 49 -123 -196 -201 104 -149 -135 219 77 -156 44 86 45 -250 156 -24 -101 148 -10 246 -79 -187 264 85 -103 161 606 -235 55 12 203 46]
[-148 2 -166 -251 101 220 302 53 -31 -16 -114 -109 -67 4 -84 113 -20 -71 44 -145 61 21 46 97 -196 -77 -451 -115 -100 -168 -326 195 -357 122 -166 294 -8 -67 95 -41 175 -70 -89 -165 11 -50 183 341 195 -222 27 -350 -167 176 -152 260 84 151 -70 -121 -36 -20 -100 -17 -127 34 -89 -414 -213 113 109 125 -48 -267 -55 21 64 108 66 237 -113 -276 53 69 43 22 157 -39 62 -39 124 -230 -94 -63 75 -62 129 123 -199 -89 -1 -351 183 -272 129 243 -212 -116 241 204 -148 243 -290 -239 181 70 224 22 -32 208 16 -51 -541 -174 -346 -83 -164 131 -181 -259 2 -10 28 -112 255 -313 -50 -43 83 -156 -29 101 141 378 -53 190 -104 354 230 117 39 -72 -149 139 -86 -173 60]
[124 383 -20 227 -20 -155 -300 180 -61 -89 117 -249 194 -131 251 8 -176 189 356 -282 173 234 -45 -42 -74 -66 -232 -524 -292 -123 190 -169 -355 6 108 122 -130 -119 -101 -152 -37 35 -61 41 132 -117 -35 6 280 -205 -184 52 -144 26 -196 224 181 265 134 -90 -145 158 -185 -33 20 3 -242 51 -72 52 -33 93 -165 192 34 -98 -53 195 -142 146 -137 125 53 203 -103 -324 181 77 24 -37 -67 -173 -238 39 107 -89 142 152 -1 238 71 13 -169 -433 -236 153 164 46 -19 48 44 98 31 49 -87 -314 160 150 102 -340 -163 -67 14 -107 -23 37 68 -67 -197 106 -37 54 -158 91 -215 -249 -78 125 124 163 149 38 165 209 74 -28 -270 145 151 39 -86 -14 178 -123 9 -14 109]
[0 95 42 548 86 -410 185 -261 -212 202 10 157 150 -256 -455 248 -284 186 142 -188 -156 462 187 -141 124 185 117 -71 -308 298 139 237 287 -196 -42 -246 237 37 415 341 458 -124 -39 -9 88 35 35 -118 199 73 123 -110 -25 82 -50 103 179 -129 -88 299 -50 -380 -41 259 195 141 520 -21 25 -55 -190 181 405 110 -108 121 55 85 -13 91 -130 -115 -44 -80 336 163 -359 -91 92 -141 182 -45 193 174 -93 188 -135 -180 -86 -132 -266 -51 227 -32 128 27 -30 123 314 85 -256 50 -95 4 -38 186 -30 -328 253 209 148 -35 47 -303 -218 -35 77 -26 222 128 -33 194 90 -103 6 237 420 190 -4 -169 -265 -37 271 112 49 273 499 170 56 43 206 263 281 270 -29 -140 172]
[254 28 3 10 183 145 124 186 46 -45 75 142 -221 -50 84 6 56 -63 -212 204 -231 -50 -129 169 45 -18 46 137 72 -154 162 -66 34 -184 -154 23 75 -165 64 57 93 164 -45 88 -12 19 154 17 -266 19 -92 406 274 -134 100 135 -213 -159 -31 -188 86 9 291 116 -187 70 -319 -150 304 -76 106 36 -153 -96 -69 -234 -55 101 139 236 129 -186 172 237 -166 101 270 9 -92 -191 -282 -11 3 74 2 46 -91 -96 -64 1 -84 -43 305 321 56 -113 34 -124 -148 -23 -28 -257 81 -129 -157 184 -189 -82 -152 243 95 428 124 51 -201 -114 67 373 -246 -260 -199 -39 65 12 -169 -13 137 -77 52 -200 -100 186 -79 14 11 -42 -49 70 33 64 48 -284 1 75 -340 14 72]
[234 -175 -263 -366 -240 -16 -399 -273 105 217 -100 28 -81 -40 24 14 -358 224 84 -248 88 -261 -146 30 247 117 -91 256 21 64 -268 177 198 34 -3 -105 38 -42 -122 235 50 108 68 35 73 17 -41 -253 294 -106 -155 -164 164 67 -52 75 110 -232 22 283 -217 -479 74 9 15 -78 97 249 77 57 200 309 188 -103 124 -178 -172 201 -72 29 21 42 -36 14 116 104 33 141 -287 110 -22 -156 -60 -100 -243 201 -117 218 314 51 64 -114 -58 -126 57 -68 79 -188 -28 -313 -231 44 178 83 -217 -232 76 192 -344 -24 7 26 -188 -32 -240 177 209 -91 204 -90 67 -27 178 109 196 -102 -189 88 -1 202 144 -99 268 -92 148 -24 304 -190 173 118 175 -167 197 -299 -217 149 146]
[-251 184 -362 55 11 -315 -107 150 40 -307 209 -275 -158 -38 -123 -21 -79 -23 8 372 -92 54 201 13 -58 186 -81 60 12 -23 -45 55 -117 338 286 96 -68 22 -303 -85 151 128 -190 -71 35 5 73 219 14 -175 -13 -244 -343 -133 110 120 273 147 99 58 -60 362 10 -266 -195 -279 74 -365 166 25 161 -9 -17 310 -198 -46 218 33 93 -133 -206 -11 129 3 50 -42 289 -96 148 -23 -137 -99 13 74 66 72 348 92 -446 -47 47 -44 -28 -136 151 -104 -129 -177 569 197 -184 -123 80 -143 217 82 -28 199 -149 -55 262 -6 -131 151 -306 76 -101 -135 64 -113 -256 -23 92 -203 254 -45 94 121 -163 140 -401 -294 102 247 -270 312 -152 446 215 -44 -143 -71 116 60 1 157 23]
[-172 360 -168 150 -177 66 221 51 -10 48 -268 -68 73 -160 -141 330 150 130 102 -321 -267 158 150 -173 -319 166 69 77 -102 316 52 155 391 -61 -189 219 -6 -10 -229 -151 111 -91 -22 280 -4 218 -67 180 -69 -143 -79 -64 -71 92 4 68 -42 -116 -250 -168 -331 -163 -207 443 -73 189 -97 192 145 109 -53 107 9 -264 -132 -109 -24 -67 -106 91 479 -231 407 44 293 -35 13 -31 134 -72 142 -1 209 43 351 292 181 -30 105 118 283 -33 3 4 38 -245 -146 -140 -165 -174 -70 17 106 366 129 24 107 -234 -44 79 -221 -48 -160 350 33 44 27 -129 215 90 219 -40 -112 -2 -75 454 211 -156 116 133 -149 -149 228 176 129 -188 253 -205 220 56 181 -301 207 -449 -187 -257 220]
[47 -225 167 -232 -67 76 50 59 -165 94 215 179 50 294 205 53 -119 201 82 -441 102 169 0 113 -206 -220 -108 -613 -96 219 -46 -75 43 189 -183 -22 -287 86 60 194 219 80 112 87 33 -141 119 -250 227 -156 -234 -70 -217 -54 -223 230 357 -16 -27 30 -148 -115 -338 127 -76 -133 -224 100 123 -39 -144 -125 61 -232 -206 151 -201 72 -220 136 170 -90 -19 84 -28 29 108 145 -33 119 128 88 -143 -103 90 -210 107 -123 -41 -302 -44 -126 -10 -355 -190 55 -190 -185 -48 80 113 -28 -281 -218 67 -109 155 -143 -195 8 39 -439 -208 -121 242 34 -53 142 35 -8 169 -3 -226 126 -107 -241 173 2 37 -427 -92 390 165 144 89 -463 -82 62 263 -6 -32 -132 -117 51 -35 -53 291]
[234 156 -149 238 76 -291 -95 331 -237 -8 -56 -40 135 252 -147 120 229 321 29 109 -182 76 265 48 61 62 -279 -88 -9 -78 16 42 -164 -170 81 14 -73 -253 -523 -241 -188 -192 97 -220 -24 227 -121 185 80 -198 -164 -49 -302 82 30 -168 79 261 234 -131 213 127 64 -67 -68 51 29 -233 -21 84 12 -263 -31 273 -69 -302 211 169 -293 -151 -243 156 -177 -118 142 -64 64 -76 -272 114 -223 -86 13 235 -44 119 236 -148 -109 49 -401 109 27 -324 67 61 200 -78 -236 -123 -71 -217 136 -196 -172 -165 -88 35 29 -41 -142 32 -4 94 35 -315 -119 -131 -89 -35 62 161 -194 95 -248 44 -211 -302 -191 79 -31 -275 225 -68 -188 42 -159 163 -55 253 -84 -290 -214 161 146 83 -51]
[-241 -12 58 -243 -54 320 -195 256 -5 -164 140 -13 181 -218 131 -32 217 -321 216 -39 -149 8 -51 -2 -16 105 27 159 -159 -306 124 -48 -101 -273 175 -144 27 -390 61 42 73 16 -180 -62 43 -24 -60 254 -216 83 42 -61 7 -107 -300 13 51 -9 -118 198 -138 260 -62 -211 86 -19 107 -209 -11 -148 -73 88 1 54 -181 -67 66 -48 -51 163 102 9 289 -2 191 58 -357 -60 5 28 -240 120 84 184 190 69 106 173 50 -157 -134 -75 51 69 -154 29 -63 -70 120 -367 -71 169 360 -69 -148 -176 9 -246 -342 4 -38 -21 -105 105 150 -251 -63 -172 180 -136 19 -119 -96 57 11 -76 -145 -45 -36 -77 171 38 89 96 -60 161 -36 -137 -156 -191 -84 164 186 123 -64 -61 -97]
[70 417 249 -26 82 240 -104 202 -146 -142 13 -197 -122 -51 -240 474 -179 209 374 -109 130 -20 -105 -169 -537 57 73 213 -91 161 123 215 48 193 10 498 -109 81 -14 -124 59 -64 -362 114 -64 -226 279 -93 85 -124 -61 13 -267 -120 98 199 -273 42 -129 -101 -140 -162 -154 200 -11 173 -123 230 28 -22 28 -128 12 -114 -114 266 263 -90 -88 -122 215 -66 -125 -435 96 -130 343 211 245 -125 52 -469 -81 -25 -146 44 139 -100 -110 193 397 10 -134 -91 171 -77 -114 266 243 -13 -91 189 213 236 -49 -125 -320 130 418 83 -55 -203 36 347 -366 174 33 -171 -144 314 -276 344 297 -280 -28 198 57 -82 -91 283 -77 -110 208 -73 125 -184 -46 65 114 306 -49 99 -130 -347 -135 -241 239]
[-153 128 25 299 54 -265 -257 -39 325 95 -55 -242 -295 223 -67 -59 -60 145 -281 137 224 18 -310 -25 -112 -32 -157 -53 30 -23 -257 -6 -32 355 61 19 72 55 108 35 -82 -48 -211 -26 164 -154 -103 126 148 70 -265 -131 189 134 83 -19 99 123 -98 46 -115 401 28 -95 -193 170 70 -115 -293 112 -81 52 -49 -28 234 168 -134 -212 176 144 -168 144 230 -112 -43 -163 124 -77 111 -66 213 -126 -195 -251 -186 -24 -131 62 -124 144 -271 -109 200 -413 67 -92 172 68 242 119 -2 47 -404 -15 181 126 93 453 384 -191 -165 79 -177 -81 20 -177 -69 121 -219 -294 -185 -137 348 -355 -101 -28 -215 38 -132 0 -78 -88 162 79 -209 138 -323 -69 -189 -305 22 319 89 154 273 -143 -401]
[-30 -134 164 -247 60 -241 321 79 281 -131 -126 -81 95 171 -111 -283 -133 -104 155 68 -211 -55 -10 -239 -170 235 185 94 -64 -7 199 -161 -99 140 -6 52 -50 291 231 265 -8 -307 -154 -187 205 250 89 231 -113 144 207 62 -268 -4 349 -200 -315 -76 -45 -4 -47 -74 -27 183 176 187 -152 -2 -241 131 -3 -237 4 -94 -129 215 -169 -247 176 -7 371 -98 145 -86 218 191 60 -121 67 215 79 63 100 -129 372 -283 -116 104 -148 -284 292 246 -13 -72 -65 -181 -349 89 129 -171 -175 62 -201 282 151 16 -137 -222 18 -88 -284 48 0 -250 119 -112 -310 -165 -100 -126 393 39 71 -51 -84 -171 -83 -37 192 -37 -171 238 -246 82 -174 266 -228 145 -187 -260 47 296 -123 90 63 -37 -336]
[4 -197 177 62 -142 -216 459 -58 264 -145 -272 9 141 44 185 -17 181 -134 -43 -138 191 -23 52 -27 -193 -399 -60 -59 230 375 -62 44 -171 137 1 133 -204 76 259 -104 9 221 197 366 -165 211 -236 145 157 86 58 -285 195 -173 -5 45 -242 1 -117 -22 250 226 -84 -93 41 -80 94 -7 -112 -159 296 -102 -200 -89 22 -322 -88 13 215 -60 504 207 -400 257 -229 -16 136 -39 149 0 1 -218 98 -168 225 165 25 -434 137 157 18 -322 -59 98 -150 324 -182 177 26 30 292 -187 -161 -110 187 394 212 92 -130 135 243 181 85 -46 -26 64 -36 79 398 87 176 -26 -25 34 -45 70 -59 -31 -210 -85 62 100 -3 -121 71 0 284 75 211 36 -196 -75 165 306 208 -125 262]
[160 145 36 96 29 96 -22 227 -88 35 130 114 -77 143 -306 47 -96 217 -44 175 -331 -36 -40 -172 -63 148 309 152 -102 60 37 -133 -15 179 125 224 -39 105 -317 -129 -350 -141 196 -204 106 36 208 55 155 43 -163 290 -188 53 278 -51 229 68 245 -60 -2 -26 30 163 125 346 -19 102 -54 227 -144 -55 -259 428 -58 118 54 113 94 -138 -39 149 -198 -372 103 107 57 -116 -17 369 25 -66 -326 112 58 -228 -140 -143 -174 -14 133 -93 75 257 -72 -271 306 198 6 100 -15 -169 32 -137 -30 -105 -388 341 199 -157 -95 -69 -95 181 -13 189 -188 20 -97 7 29 -53 -51 -334 -6 42 -96 315 -13 276 -30 -510 -181 -158 -272 -106 -195 -100 -125 -278 108 -280 -34 -352 5 89 -24]
[-64 -195 -290 -37 -9 308 -318 120 -133 36 77 213 -50 238 450 -221 -65 -267 -115 -80 15 -285 -189 -190 124 69 -54 97 81 -439 224 -139 242 -112 129 -146 46 41 -23 -41 -258 0 -65 183 147 -11 -142 -97 -278 -58 111 55 66 131 90 21 -205 -42 -76 -416 -326 156 -27 -81 159 -203 -14 139 -14 55 60 80 -230 -88 55 -113 -475 -51 127 191 146 -38 432 87 -211 37 56 -131 12 155 5 346 -67 293 369 -59 -61 319 291 47 -86 -166 19 133 -242 16 156 67 -5 -156 161 -292 85 225 30 -86 -231 352 -101 -168 -359 -85 138 -58 97 388 190 286 -195 -232 -113 -141 42 -256 10 -180 33 28 326 140 261 224 -255 164 -62 -64 42 -253 149 -109 -180 -466 -116 -174 18 213 -42]
[101 113 74 -88 -50 240 116 293 -159 27 407 -26 9 310 47 -24 332 -9 -211 -92 -328 -142 181 340 -366 15 -103 92 164 -165 87 -198 16 -157 119 242 -34 -104 -3 0 234 131 -118 50 15 -327 -125 109 -88 -13 -284 137 7 -273 132 129 -145 -42 162 -171 149 393 127 398 -29 -118 -192 49 111 -65 103 -43 -84 -226 -211 -231 349 15 -145 34 144 -61 27 158 -48 186 77 177 -95 -18 -55 128 126 21 90 -207 -144 -210 -179 3 137 -250 233 139 74 -242 206 -32 -182 -109 44 -55 -147 -115 265 168 18 90 -244 99 183 -99 123 101 43 -8 -124 242 297 -54 -114 -20 117 -85 170 51 220 -86 -37 -230 -412 -84 110 -125 -1 -280 -138 -78 295 -121 -86 -172 57 -54 -32 -222 79]
[-239 70 -521 -118 132 -191 -239 117 54 148 -150 -383 11 179 -128 -291 203 -60 78 274 73 -5 155 -120 79 -95 -189 -117 203 -168 120 -46 -230 135 131 -126 -176 265 -203 45 20 69 -142 -184 138 348 -45 -323 71 -138 48 146 -10 -277 -5 -161 155 12 48 124 79 134 150 18 -241 -271 -257 -279 67 -55 -51 -132 40 -187 -27 237 -84 -198 -140 -152 -368 134 60 289 -496 -219 83 73 -29 -408 36 -30 -47 13 -38 167 33 391 -34 24 -338 -220 -273 -340 -36 105 -190 28 274 324 82 -279 155 279 12 227 157 35 -46 -50 37 60 160 38 -103 -207 88 -206 -248 -206 -248 -13 -44 180 -64 184 -35 -157 -57 168 -173 181 69 149 72 125 -397 346 127 156 87 331 -116 117 -129 213 -307]
[6 -192 -6 -204 162 125 77 37 -87 237 -29 -138 -37 352 21 -236 106 -12 109 -259 93 49 391 -202 3 -64 -110 102 -192 -271 -55 251 224 -112 -252 -243 59 331 -185 -77 189 -142 130 204 -125 -205 -314 210 -192 47 8 -23 104 84 -128 38 -147 -119 -180 44 96 250 -48 -50 -98 -55 -24 -49 58 -66 -51 -156 -85 76 -74 281 -267 -293 64 -17 -204 -67 283 -101 92 -12 -312 3 319 -254 175 80 107 49 184 2 -188 235 188 37 -120 -60 -25 17 -80 -184 33 10 272 336 89 368 61 180 -32 -410 -8 -108 6 -117 89 -282 -125 -266 61 -67 341 361 -137 -49 -49 109 19 67 -346 211 -32 -305 155 165 106 317 -84 6 23 -1 57 -193 157 -69 -12 346 167 76 -17 -126 156]
[-22 -228 -140 -38 -356 11 -7 -193 -11 -287 156 172 314 -25 174 52 -181 13 -206 65 191 41 174 -119 40 -145 -59 -27 40 8 -162 10 -56 -111 -21 -50 71 -115 -70 -250 -208 -94 78 -21 41 -190 65 -7 46 -4 202 -80 -86 268 -17 18 0 196 -18 -86 204 -148 -49 -318 98 10 55 71 -145 -144 4 -30 -13 505 258 -12 280 60 -90 -184 -249 -65 -149 34 292 97 -139 10 241 236 -9 -21 -247 124 -27 33 107 -146 210 13 295 233 -260 80 -97 80 50 -148 -482 -58 52 253 -97 -53 72 -388 25 22 159 -92 70 20 96 -69 117 220 210 38 185 328 505 14 -119 -26 -163 -168 60 -44 98 8 84 -23 -245 -42 -77 261 314 -109 -119 92 1 77 -269 -26 287 -49 100]
[-403 54 17 143 -14 88 270 -122 167 -231 13 43 -94 58 -350 239 190 72 220 -214 -78 -18 448 320 -153 172 64 394 215 90 190 18 1 129 401 393 14 -223 130 -66 -184 -98 155 -39 -510 -187 -100 115 178 245 -184 57 93 -119 137 8 -295 126 -30 -59 83 -175 -146 -48 -34 4 -61 -44 4 90 157 291 280 -299 -103 41 170 166 -63 -272 -247 44 -154 -93 63 224 294 -35 -144 132 46 -174 196 -351 -216 -277 111 -5 -230 209 200 359 21 233 102 -345 97 164 63 7 -207 -91 -270 -46 -176 -97 146 -67 60 222 154 64 9 -49 -319 79 -183 71 110 -73 44 85 6 -105 84 -97 82 -30 -115 -9 -125 -94 119 25 -224 -56 7 112 4 136 134 186 -75 218 4 -187 -66]
[-103 -117 221 -251 270 438 138 77 101 -66 -311 60 -157 284 -26 -92 139 -143 145 6 161 -214 -11 25 -89 -220 -101 21 -104 296 -77 38 -105 -70 -243 236 3 -131 437 5 -28 36 -4 59 -199 -111 160 11 -87 160 65 -107 -143 159 -162 -87 124 -236 -9 -69 -108 -224 -175 -22 15 188 57 -121 29 139 -226 -115 78 -378 -42 -86 -196 161 13 36 -179 -171 -78 -227 15 11 -134 192 23 437 126 16 -203 -102 17 -84 -20 230 196 -144 65 29 -66 -17 -303 85 102 67 -123 -7 -225 222 41 -188 219 -166 174 -60 -335 -141 -213 -229 -210 124 169 10 -64 229 -116 -182 77 49 -193 -13 -87 -179 -103 -204 -101 -167 8 -100 -222 -27 11 -26 118 -260 16 -110 102 72 116 -39 -315 -330 -17]
[-94 172 -158 269 -341 -283 -42 127 134 -253 -328 416 128 91 -254 -113 283 317 -12 52 15 138 -8 4 243 -344 -163 -360 234 314 -233 -181 45 -139 -153 -160 -25 -24 -425 -175 -59 -132 273 -142 69 116 -31 -238 142 47 101 177 -26 135 -46 -319 140 305 88 -76 392 -409 -121 -218 105 99 -14 -164 131 -36 38 31 -32 442 161 -52 263 194 12 -279 -206 264 -231 -113 159 -228 67 84 104 364 -7 -107 56 -161 -260 207 -19 -406 -52 -13 -23 69 -230 38 152 117 122 86 -171 39 6 -251 145 -256 -141 -60 22 -137 225 -202 108 -34 362 134 155 207 -1 -80 0 231 19 264 -393 -50 -251 275 -220 -97 -307 218 98 -335 54 -150 -216 17 -125 181 -175 149 174 -22 -86 -93 259 -34 257]
[-254 147 -262 506 -41 -300 -176 -48 82 -20 97 235 184 25 -228 -58 -75 316 24 -42 -39 540 295 -40 -153 294 -85 -265 -290 185 -271 -188 130 73 1 -108 6 -14 -359 14 307 -39 4 73 40 77 237 -43 148 -41 37 -325 -99 -251 -8 176 240 185 -426 307 -190 -33 -314 -230 -226 -68 -156 -142 -31 -121 49 -18 38 103 -2 184 253 -29 166 -195 76 -17 269 -250 307 -19 90 47 214 64 -63 -180 -39 -296 269 -95 286 -236 -337 -209 107 -69 -154 -337 123 -41 -225 -239 423 -40 -89 -369 -111 125 91 -141 -83 -137 -12 -25 346 -116 243 106 -164 -50 -30 -79 -40 -113 106 98 128 -199 43 -71 -285 88 195 -135 -215 -258 164 240 -216 97 103 168 126 108 149 276 -17 183 105 -160 -47]
[-7 -91 456 -146 361 88 -409 248 -200 -60 -3 -337 -54 309 -36 161 73 -67 83 -34 63 -203 -230 -103 5 40 87 360 147 20 305 -55 -86 105 523 -111 243 211 -39 131 -124 -135 157 161 -309 -146 37 52 38 150 -279 -7 243 -212 61 -49 -153 -17 60 -112 -72 456 37 -53 70 61 278 -43 -81 -61 87 -75 302 -116 -1 87 -172 -87 -89 -180 -327 222 -28 -38 -254 171 17 -89 54 -350 -254 -171 -140 136 -237 48 -151 96 -178 288 -215 25 167 97 228 -236 218 3 318 -112 -77 218 -223 -65 0 -218 -205 419 -69 358 -141 -181 -56 -192 -349 -24 131 -19 210 -61 -176 -314 320 -188 109 -91 -52 260 97 120 103 -256 26 -98 121 -183 151 -470 -79 -219 23 172 210 -111 -70 221 -26]
[60 -110 -259 56 105 302 -156 217 -300 74 320 -203 -203 176 205 209 90 -157 168 -70 160 -12 311 -246 -302 155 -254 233 173 -452 225 149 4 -25 225 -99 -200 -24 -243 -254 -149 7 -283 10 -116 66 -274 192 -29 28 -149 -150 -106 -97 -49 56 -241 -386 53 130 175 160 30 255 -229 -159 -103 106 -134 -185 -73 -216 -37 -127 11 -34 -9 -285 82 -254 -241 263 5 -186 -191 -119 1 -80 -20 -318 -44 80 221 -47 -143 -9 -64 182 -38 204 -85 -2 112 -216 -174 -126 50 163 350 149 100 8 263 213 -179 59 -8 -87 154 -44 183 75 -297 168 -174 14 215 -134 -128 81 -265 35 209 55 -101 270 50 -213 135 367 4 -51 419 -108 160 -34 185 89 211 136 -185 314 -75 70 30 52 41]
[456 -137 -227 31 -165 21 -120 47 -148 -15 -30 -193 118 -170 114 284 156 -126 65 -147 67 -71 -410 -42 412 -101 -29 85 411 -314 120 104 -73 -314 162 -312 -200 -157 103 90 124 -53 34 -12 -5 182 -46 -206 98 20 277 -200 1 -254 142 232 -298 -14 26 -23 203 139 171 -60 -223 -150 22 -259 -109 -71 185 54 210 -127 267 -179 -50 286 -66 67 61 152 -94 175 -282 -77 -150 160 -14 -485 -224 -18 -105 90 72 133 1 261 62 -138 -237 32 221 -384 96 366 25 -196 64 -435 -72 -80 216 299 -352 262 -301 66 22 69 -104 59 17 -1 -87 -41 105 -216 63 291 -86 151 145 23 -205 309 -45 -181 131 341 213 4 163 146 636 -225 228 123 92 82 -42 25 57 -174 -157 163 -13]
[-177 -22 275 208 -11 146 -113 -331 -197 -4 150 171 17 219 119 143 -226 -142 -383 13 132 -343 -49 42 254 -201 73 326 245 -96 76 -536 -165 30 60 -4 392 -109 330 119 -376 -80 -260 14 -57 -25 161 -113 -298 155 26 61 -4 137 153 21 199 -64 148 102 -167 22 116 96 252 -198 283 296 -239 147 -79 133 194 143 206 4 85 -126 42 -87 -264 117 -146 -68 -125 191 -119 -249 8 187 158 378 5 88 -176 -133 -61 54 124 120 -54 271 5 369 -25 -187 161 -199 -1 23 -158 -82 -72 110 -194 -63 -47 200 214 -78 -200 -66 165 45 131 54 -193 -9 95 -201 -54 -74 49 15 222 -66 -47 277 203 -24 132 -152 -329 165 -113 121 150 -148 -151 -343 -35 -79 32 -160 168 267 -362]
[-308 -61 -244 -91 -270 -120 -103 174 -200 66 37 178 252 16 -82 -296 133 -189 -187 -27 -211 -132 381 -204 44 -262 -401 74 105 98 7 -340 -125 -165 127 287 -150 -54 -166 -217 -57 52 -263 -89 -133 47 56 -14 -14 -161 47 244 -330 17 -47 10 -68 -182 -84 57 -121 -178 -118 208 -190 -260 -143 146 -73 167 -33 221 219 93 -14 -199 83 71 123 -427 176 206 7 -219 -352 -94 -24 -285 -40 72 61 -111 40 -188 213 24 187 -85 38 -158 324 -88 -304 -104 -60 -279 -12 -27 235 -65 -21 -349 107 39 -258 -243 -46 -168 -235 -489 83 -142 93 429 -179 72 -134 -74 -133 -88 234 -45 52 -82 74 151 387 27 344 162 -175 -228 -87 111 -183 -47 211 17 117 365 96 -81 127 -1 -116 160 103]
[246 113 145 -276 243 626 -220 152 -165 -159 -53 -81 -75 -71 -159 329 -65 16 352 -204 48 -190 -275 21 -60 -134 -163 385 176 204 254 -139 -112 146 -28 18 205 -1 44 99 6 83 -136 211 -28 35 242 156 19 215 -7 -46 320 -303 -111 -78 31 -268 65 341 -106 63 -8 118 -24 115 -165 -237 -92 -201 -60 37 219 -31 11 -175 -227 -27 82 55 -258 108 229 -183 -215 62 -278 -10 -9 -103 -45 -60 -157 54 -202 -108 101 114 -118 370 -100 -133 59 -129 39 -223 -158 268 233 32 -180 141 175 -52 -129 -159 -78 -190 -445 214 194 -22 -54 106 -108 63 269 1 177 -288 -397 -168 6 183 54 139 -222 -198 113 35 8 98 68 126 73 85 190 -247 71 175 -62 63 252 -201 -197 -85 -33]
[176 -213 126 -248 49 -177 7 -102 -24 -181 107 377 -13 -14 0 331 -119 -48 -223 -63 9 222 103 157 59 255 143 -233 -38 221 -21 88 166 -238 -6 -73 57 -54 -297 -19 -62 14 -178 -10 98 32 -31 74 0 -195 -102 -79 93 245 28 -115 91 112 -68 89 2 -54 -9 -72 -148 -98 92 150 300 228 85 -345 -71 6 -202 -74 46 -117 -238 -179 51 -541 66 -91 142 -70 -329 197 3 33 -65 223 125 189 -90 -28 59 116 239 -158 8 53 -163 24 -53 -119 77 -288 -476 -117 174 210 -73 179 274 -26 -135 -457 120 197 -42 177 -13 -32 44 255 176 -183 244 84 375 52 49 -63 97 -229 266 32 -43 16 -61 -36 18 -84 -55 8 212 17 51 131 -66 26 -252 -36 67 -101 69]
[278 283 -100 300 -78 203 180 219 86 -219 -297 102 -27 -153 50 -87 51 -52 80 328 -72 -371 -383 -133 65 96 -155 178 270 -139 171 -202 -111 41 -76 77 149 -143 290 28 -186 177 3 173 38 -33 -71 169 280 15 177 109 323 168 -38 26 -112 -206 135 -94 184 115 95 23 -94 227 -97 -293 -163 140 -163 200 -240 -235 261 -293 -186 151 23 488 64 -89 190 360 22 -11 218 -176 -181 -238 128 -24 -328 205 -61 -50 -286 207 68 338 -7 -461 65 287 -2 146 212 287 -448 -102 -229 134 -392 -144 96 416 286 134 -97 55 -79 286 -149 308 -235 235 62 206 -86 -213 -78 -162 181 -311 -50 -171 -63 106 -236 -11 21 125 -7 -10 76 13 4 -243 43 -161 63 -103 118 -82 -262 -83 -62]
[133 -226 270 -281 283 -220 42 -64 -174 179 316 -110 -80 305 -69 -19 168 248 49 47 136 49 268 135 26 115 75 27 25 238 -58 237 168 87 -173 -33 -157 433 -321 -212 54 28 129 81 -102 -60 14 30 -160 -51 -99 -175 196 -253 208 117 -351 6 -85 62 117 183 123 275 -28 -4 -87 243 58 -180 268 -196 -83 83 -222 149 -21 -305 -145 -191 223 229 -154 97 -377 123 -222 193 109 -553 87 -27 354 79 -22 -1 -29 -45 -100 68 -340 104 63 -266 176 -129 -301 -353 378 69 -7 84 -120 195 -227 169 -234 24 -219 416 424 131 293 -246 -90 -57 173 102 179 230 -21 -179 275 477 145 -48 -192 -114 41 -13 -115 127 -321 -27 212 -122 93 44 56 16 -64 -76 -40 -73 23 188 -24]
[-215 213 -103 8 -135 -32 -354 242 30 -346 -15 386 65 47 107 92 -33 -187 -203 0 -68 55 -109 171 273 -282 -112 -100 -279 -116 -208 -18 -29 -225 -44 165 112 -521 -56 -152 -44 182 -151 -35 174 -363 95 -295 -93 73 246 202 -292 150 -203 341 228 280 -223 -115 -150 -1 -229 -184 103 -76 -88 38 257 181 121 54 31 -88 100 -152 -212 224 9 -41 -199 -135 213 -179 27 -98 111 140 134 228 -209 -349 85 -290 -247 329 26 40 -284 -139 211 -9 -126 15 -20 -166 178 -189 341 86 15 -137 125 -61 -90 -371 -161 -28 250 -165 3 -285 104 203 125 148 151 102 -94 -84 -155 300 1 -371 -53 -11 107 119 201 -51 150 -266 206 154 -319 -153 45 -7 20 150 225 -352 85 -115 25 -248 105]
[-176 -397 358 -32 11 -56 130 -63 7 -162 76 271 -132 20 131 -71 -96 -170 -109 -94 134 259 -285 143 275 64 8 -272 -190 201 -164 213 -24 16 27 -167 141 300 113 68 363 -55 181 -94 -29 -36 94 -27 -266 29 156 -67 211 -36 -226 336 42 150 -170 71 -8 375 -122 -31 133 54 116 -100 168 -22 19 111 91 -396 -100 64 -284 -398 25 -116 101 -255 24 -14 6 -167 -27 33 44 -6 -21 73 151 242 -2 90 11 -295 -354 26 -100 -59 308 -80 184 -40 -313 -15 163 212 -82 184 -242 -181 325 142 -206 94 -67 245 180 15 171 54 92 129 62 287 205 100 3 -320 -1 -28 212 -13 256 193 65 -118 -163 -137 23 85 6 -156 19 -108 -137 -74 -70 -136 -120 63 -146 111 -252]
[-337 -226 -282 -309 37 -68 123 -63 117 -96 -169 -326 49 -155 -94 -116 184 -164 -88 394 -14 217 328 220 -33 68 -20 93 -74 -164 -195 -16 -87 -1 151 221 27 -46 -41 0 125 200 -94 -54 154 -246 81 345 -118 7 98 -10 -90 50 -193 -312 -162 198 -221 14 234 268 24 -326 -51 145 -118 -317 -202 50 63 -77 154 -53 -215 263 -221 58 29 277 252 32 285 21 161 -83 -110 -61 -74 262 -370 185 148 -75 220 -290 55 0 -240 -146 114 -29 -122 -158 -126 63 -165 -200 -37 233 -33 153 35 -141 -41 -298 131 -213 -48 -201 -14 16 -35 140 270 -35 -363 334 -256 -142 121 30 -258 241 -127 -278 76 -60 0 -294 182 190 -170 -29 -300 271 -73 114 -19 -9 -8 188 -71 307 262 -89 -305]
[252 -121 -151 -293 141 90 -57 194 136 -198 -18 120 -24 150 -51 -153 105 -279 -234 243 -220 -58 -25 12 128 -125 -225 438 -29 -46 25 277 179 -13 -34 -179 112 -148 48 64 -68 -84 -191 87 70 -13 -92 222 -586 123 -53 192 222 42 125 178 -171 -128 -75 -151 86 131 21 64 -55 -41 197 -220 147 -7 101 213 52 -32 -12 -17 -182 -233 132 86 -250 -159 81 0 -60 -15 112 -273 20 24 -145 -204 16 -31 -109 309 -48 -91 108 -102 -90 -152 120 123 260 -264 0 -49 431 83 -205 -204 -95 -205 131 88 -118 127 -117 207 109 70 -100 52 -120 -343 -183 78 100 -485 5 -12 19 -287 87 -49 268 1 -29 -6 -68 -128 286 -31 -237 207 179 39 -168 78 68 -255 117 132 127 -49 -126]
[132 139 364 266 -151 -171 -159 -153 -199 -21 79 -4 -22 -19 318 135 222 68 -232 -185 9 -210 -299 183 -351 -19 -96 76 149 154 -196 -23 331 192 -184 -273 -103 -188 437 68 -58 448 -151 250 -58 -259 -115 260 38 19 -179 -1 33 -128 6 -191 3 -82 -17 -14 -144 4 -24 28 223 -119 303 -122 146 -391 -128 378 85 -43 102 -105 -85 141 -11 512 80 -89 -85 107 -74 -113 245 -24 77 -105 58 306 215 -103 -175 -13 89 -275 7 115 -246 -367 -1 248 6 191 182 292 92 -36 -33 -143 -73 -345 48 376 173 -30 -148 -119 140 -215 182 -36 75 36 -156 -32 181 -149 -335 32 15 -187 147 35 80 42 -400 -354 114 290 391 -198 29 16 -79 -129 -61 -164 -379 -90 274 158 0 -233 507]
[420 -89 -194 -46 104 -231 -158 78 -17 181 -202 28 10 196 183 0 -70 205 -73 -77 270 151 -101 -281 252 -69 12 -213 -63 -118 -300 167 -47 73 151 -383 -73 393 -151 2 86 -242 -16 -120 374 94 47 -115 166 -71 69 -100 -143 -18 -54 -101 112 1 21 244 -5 13 224 -172 -135 -14 -195 110 244 31 48 -314 19 -121 98 120 -20 -125 -78 -225 -77 39 -199 55 203 -234 -104 128 9 -261 -134 -35 -231 133 -49 71 107 84 -120 -86 -107 -225 -309 -377 183 -90 -33 -408 -68 -9 134 -50 119 163 90 -76 -267 379 -6 9 -130 -92 50 -99 140 84 122 -90 -78 155 5 -49 72 -70 -226 161 121 101 275 126 -30 -147 105 -77 296 -52 -381 -44 -45 -165 -87 202 -241 -201 -316 223 5]
[430 -35 63 -35 -140 263 204 118 -184 138 -254 -30 -124 -153 -105 168 256 78 -13 -146 -89 120 -153 -84 3 -60 -55 3 68 -67 164 143 9 -295 211 -227 -97 175 -237 -287 116 -224 -37 -255 110 81 -316 219 -48 -90 131 270 227 -95 -81 -343 -332 -299 232 -182 314 -16 -19 126 -79 86 -80 -38 -249 125 -210 -176 -140 4 -45 144 -260 86 -9 119 306 189 121 6 -78 -226 -200 163 71 -122 -183 -52 159 266 -97 -15 -39 46 181 -153 -149 -92 80 -34 8 77 31 175 -293 136 -26 -15 212 274 -125 88 -200 -415 99 -174 -347 42 -142 53 173 -174 -24 -161 -88 202 77 88 -383 -142 -130 189 99 -347 1 267 194 -128 73 -66 89 -266 -153 -142 -12 185 -46 146 -200 3 66 128 51]
[529 -130 -40 -535 -379 -33 -18 -168 29 42 -173 -134 69 17 -233 99 45 182 -6 -180 -102 163 -27 -45 -301 -240 -288 29 51 448 -59 391 85 3 -395 -234 -225 -93 93 -22 253 143 -225 142 160 277 -23 -2 135 -98 -136 -49 227 -113 84 -193 -99 -234 -26 213 288 -458 15 323 -133 34 40 21 -56 -494 206 55 293 -22 40 -127 208 -10 50 -37 -79 70 -121 46 -99 -185 173 179 109 -244 -204 -354 205 -15 -336 319 -49 -437 154 -118 -106 27 -128 -218 17 122 -286 -14 68 32 -26 -52 294 -226 -48 335 -1 -420 -64 69 222 49 -106 23 -37 -281 -47 -240 43 13 242 230 -47 293 -226 178 -7 -286 -170 1 183 300 525 -228 367 26 375 182 -158 331 -67 150 -18 188 -28 -168 419]
[574 -243 204 228 -294 -58 -389 -131 181 148 151 401 -57 -225 -43 -230 -106 112 -194 -77 -66 -340 274 388 153 -19 118 25 -57 136 -60 -200 24 -71 3 -380 -35 95 62 173 190 227 -145 57 185 -240 90 -485 68 164 15 53 39 108 8 267 48 -4 27 384 -78 -187 147 15 -115 -56 -187 109 120 -212 -34 -32 -145 153 347 -111 -68 138 136 13 79 144 -81 263 -383 238 29 138 366 -246 22 -117 82 47 -28 -119 -152 -124 -56 219 331 272 47 119 -71 -124 180 108 -396 -36 32 -89 -68 -148 -55 -184 36 85 -156 74 171 255 207 -52 306 62 311 -96 0 -6 -64 -120 135 209 52 173 39 -19 16 23 189 -59 -301 -252 23 -102 384 -109 154 54 -110 -61 117 -98 3 129 -95]
[239 -75 65 -66 112 120 -33 309 94 -125 304 126 -21 374 -5 -46 -93 156 236 -368 147 -146 -417 -134 -78 58 -198 -200 80 -109 233 -3 95 123 234 -331 -310 190 28 206 100 64 -5 210 225 -80 -173 -177 205 166 -219 36 298 -134 120 51 34 -198 288 67 175 335 31 -106 -209 24 -222 94 97 -69 22 -445 -331 -163 -182 151 -460 -249 14 17 -23 -63 -77 -66 269 13 167 142 -198 63 29 31 -225 304 -79 -157 -361 14 97 195 -182 -138 123 65 -247 -34 -11 187 -239 -77 -23 -32 -174 -38 37 59 77 139 13 78 157 -174 -126 -446 -175 210 391 326 136 -9 60 151 -90 -256 -544 -247 -28 63 -375 221 84 403 208 -193 194 -468 -48 -125 199 -73 -122 155 79 -17 -3 117 101]
[-5 91 -492 291 -229 -322 -222 -91 -176 156 -246 -74 57 -207 -187 166 130 12 -295 198 -294 173 0 172 256 -8 16 -62 -221 -104 -183 -182 -200 -251 96 -187 159 -23 -135 -21 80 -187 59 -167 221 242 -9 -34 208 103 303 175 -119 164 -206 -115 141 40 -222 249 -260 -72 -19 -135 76 201 159 -187 -174 131 -282 18 104 58 239 -166 -42 310 77 82 42 14 288 -184 278 -137 -287 -136 -290 289 -146 -7 50 146 80 157 -21 -56 -231 -190 -13 -122 96 1 51 18 115 -192 8 -9 -149 18 373 40 -178 -183 106 -72 117 -265 -262 54 -102 161 158 -104 -255 156 8 -205 71 -159 -55 -242 -132 141 -216 -135 42 -88 31 -272 -93 203 -230 211 -160 160 -316 -144 201 -111 188 108 -92 32 -257]
[360 -17 -211 619 304 181 -187 -200 -21 190 236 -78 -18 317 113 -49 -197 -255 -240 255 68 -107 210 13 97 -79 -148 391 -77 -62 -263 217 -65 -111 -207 -204 38 -60 183 -116 36 317 -128 380 149 66 -121 29 91 116 -135 -98 317 10 282 85 242 -190 -6 133 26 89 64 -58 -227 -250 17 61 105 -189 30 -101 -98 -64 229 34 -140 -284 61 -59 -337 -85 -77 -11 13 -110 169 -90 51 -99 273 -103 -230 -61 -77 218 -38 -62 40 62 32 -243 -109 305 -130 -8 258 25 410 266 427 49 -11 -108 135 -86 -69 119 -95 54 80 -252 3 -156 -42 -269 6 40 13 -294 -187 68 187 15 -300 -85 -345 38 -146 -262 -27 -48 -105 -138 -12 224 281 19 42 -97 87 98 -81 56 200 -45 60]
[479 31 -279 -335 -152 191 -370 208 -42 109 -59 -289 -28 -53 -222 180 -34 198 522 152 -138 -225 -167 4 26 -161 -295 164 63 106 243 -150 -71 -49 72 -52 -123 -61 81 151 356 -13 -457 -98 249 79 206 -281 223 2 -42 218 33 -61 225 64 -270 -401 -9 199 -212 -276 135 480 -127 61 -171 122 -25 -29 4 104 491 -235 -164 -308 -3 33 -108 209 88 -40 123 3 -117 100 164 34 -251 -113 -171 -293 -102 -56 50 274 -398 228 -183 -1 193 -156 211 -149 -3 -112 107 -50 268 -250 -257 -84 396 203 -253 -180 -307 8 -141 75 -99 82 20 33 -194 28 25 93 -170 -71 -156 5 292 -51 -179 86 -82 -27 208 -83 -119 -90 240 104 181 -33 68 119 190 227 50 -177 170 -118 -277 36 -2]
[275 -25 140 -204 -38 59 -107 290 -221 -23 -2 -417 296 8 113 -140 291 -154 -35 -258 -232 -8 53 -60 -130 251 -304 -95 323 -75 334 -51 -115 123 -24 -70 -260 -10 -70 56 -84 -87 -303 186 61 350 -55 303 -88 -74 -113 -36 -72 -265 280 -183 -233 32 49 -180 -13 254 35 -75 187 -101 111 -39 -59 -20 121 146 -150 -124 -53 135 102 119 2 -124 74 96 -31 76 -246 93 132 109 229 -249 -44 24 175 -211 63 78 100 93 124 -56 -22 157 139 41 -152 -171 -247 223 114 159 26 -39 309 173 88 -31 -20 44 -21 -57 -94 -221 147 131 53 -99 148 -35 21 161 -84 202 -195 -84 -17 64 -24 -140 -209 400 217 207 277 -139 124 -104 -132 -51 32 75 -325 -92 395 -11 134 -125 -19]
[-5 165 -126 -144 -144 -47 -115 -418 -5 211 -553 -24 82 -69 -344 78 -94 402 6 96 -40 -280 -172 -120 18 135 -31 137 236 346 -54 4 47 519 -265 34 0 -20 339 60 37 -236 -89 -63 -107 511 84 156 196 203 -77 72 272 239 -21 -232 229 52 -169 67 -256 -320 106 49 302 230 388 -39 -156 -67 -102 466 169 -7 175 -188 67 -72 156 166 78 -26 -90 90 165 91 161 -147 89 47 52 -23 -112 -46 102 196 -12 -272 -39 228 110 -91 -50 397 197 44 -71 207 -162 -20 -127 -58 4 -4 94 181 -60 171 54 302 95 48 175 47 -135 -156 -154 -57 -14 -187 -74 -391 -88 -155 196 148 -209 14 -179 131 27 -76 -40 14 16 264 -38 -440 -402 -103 33 -196 223 11 -75 -36 57]
[93 155 -89 250 -37 -9 -519 159 17 -201 105 -100 -108 -279 -2 -143 -260 -180 70 -137 1 -197 -349 -20 -105 47 95 -87 79 152 -64 46 122 6 19 -108 264 236 3 205 295 37 -365 -40 144 -37 292 -118 -79 47 166 84 -17 -122 90 -113 259 -140 -146 -187 -331 -76 -155 133 116 19 96 89 75 -18 -149 100 297 -96 131 33 -227 -60 87 -11 -106 -91 220 -136 -242 -298 171 282 160 89 -21 -96 190 -61 -273 299 -73 -31 -89 -198 223 293 -125 -4 -148 -115 -123 69 522 355 -163 84 53 90 294 -64 76 2 -117 -285 -138 -156 225 32 -59 406 199 -217 23 177 -360 79 62 -210 49 -15 139 -41 12 112 -246 77 -3 143 56 -145 42 74 156 190 24 -236 393 -271 -123 164 63]
[139 -77 88 -136 -20 72 66 -40 75 -334 -66 230 -71 -168 -182 50 271 -30 -34 71 -129 -202 77 30 72 36 -43 -22 430 151 -32 38 -17 -16 -107 -110 25 110 -218 -182 -200 -110 28 -16 -34 155 63 -56 -263 188 13 -11 175 31 177 -307 -355 67 -76 -122 286 -182 179 207 208 268 135 -178 120 -262 -69 14 -203 28 184 -103 163 51 163 -67 80 47 -395 54 -356 91 -230 -121 197 -213 11 181 289 25 -72 -52 -7 -96 -80 164 -168 177 97 168 163 -63 -225 263 -143 237 -69 -97 181 -29 -244 181 13 -248 5 251 105 345 110 57 -182 111 158 -69 99 202 -158 58 -37 22 -114 270 -8 -186 -185 387 187 -10 103 7 181 99 136 275 -175 256 -104 -51 -9 -149 166 -37 7]
[87 102 -74 -214 -263 -137 -125 5 79 -38 -32 40 232 -9 -335 73 -386 300 56 -219 -11 -95 10 -77 -218 -295 -76 28 192 191 -163 -108 79 286 -265 -48 -24 37 -35 111 209 -170 -250 -144 -43 187 187 59 60 29 68 -6 0 -114 -109 -56 261 -127 -158 257 84 -172 -72 345 -118 128 -127 -39 -46 -390 12 71 60 398 154 -91 188 -316 75 -39 51 142 9 63 86 -176 6 96 326 -17 21 23 12 -69 -86 43 0 -249 187 92 142 23 -301 -76 -14 5 -132 72 18 242 -62 77 3 160 173 54 6 -152 -230 -15 486 102 23 -70 267 2 58 -347 125 -87 34 85 -181 378 27 512 -62 -160 -164 105 -185 104 11 21 -13 -5 407 -22 177 197 16 296 126 -241 197 19 152]
[278 -275 18 -33 234 165 402 -205 471 -195 -19 53 70 -50 205 -208 71 -334 -87 221 156 -66 43 117 170 -37 302 -219 134 283 -104 -119 -333 -231 -94 36 146 70 174 -233 -243 29 -55 93 -190 -125 17 -40 -191 -109 343 53 497 -33 42 -209 -187 -41 29 -99 281 -96 59 -307 28 51 -132 61 59 132 157 91 -32 -120 145 127 -23 -56 118 -5 -52 -57 -271 462 20 21 -318 25 107 15 225 181 20 152 -127 116 57 -8 314 -61 304 64 -374 170 88 119 -16 -192 -252 71 157 181 18 -40 149 274 -19 59 -507 288 -227 173 13 -162 -17 78 -137 -169 125 52 282 -140 27 275 -51 -399 -48 70 75 -348 231 -3 -429 -190 197 249 -49 79 -142 -223 431 232 -223 -131 87 -79 -308]
[71 40 -24 105 -198 319 -233 177 -207 -132 171 -343 -87 -201 57 44 -409 -239 468 -78 302 -382 -231 -153 -136 107 -165 -56 48 -68 22 -107 -331 286 224 163 -157 -123 -37 -432 134 241 -211 52 -40 -367 213 -291 484 -15 -116 -213 -128 265 -276 147 247 -248 24 310 -82 -13 184 -167 -184 4 -230 -19 80 -5 -53 338 134 -4 202 47 371 -144 99 -87 191 70 -153 -124 -26 -71 -107 224 50 -94 13 -175 -267 189 -234 -126 -56 -74 -133 -197 366 -89 -129 -271 -109 -52 -5 67 91 -77 -164 323 171 38 -55 -199 119 -66 -191 -207 -45 -131 -248 442 -177 332 28 -337 11 327 -72 -238 261 -186 20 36 101 222 -6 171 -30 -84 255 -167 272 -276 171 21 33 76 101 381 -49 -421 -358 303 68]
[118 -144 -112 -221 37 70 -127 279 93 167 -73 -145 164 201 -116 53 115 53 -165 88 109 -280 -157 -213 199 -411 -80 532 87 -231 -265 -166 -42 132 426 -28 -197 -98 -183 -73 -173 -27 -154 -130 197 -153 -233 114 52 232 -84 125 -166 173 160 -71 149 35 27 198 15 99 139 -46 -326 -115 -59 267 -235 126 53 -51 -52 361 97 -83 -23 8 200 -327 -19 390 -140 -246 -115 35 -186 -196 -15 138 -225 -188 -258 -180 -3 31 45 103 13 -44 -50 -57 42 51 -132 -468 80 -49 210 -59 146 -257 2 58 -340 -500 -223 195 4 -270 100 -223 -41 -8 191 -166 175 -229 20 -160 26 221 6 -428 -15 262 -79 175 290 402 124 -236 -114 -98 -302 -115 1 -240 -173 122 138 192 72 -133 40 240 -45]
[-163 -16 -114 -213 -43 -171 118 0 15 -277 87 68 -146 -250 133 184 88 -180 -165 -12 -335 147 -296 218 312 -42 182 87 61 -133 99 -82 373 -325 -38 -114 197 -456 -119 -150 106 98 -183 65 37 -21 -346 167 -127 -250 134 126 94 -302 13 114 -59 -9 -8 -265 -25 189 -73 -307 158 -134 203 -201 137 191 216 200 84 -69 -138 -149 -198 109 -156 324 -41 -158 386 66 316 62 86 142 -127 -42 -285 -124 290 108 -291 198 -288 -103 134 -176 -148 -102 61 446 75 50 -49 -100 334 -54 -259 -71 155 -15 -145 293 -88 27 -6 109 4 -16 -210 -123 -48 -245 10 228 0 -146 -351 -35 -302 -62 165 -47 93 -15 -13 -171 -7 -45 180 -27 -64 -124 200 -184 -2 -118 12 -96 -91 106 275 16 123]
[-171 49 2 -121 31 -222 146 70 138 -38 14 75 -218 -50 -279 -239 336 -9 57 49 -98 -157 -10 222 -129 109 8 -68 351 61 226 -226 178 211 -170 -194 -176 336 -56 39 64 277 -62 -73 -94 -152 -9 73 -83 12 -177 58 230 118 42 -59 -95 -29 214 78 -40 274 120 -84 -116 21 24 -115 205 -31 230 -16 -121 61 -431 157 -92 -65 122 28 -166 -152 -128 20 -153 66 210 58 -78 -131 169 9 47 284 -194 42 -112 -159 -44 365 -126 110 -220 359 51 -36 -70 19 168 -63 -228 -48 -247 -401 104 529 208 156 -143 242 209 120 210 -147 -29 -127 92 101 -191 -166 -234 -54 39 -157 176 -61 -24 24 -149 91 -105 165 -79 -193 -127 104 -169 -240 183 194 -278 -137 -175 213 -40 178 -245]
[-43 -96 0 -121 -203 -397 -669 -153 358 -130 -144 146 -126 140 78 -141 -274 224 -56 215 11 -164 -163 372 335 -251 101 43 -44 380 6 -343 -42 131 -7 103 341 -122 46 295 80 77 -349 237 -63 -27 179 -222 34 172 -100 -46 231 190 -331 -179 238 36 -525 159 -189 -9 18 -206 282 57 386 296 7 -135 103 1 226 -25 110 -182 -280 123 -101 214 38 -45 315 67 -67 -87 -158 155 -6 175 -312 63 104 -176 -124 -100 -94 23 60 88 22 189 -84 30 -178 54 162 -62 -231 75 -192 -31 344 279 -85 -161 -82 118 0 -54 91 189 134 92 90 240 130 115 145 3 -258 2 -167 85 133 -19 -261 -95 -348 -134 37 178 -151 -217 -99 -70 257 -228 -52 -120 -122 -217 329 -52 125 -39 -148]
[39 -61 208 119 49 12 -292 52 -31 -252 184 254 257 35 95 169 76 60 57 133 399 -96 -239 79 129 -255 220 -105 288 216 3 -511 -20 -100 255 154 41 -49 0 -224 -418 207 47 209 -27 -406 66 67 45 49 -23 -149 -39 -42 -67 -520 -63 -6 166 -19 190 147 56 -194 -1 14 25 58 29 -138 -22 -95 33 308 -8 -143 89 178 -82 -114 128 242 -155 30 -72 -121 -354 -30 -50 100 -222 255 -57 -59 171 -389 -157 -93 -53 59 15 100 -193 -34 3 59 135 -124 -383 -135 66 -67 -147 -17 -165 -190 48 -28 -206 -191 51 -28 219 23 199 498 -119 120 293 180 -70 -36 -99 155 -144 -215 -29 109 -19 -192 -38 -142 -310 -246 -134 -348 45 -232 -106 -272 -66 52 -57 -184 128 358 128]
[96 -475 -166 70 147 57 -12 85 139 291 22 378 -98 201 362 -22 -35 -264 -428 146 320 54 138 -71 336 -470 -82 -270 -249 -157 -178 -99 -122 -338 -77 -117 158 -149 -110 -225 -175 -233 -125 -172 -60 -67 175 -52 -111 -8 162 109 -94 365 -396 321 -55 -52 -114 9 -38 -117 -29 -158 39 15 5 16 -8 342 -105 -26 -6 199 130 44 119 -174 -137 -241 -230 106 82 110 -25 -229 -478 -127 142 -57 147 -64 -224 236 -158 -42 -12 181 97 -91 -201 -131 225 -368 58 245 159 -136 -385 134 229 126 26 -176 9 -396 -336 -70 155 39 -334 203 63 176 352 -31 -100 40 -152 -37 -156 -151 -3 125 -233 151 72 208 160 -130 135 -114 -186 -54 36 209 138 -26 207 63 27 373 -289 -20 204 -139 -125]
[-135 151 -403 -61 -198 115 -208 10 -52 38 -15 -241 98 38 70 -194 -14 -36 273 -239 34 33 -59 -4 -105 1 -124 81 15 -206 36 93 55 114 108 233 35 26 21 17 76 43 49 29 2 -195 -247 -84 263 -107 -287 -84 106 -132 81 -109 -85 44 -113 -216 65 134 -20 -45 66 -170 -44 172 -10 -164 96 44 -1 -92 -71 28 -77 155 96 250 -81 -26 137 -20 187 -26 179 69 -181 53 15 74 -202 -155 72 -122 -174 242 236 38 88 -134 -288 -55 -141 58 223 7 152 -312 -94 229 -33 248 4 134 72 341 25 -250 63 -166 -176 -114 -243 362 212 81 -77 40 96 92 104 -22 -206 -242 -209 -6 -19 83 -49 185 350 122 240 -102 80 61 128 -331 105 4 -39 -203 -27 -8 33]
[-174 12 -153 159 -506 -88 112 -124 -102 -26 -131 -203 147 -288 98 338 76 -6 -98 -101 -228 150 223 185 -227 67 70 -33 -179 128 334 -248 -18 -206 -63 318 48 -368 136 -74 -37 276 -209 -1 -17 -5 26 349 134 -100 -65 -9 -142 202 -241 -108 -100 -259 -69 177 -162 -79 46 141 274 -29 259 135 -228 210 -109 153 52 129 -114 -279 70 348 18 253 249 -7 328 199 -28 71 -229 3 -202 -36 39 166 160 87 -28 -174 -73 266 80 13 179 69 48 97 -191 134 256 28 -604 -243 -126 213 273 187 36 113 317 -268 28 -241 -113 177 -259 353 244 256 -177 20 173 90 187 -10 -33 98 339 113 104 121 -105 -130 136 49 67 119 74 -3 293 -49 382 -51 -267 -88 430 -2 -24 -238 26]
[-134 -49 -256 -173 196 11 -132 127 146 -249 48 -8 -300 118 172 -105 -224 12 9 127 106 4 -298 143 83 29 220 -36 -71 51 -168 397 95 238 180 114 53 132 5 22 143 -75 204 -220 -103 -3 -178 -131 -197 -381 121 -20 228 -113 -285 -76 31 65 34 -201 267 132 138 40 -114 -89 138 -58 320 -49 68 34 -8 -279 127 -211 -196 -95 -262 133 -97 -135 213 -80 61 -185 181 69 -359 281 -206 132 -17 251 -323 35 218 8 22 21 -144 -128 106 -389 20 23 -31 -47 -246 54 -202 204 -57 -151 135 127 -104 261 -279 -31 64 156 -190 56 -37 229 102 69 160 1 -18 -228 -93 326 13 -198 -22 -150 -326 10 -243 -117 267 -107 119 -151 -184 62 -211 -83 191 -132 -346 -66 -58 178 -71]
[1 95 131 321 -56 259 -59 -175 151 -149 -39 -9 92 251 36 136 -353 152 -37 72 184 -306 -226 -30 -14 -151 282 292 149 20 -36 27 38 258 -26 177 -96 -96 156 278 -95 314 -2 121 8 -110 184 -166 -365 338 -77 124 -55 100 322 -149 160 -80 134 -120 -28 -107 152 -15 -79 -210 -80 62 217 -259 -82 -133 115 82 186 -46 -338 15 266 84 -58 -99 -110 -220 -124 185 513 -347 -22 356 -120 249 -242 -252 67 -22 150 165 114 112 177 334 -134 191 -194 -211 366 189 -76 -70 42 -231 -139 146 -64 -274 -35 292 152 -190 96 -144 41 8 132 301 146 107 55 -205 -4 158 26 -289 -168 171 60 -226 41 217 119 70 -3 62 -68 -43 59 -104 169 17 -190 -283 133 -229 64 102 -20]
[15 171 -66 247 -225 -113 -90 -132 -79 -290 -148 -308 56 -115 -228 65 -137 -84 430 55 81 21 -457 -290 119 134 -132 70 215 34 -182 -236 -332 29 253 -5 -2 71 -52 -78 183 36 -35 71 304 305 -149 103 441 -185 165 -197 -82 -21 228 -381 167 -191 -92 34 -187 -40 -91 -83 -119 -133 97 -145 -206 290 -155 1 105 -223 101 -97 23 84 76 -111 163 -88 182 -186 -67 -364 57 60 -181 264 -141 -190 -60 -126 200 12 -52 223 27 -77 310 -288 -40 1 -123 27 -76 -27 303 114 -161 -106 184 347 120 -35 296 -100 172 -459 -307 77 -127 -11 -279 134 -65 -140 0 -67 1 138 37 -468 151 16 -229 74 193 253 -248 -251 28 17 -122 27 -271 187 -160 140 183 75 182 -48 -178 181 -141]
[-510 -252 306 -205 58 -67 178 91 147 58 122 115 -139 13 -107 -233 -56 -120 93 -88 -17 98 -58 275 116 -198 -114 50 -254 -128 -381 -181 71 110 -37 -149 172 71 121 83 271 -72 1 -94 -16 -279 148 -117 -99 10 190 -194 -4 63 -195 165 92 47 -128 201 13 69 -97 -190 82 107 -30 -307 -26 -180 -21 84 153 29 54 139 -79 14 130 165 -56 -63 140 -370 189 -6 -60 -66 154 370 14 25 15 -127 111 -384 -114 -81 -120 -155 60 -204 54 -135 -38 49 13 -195 261 288 -112 -44 -142 -275 89 -186 33 229 -142 -233 39 -22 -118 -108 170 -88 -266 288 -88 -282 -56 -39 -99 -22 58 -31 -124 49 29 -243 -146 -47 16 3 -207 63 -113 68 -17 -68 -5 156 -53 173 -55 -76 -296]
[60 -20 -393 34 51 -34 -156 113 -212 208 196 109 14 234 -93 -228 304 -122 -242 119 17 -116 166 -58 21 13 -25 -4 -116 -437 -104 -124 -40 -172 141 -222 -117 13 -86 63 14 -53 -114 -80 120 -23 -220 -65 248 -38 -108 -165 -247 44 20 115 50 184 -278 357 -106 213 64 -188 -264 -232 46 -5 69 152 38 -213 -191 162 -18 175 289 -92 231 -110 -110 -55 53 -135 272 -8 -326 6 122 98 201 51 -194 24 140 -205 16 301 184 -167 -144 -298 -142 -24 169 24 127 -117 -38 -259 270 -45 95 -52 -142 58 -28 -174 114 -196 57 -138 -19 164 -109 -127 -118 -179 -199 -259 269 90 275 -101 -151 -77 -229 211 -19 35 272 -54 55 80 -133 355 -2 366 -131 -122 -26 420 -162 287 -9 -49 -30]]