42
163
1777
0.015
[[-23 -39 -14 1 -47 6 9 56 -47 5 -13 30 9 24 27 42 -13 23 31 2 33 16 17 75 14 -1 -20 6 20 -27 -20 -4 -16 48 -2 -19 -10 -21 -9 -15 11 -1 -1 14 2 -9 11 -5 15 -40 -19 60 -20 25 -74 -17 -50 -8 7 -1 11 -21 9 1 1 -2 -21 -48 31 -23 -27 -21 -37 4 1 3 -6 -6 26 -48 -7 -22 6 19 -47 64 34 11 26 -36 10 -2 11 -18 23 45 -22 -16 1 12 -14 -3 -5 58 48 -9 -14 -33 -25 5 -45 -34 -49 35 -21 11 -44 -42 -52 10 71 52 29 -2 -20 -31 -8 -20 -5 16 41 -11 19 6 -3 26 -4 -21 -41 -16 12 -17 -53 11 51 -3 -30 -3 -45 -8 0 12 5 -13 11 38 31 1 -26 -6 19 -30 -13 -1]
[23 39 14 -1 47 -6 -9 -56 47 -5 13 -30 -9 -24 -27 -42 13 -23 -31 -2 -33 -16 -17 1702 -14 1 20 -6 -20 27 20 4 16 -48 2 19 10 21 9 15 -11 1 1 -14 -2 9 -11 5 -15 40 19 -60 20 -25 74 17 50 8 -7 1 -11 21 -9 -1 -1 2 21 48 -31 23 27 21 37 -4 -1 -3 6 6 -26 48 7 22 -6 -19 47 -64 -34 -11 -26 36 -10 2 -11 18 -23 -45 22 16 -1 -12 14 3 5 -58 -48 9 14 33 25 -5 45 34 49 -35 21 -11 44 42 52 -10 -71 -52 -29 2 20 31 8 20 5 -16 -41 11 -19 -6 3 -26 4 21 41 16 -12 17 53 -11 -51 3 30 3 45 8 0 -12 -5 13 -11 -38 -31 -1 26 6 -19 30 13 1]
[1777 0 0 0 0 0 0 0 0 0 0 0 0 0 0 0 0 0 0 0 0 0 0 0 0 0 0 0 0 0 0 0 0 0 0 0 0 0 0 0 0 0 0 0 0 0 0 0 0 0 0 0 0 0 0 0 0 0 0 0 0 0 0 0 0 0 0 0 0 0 0 0 0 0 0 0 0 0 0 0 0 0 0 0 0 0 0 0 0 0 0 0 0 0 0 0 0 0 0 0 0 0 0 0 0 0 0 0 0 0 0 0 0 0 0 0 0 0 0 0 0 0 0 0 0 0 0 0 0 0 0 0 0 0 0 0 0 0 0 0 0 0 0 0 0 0 0 0 0 0 0 0 0 0 0 0 0 0 0 0 0 0 0 0]
[-23 1738 -14 1 -47 6 9 56 -47 5 -13 30 9 24 27 42 -13 23 31 2 33 16 17 75 14 -1 -20 6 20 -27 -20 -4 -16 48 -2 -19 -10 -21 -9 -15 11 -1 -1 14 2 -9 11 -5 15 -40 -19 60 -20 25 -74 -17 -50 -8 7 -1 11 -21 9 1 1 -2 -21 -48 31 -23 -27 -21 -37 4 1 3 -6 -6 26 -48 -7 -22 6 19 -47 64 34 11 26 -36 10 -2 11 -18 23 45 -22 -16 1 12 -14 -3 -5 58 48 -9 -14 -33 -25 5 -45 -34 -49 35 -21 11 -44 -42 -52 10 71 52 29 -2 -20 -31 -8 -20 -5 16 41 -11 19 6 -3 26 -4 -21 -41 -16 12 -17 -53 11 51 -3 -30 -3 -45 -8 0 12 5 -13 11 38 31 1 -26 -6 19 -30 -13 -1]
[-23 -39 -14 1 1730 6 9 56 -47 5 -13 30 9 24 27 42 -13 23 31 2 33 16 17 75 14 -1 -20 6 20 -27 -20 -4 -16 48 -2 -19 -10 -21 -9 -15 11 -1 -1 14 2 -9 11 -5 15 -40 -19 60 -20 25 -74 -17 -50 -8 7 -1 11 -21 9 1 1 -2 -21 -48 31 -23 -27 -21 -37 4 1 3 -6 -6 26 -48 -7 -22 6 19 -47 64 34 11 26 -36 10 -2 11 -18 23 45 -22 -16 1 12 -14 -3 -5 58 48 -9 -14 -33 -25 5 -45 -34 -49 35 -21 11 -44 -42 -52 10 71 52 29 -2 -20 -31 -8 -20 -5 16 41 -11 19 6 -3 26 -4 -21 -41 -16 12 -17 -53 11 51 -3 -30 -3 -45 -8 0 12 5 -13 11 38 31 1 -26 -6 19 -30 -13 -1]
[23 39 14 -1 47 -6 -9 1721 47 -5 13 -30 -9 -24 -27 -42 13 -23 -31 -2 -33 -16 -17 -75 -14 1 20 -6 -20 27 20 4 16 -48 2 19 10 21 9 15 -11 1 1 -14 -2 9 -11 5 -15 40 19 -60 20 -25 74 17 50 8 -7 1 -11 21 -9 -1 -1 2 21 48 -31 23 27 21 37 -4 -1 -3 6 6 -26 48 7 22 -6 -19 47 -64 -34 -11 -26 36 -10 2 -11 18 -23 -45 22 16 -1 -12 14 3 5 -58 -48 9 14 33 25 -5 45 34 49 -35 21 -11 44 42 52 -10 -71 -52 -29 2 20 31 8 20 5 -16 -41 11 -19 -6 3 -26 4 21 41 16 -12 17 53 -11 -51 3 30 3 45 8 0 -12 -5 13 -11 -38 -31 -1 26 6 -19 30 13 1]
[-23 -39 -14 1 -47 6 9 56 1730 5 -13 30 9 24 27 42 -13 23 31 2 33 16 17 75 14 -1 -20 6 20 -27 -20 -4 -16 48 -2 -19 -10 -21 -9 -15 11 -1 -1 14 2 -9 11 -5 15 -40 -19 60 -20 25 -74 -17 -50 -8 7 -1 11 -21 9 1 1 -2 -21 -48 31 -23 -27 -21 -37 4 1 3 -6 -6 26 -48 -7 -22 6 19 -47 64 34 11 26 -36 10 -2 11 -18 23 45 -22 -16 1 12 -14 -3 -5 58 48 -9 -14 -33 -25 5 -45 -34 -49 35 -21 11 -44 -42 -52 10 71 52 29 -2 -20 -31 -8 -20 -5 16 41 -11 19 6 -3 26 -4 -21 -41 -16 12 -17 -53 11 51 -3 -30 -3 -45 -8 0 12 5 -13 11 38 31 1 -26 -6 19 -30 -13 -1]
[0 0 1777 0 0 0 0 0 0 0 0 0 0 0 0 0 0 0 0 0 0 0 0 0 0 0 0 0 0 0 0 0 0 0 0 0 0 0 0 0 0 0 0 0 0 0 0 0 0 0 0 0 0 0 0 0 0 0 0 0 0 0 0 0 0 0 0 0 0 0 0 0 0 0 0 0 0 0 0 0 0 0 0 0 0 0 0 0 0 0 0 0 0 0 0 0 0 0 0 0 0 0 0 0 0 0 0 0 0 0 0 0 0 0 0 0 0 0 0 0 0 0 0 0 0 0 0 0 0 0 0 0 0 0 0 0 0 0 0 0 0 0 0 0 0 0 0 0 0 0 0 0 0 0 0 0 0 0 0 0 0 0 0 0]
[0 0 0 1777 0 0 0 0 0 0 0 0 0 0 0 0 0 0 0 0 0 0 0 0 0 0 0 0 0 0 0 0 0 0 0 0 0 0 0 0 0 0 0 0 0 0 0 0 0 0 0 0 0 0 0 0 0 0 0 0 0 0 0 0 0 0 0 0 0 0 0 0 0 0 0 0 0 0 0 0 0 0 0 0 0 0 0 0 0 0 0 0 0 0 0 0 0 0 0 0 0 0 0 0 0 0 0 0 0 0 0 0 0 0 0 0 0 0 0 0 0 0 0 0 0 0 0 0 0 0 0 0 0 0 0 0 0 0 0 0 0 0 0 0 0 0 0 0 0 0 0 0 0 0 0 0 0 0 0 0 0 0 0 0]
[0 0 0 0 0 1777 0 0 0 0 0 0 0 0 0 0 0 0 0 0 0 0 0 0 0 0 0 0 0 0 0 0 0 0 0 0 0 0 0 0 0 0 0 0 0 0 0 0 0 0 0 0 0 0 0 0 0 0 0 0 0 0 0 0 0 0 0 0 0 0 0 0 0 0 0 0 0 0 0 0 0 0 0 0 0 0 0 0 0 0 0 0 0 0 0 0 0 0 0 0 0 0 0 0 0 0 0 0 0 0 0 0 0 0 0 0 0 0 0 0 0 0 0 0 0 0 0 0 0 0 0 0 0 0 0 0 0 0 0 0 0 0 0 0 0 0 0 0 0 0 0 0 0 0 0 0 0 0 0 0 0 0 0 0]
[0 0 0 0 0 0 1777 0 0 0 0 0 0 0 0 0 0 0 0 0 0 0 0 0 0 0 0 0 0 0 0 0 0 0 0 0 0 0 0 0 0 0 0 0 0 0 0 0 0 0 0 0 0 0 0 0 0 0 0 0 0 0 0 0 0 0 0 0 0 0 0 0 0 0 0 0 0 0 0 0 0 0 0 0 0 0 0 0 0 0 0 0 0 0 0 0 0 0 0 0 0 0 0 0 0 0 0 0 0 0 0 0 0 0 0 0 0 0 0 0 0 0 0 0 0 0 0 0 0 0 0 0 0 0 0 0 0 0 0 0 0 0 0 0 0 0 0 0 0 0 0 0 0 0 0 0 0 0 0 0 0 0 0 0]
[0 0 0 0 0 0 0 0 0 1777 0 0 0 0 0 0 0 0 0 0 0 0 0 0 0 0 0 0 0 0 0 0 0 0 0 0 0 0 0 0 0 0 0 0 0 0 0 0 0 0 0 0 0 0 0 0 0 0 0 0 0 0 0 0 0 0 0 0 0 0 0 0 0 0 0 0 0 0 0 0 0 0 0 0 0 0 0 0 0 0 0 0 0 0 0 0 0 0 0 0 0 0 0 0 0 0 0 0 0 0 0 0 0 0 0 0 0 0 0 0 0 0 0 0 0 0 0 0 0 0 0 0 0 0 0 0 0 0 0 0 0 0 0 0 0 0 0 0 0 0 0 0 0 0 0 0 0 0 0 0 0 0 0 0]
[0 0 0 0 0 0 0 0 0 0 1777 0 0 0 0 0 0 0 0 0 0 0 0 0 0 0 0 0 0 0 0 0 0 0 0 0 0 0 0 0 0 0 0 0 0 0 0 0 0 0 0 0 0 0 0 0 0 0 0 0 0 0 0 0 0 0 0 0 0 0 0 0 0 0 0 0 0 0 0 0 0 0 0 0 0 0 0 0 0 0 0 0 0 0 0 0 0 0 0 0 0 0 0 0 0 0 0 0 0 0 0 0 0 0 0 0 0 0 0 0 0 0 0 0 0 0 0 0 0 0 0 0 0 0 0 0 0 0 0 0 0 0 0 0 0 0 0 0 0 0 0 0 0 0 0 0 0 0 0 0 0 0 0 0]
[0 0 0 0 0 0 0 0 0 0 0 1777 0 0 0 0 0 0 0 0 0 0 0 0 0 0 0 0 0 0 0 0 0 0 0 0 0 0 0 0 0 0 0 0 0 0 0 0 0 0 0 0 0 0 0 0 0 0 0 0 0 0 0 0 0 0 0 0 0 0 0 0 0 0 0 0 0 0 0 0 0 0 0 0 0 0 0 0 0 0 0 0 0 0 0 0 0 0 0 0 0 0 0 0 0 0 0 0 0 0 0 0 0 0 0 0 0 0 0 0 0 0 0 0 0 0 0 0 0 0 0 0 0 0 0 0 0 0 0 0 0 0 0 0 0 0 0 0 0 0 0 0 0 0 0 0 0 0 0 0 0 0 0 0]
[23 39 14 -1 47 -6 -9 -56 47 -5 13 -30 -9 -24 -27 1735 13 -23 -31 -2 -33 -16 -17 -75 -14 1 20 -6 -20 27 20 4 16 -48 2 19 10 21 9 15 -11 1 1 -14 -2 9 -11 5 -15 40 19 -60 20 -25 74 17 50 8 -7 1 -11 21 -9 -1 -1 2 21 48 -31 23 27 21 37 -4 -1 -3 6 6 -26 48 7 22 -6 -19 47 -64 -34 -11 -26 36 -10 2 -11 18 -23 -45 22 16 -1 -12 14 3 5 -58 -48 9 14 33 25 -5 45 34 49 -35 21 -11 44 42 52 -10 -71 -52 -29 2 20 31 8 20 5 -16 -41 11 -19 -6 3 -26 4 21 41 16 -12 17 53 -11 -51 3 30 3 45 8 0 -12 -5 13 -11 -38 -31 -1 26 6 -19 30 13 1]
[23 39 14 -1 47 -6 -9 -56 47 -5 13 -30 -9 -24 -27 -42 13 -23 -31 -2 -33 -16 -17 -75 -14 1 20 -6 -20 27 20 4 16 1729 2 19 10 21 9 15 -11 1 1 -14 -2 9 -11 5 -15 40 19 -60 20 -25 74 17 50 8 -7 1 -11 21 -9 -1 -1 2 21 48 -31 23 27 21 37 -4 -1 -3 6 6 -26 48 7 22 -6 -19 47 -64 -34 -11 -26 36 -10 2 -11 18 -23 -45 22 16 -1 -12 14 3 5 -58 -48 9 14 33 25 -5 45 34 49 -35 21 -11 44 42 52 -10 -71 -52 -29 2 20 31 8 20 5 -16 -41 11 -19 -6 3 -26 4 21 41 16 -12 17 53 -11 -51 3 30 3 45 8 0 -12 -5 13 -11 -38 -31 -1 26 6 -19 30 13 1]
[0 0 0 0 0 0 0 0 0 0 0 0 1777 0 0 0 0 0 0 0 0 0 0 0 0 0 0 0 0 0 0 0 0 0 0 0 0 0 0 0 0 0 0 0 0 0 0 0 0 0 0 0 0 0 0 0 0 0 0 0 0 0 0 0 0 0 0 0 0 0 0 0 0 0 0 0 0 0 0 0 0 0 0 0 0 0 0 0 0 0 0 0 0 0 0 0 0 0 0 0 0 0 0 0 0 0 0 0 0 0 0 0 0 0 0 0 0 0 0 0 0 0 0 0 0 0 0 0 0 0 0 0 0 0 0 0 0 0 0 0 0 0 0 0 0 0 0 0 0 0 0 0 0 0 0 0 0 0 0 0 0 0 0 0]
[0 0 0 0 0 0 0 0 0 0 0 0 0 1777 0 0 0 0 0 0 0 0 0 0 0 0 0 0 0 0 0 0 0 0 0 0 0 0 0 0 0 0 0 0 0 0 0 0 0 0 0 0 0 0 0 0 0 0 0 0 0 0 0 0 0 0 0 0 0 0 0 0 0 0 0 0 0 0 0 0 0 0 0 0 0 0 0 0 0 0 0 0 0 0 0 0 0 0 0 0 0 0 0 0 0 0 0 0 0 0 0 0 0 0 0 0 0 0 0 0 0 0 0 0 0 0 0 0 0 0 0 0 0 0 0 0 0 0 0 0 0 0 0 0 0 0 0 0 0 0 0 0 0 0 0 0 0 0 0 0 0 0 0 0]
[0 0 0 0 0 0 0 0 0 0 0 0 0 0 1777 0 0 0 0 0 0 0 0 0 0 0 0 0 0 0 0 0 0 0 0 0 0 0 0 0 0 0 0 0 0 0 0 0 0 0 0 0 0 0 0 0 0 0 0 0 0 0 0 0 0 0 0 0 0 0 0 0 0 0 0 0 0 0 0 0 0 0 0 0 0 0 0 0 0 0 0 0 0 0 0 0 0 0 0 0 0 0 0 0 0 0 0 0 0 0 0 0 0 0 0 0 0 0 0 0 0 0 0 0 0 0 0 0 0 0 0 0 0 0 0 0 0 0 0 0 0 0 0 0 0 0 0 0 0 0 0 0 0 0 0 0 0 0 0 0 0 0 0 0]
[0 0 0 0 0 0 0 0 0 0 0 0 0 0 0 0 1777 0 0 0 0 0 0 0 0 0 0 0 0 0 0 0 0 0 0 0 0 0 0 0 0 0 0 0 0 0 0 0 0 0 0 0 0 0 0 0 0 0 0 0 0 0 0 0 0 0 0 0 0 0 0 0 0 0 0 0 0 0 0 0 0 0 0 0 0 0 0 0 0 0 0 0 0 0 0 0 0 0 0 0 0 0 0 0 0 0 0 0 0 0 0 0 0 0 0 0 0 0 0 0 0 0 0 0 0 0 0 0 0 0 0 0 0 0 0 0 0 0 0 0 0 0 0 0 0 0 0 0 0 0 0 0 0 0 0 0 0 0 0 0 0 0 0 0]
[0 0 0 0 0 0 0 0 0 0 0 0 0 0 0 0 0 1777 0 0 0 0 0 0 0 0 0 0 0 0 0 0 0 0 0 0 0 0 0 0 0 0 0 0 0 0 0 0 0 0 0 0 0 0 0 0 0 0 0 0 0 0 0 0 0 0 0 0 0 0 0 0 0 0 0 0 0 0 0 0 0 0 0 0 0 0 0 0 0 0 0 0 0 0 0 0 0 0 0 0 0 0 0 0 0 0 0 0 0 0 0 0 0 0 0 0 0 0 0 0 0 0 0 0 0 0 0 0 0 0 0 0 0 0 0 0 0 0 0 0 0 0 0 0 0 0 0 0 0 0 0 0 0 0 0 0 0 0 0 0 0 0 0 0]
[0 0 0 0 0 0 0 0 0 0 0 0 0 0 0 0 0 0 1777 0 0 0 0 0 0 0 0 0 0 0 0 0 0 0 0 0 0 0 0 0 0 0 0 0 0 0 0 0 0 0 0 0 0 0 0 0 0 0 0 0 0 0 0 0 0 0 0 0 0 0 0 0 0 0 0 0 0 0 0 0 0 0 0 0 0 0 0 0 0 0 0 0 0 0 0 0 0 0 0 0 0 0 0 0 0 0 0 0 0 0 0 0 0 0 0 0 0 0 0 0 0 0 0 0 0 0 0 0 0 0 0 0 0 0 0 0 0 0 0 0 0 0 0 0 0 0 0 0 0 0 0 0 0 0 0 0 0 0 0 0 0 0 0 0]
[0 0 0 0 0 0 0 0 0 0 0 0 0 0 0 0 0 0 0 0 1777 0 0 0 0 0 0 0 0 0 0 0 0 0 0 0 0 0 0 0 0 0 0 0 0 0 0 0 0 0 0 0 0 0 0 0 0 0 0 0 0 0 0 0 0 0 0 0 0 0 0 0 0 0 0 0 0 0 0 0 0 0 0 0 0 0 0 0 0 0 0 0 0 0 0 0 0 0 0 0 0 0 0 0 0 0 0 0 0 0 0 0 0 0 0 0 0 0 0 0 0 0 0 0 0 0 0 0 0 0 0 0 0 0 0 0 0 0 0 0 0 0 0 0 0 0 0 0 0 0 0 0 0 0 0 0 0 0 0 0 0 0 0 0]
[0 0 0 0 0 0 0 0 0 0 0 0 0 0 0 0 0 0 0 1777 0 0 0 0 0 0 0 0 0 0 0 0 0 0 0 0 0 0 0 0 0 0 0 0 0 0 0 0 0 0 0 0 0 0 0 0 0 0 0 0 0 0 0 0 0 0 0 0 0 0 0 0 0 0 0 0 0 0 0 0 0 0 0 0 0 0 0 0 0 0 0 0 0 0 0 0 0 0 0 0 0 0 0 0 0 0 0 0 0 0 0 0 0 0 0 0 0 0 0 0 0 0 0 0 0 0 0 0 0 0 0 0 0 0 0 0 0 0 0 0 0 0 0 0 0 0 0 0 0 0 0 0 0 0 0 0 0 0 0 0 0 0 0 0]
[0 0 0 0 0 0 0 0 0 0 0 0 0 0 0 0 0 0 0 0 0 1777 0 0 0 0 0 0 0 0 0 0 0 0 0 0 0 0 0 0 0 0 0 0 0 0 0 0 0 0 0 0 0 0 0 0 0 0 0 0 0 0 0 0 0 0 0 0 0 0 0 0 0 0 0 0 0 0 0 0 0 0 0 0 0 0 0 0 0 0 0 0 0 0 0 0 0 0 0 0 0 0 0 0 0 0 0 0 0 0 0 0 0 0 0 0 0 0 0 0 0 0 0 0 0 0 0 0 0 0 0 0 0 0 0 0 0 0 0 0 0 0 0 0 0 0 0 0 0 0 0 0 0 0 0 0 0 0 0 0 0 0 0 0]
[0 0 0 0 0 0 0 0 0 0 0 0 0 0 0 0 0 0 0 0 0 0 1777 0 0 0 0 0 0 0 0 0 0 0 0 0 0 0 0 0 0 0 0 0 0 0 0 0 0 0 0 0 0 0 0 0 0 0 0 0 0 0 0 0 0 0 0 0 0 0 0 0 0 0 0 0 0 0 0 0 0 0 0 0 0 0 0 0 0 0 0 0 0 0 0 0 0 0 0 0 0 0 0 0 0 0 0 0 0 0 0 0 0 0 0 0 0 0 0 0 0 0 0 0 0 0 0 0 0 0 0 0 0 0 0 0 0 0 0 0 0 0 0 0 0 0 0 0 0 0 0 0 0 0 0 0 0 0 0 0 0 0 0 0]
[0 0 0 0 0 0 0 0 0 0 0 0 0 0 0 0 0 0 0 0 0 0 0 0 1777 0 0 0 0 0 0 0 0 0 0 0 0 0 0 0 0 0 0 0 0 0 0 0 0 0 0 0 0 0 0 0 0 0 0 0 0 0 0 0 0 0 0 0 0 0 0 0 0 0 0 0 0 0 0 0 0 0 0 0 0 0 0 0 0 0 0 0 0 0 0 0 0 0 0 0 0 0 0 0 0 0 0 0 0 0 0 0 0 0 0 0 0 0 0 0 0 0 0 0 0 0 0 0 0 0 0 0 0 0 0 0 0 0 0 0 0 0 0 0 0 0 0 0 0 0 0 0 0 0 0 0 0 0 0 0 0 0 0 0]
[0 0 0 0 0 0 0 0 0 0 0 0 0 0 0 0 0 0 0 0 0 0 0 0 0 1777 0 0 0 0 0 0 0 0 0 0 0 0 0 0 0 0 0 0 0 0 0 0 0 0 0 0 0 0 0 0 0 0 0 0 0 0 0 0 0 0 0 0 0 0 0 0 0 0 0 0 0 0 0 0 0 0 0 0 0 0 0 0 0 0 0 0 0 0 0 0 0 0 0 0 0 0 0 0 0 0 0 0 0 0 0 0 0 0 0 0 0 0 0 0 0 0 0 0 0 0 0 0 0 0 0 0 0 0 0 0 0 0 0 0 0 0 0 0 0 0 0 0 0 0 0 0 0 0 0 0 0 0 0 0 0 0 0 0]
[0 0 0 0 0 0 0 0 0 0 0 0 0 0 0 0 0 0 0 0 0 0 0 0 0 0 1777 0 0 0 0 0 0 0 0 0 0 0 0 0 0 0 0 0 0 0 0 0 0 0 0 0 0 0 0 0 0 0 0 0 0 0 0 0 0 0 0 0 0 0 0 0 0 0 0 0 0 0 0 0 0 0 0 0 0 0 0 0 0 0 0 0 0 0 0 0 0 0 0 0 0 0 0 0 0 0 0 0 0 0 0 0 0 0 0 0 0 0 0 0 0 0 0 0 0 0 0 0 0 0 0 0 0 0 0 0 0 0 0 0 0 0 0 0 0 0 0 0 0 0 0 0 0 0 0 0 0 0 0 0 0 0 0 0]
[0 0 0 0 0 0 0 0 0 0 0 0 0 0 0 0 0 0 0 0 0 0 0 0 0 0 0 1777 0 0 0 0 0 0 0 0 0 0 0 0 0 0 0 0 0 0 0 0 0 0 0 0 0 0 0 0 0 0 0 0 0 0 0 0 0 0 0 0 0 0 0 0 0 0 0 0 0 0 0 0 0 0 0 0 0 0 0 0 0 0 0 0 0 0 0 0 0 0 0 0 0 0 0 0 0 0 0 0 0 0 0 0 0 0 0 0 0 0 0 0 0 0 0 0 0 0 0 0 0 0 0 0 0 0 0 0 0 0 0 0 0 0 0 0 0 0 0 0 0 0 0 0 0 0 0 0 0 0 0 0 0 0 0 0]
[0 0 0 0 0 0 0 0 0 0 0 0 0 0 0 0 0 0 0 0 0 0 0 0 0 0 0 0 1777 0 0 0 0 0 0 0 0 0 0 0 0 0 0 0 0 0 0 0 0 0 0 0 0 0 0 0 0 0 0 0 0 0 0 0 0 0 0 0 0 0 0 0 0 0 0 0 0 0 0 0 0 0 0 0 0 0 0 0 0 0 0 0 0 0 0 0 0 0 0 0 0 0 0 0 0 0 0 0 0 0 0 0 0 0 0 0 0 0 0 0 0 0 0 0 0 0 0 0 0 0 0 0 0 0 0 0 0 0 0 0 0 0 0 0 0 0 0 0 0 0 0 0 0 0 0 0 0 0 0 0 0 0 0 0]
[0 0 0 0 0 0 0 0 0 0 0 0 0 0 0 0 0 0 0 0 0 0 0 0 0 0 0 0 0 1777 0 0 0 0 0 0 0 0 0 0 0 0 0 0 0 0 0 0 0 0 0 0 0 0 0 0 0 0 0 0 0 0 0 0 0 0 0 0 0 0 0 0 0 0 0 0 0 0 0 0 0 0 0 0 0 0 0 0 0 0 0 0 0 0 0 0 0 0 0 0 0 0 0 0 0 0 0 0 0 0 0 0 0 0 0 0 0 0 0 0 0 0 0 0 0 0 0 0 0 0 0 0 0 0 0 0 0 0 0 0 0 0 0 0 0 0 0 0 0 0 0 0 0 0 0 0 0 0 0 0 0 0 0 0]
[0 0 0 0 0 0 0 0 0 0 0 0 0 0 0 0 0 0 0 0 0 0 0 0 0 0 0 0 0 0 1777 0 0 0 0 0 0 0 0 0 0 0 0 0 0 0 0 0 0 0 0 0 0 0 0 0 0 0 0 0 0 0 0 0 0 0 0 0 0 0 0 0 0 0 0 0 0 0 0 0 0 0 0 0 0 0 0 0 0 0 0 0 0 0 0 0 0 0 0 0 0 0 0 0 0 0 0 0 0 0 0 0 0 0 0 0 0 0 0 0 0 0 0 0 0 0 0 0 0 0 0 0 0 0 0 0 0 0 0 0 0 0 0 0 0 0 0 0 0 0 0 0 0 0 0 0 0 0 0 0 0 0 0 0]
[0 0 0 0 0 0 0 0 0 0 0 0 0 0 0 0 0 0 0 0 0 0 0 0 0 0 0 0 0 0 0 1777 0 0 0 0 0 0 0 0 0 0 0 0 0 0 0 0 0 0 0 0 0 0 0 0 0 0 0 0 0 0 0 0 0 0 0 0 0 0 0 0 0 0 0 0 0 0 0 0 0 0 0 0 0 0 0 0 0 0 0 0 0 0 0 0 0 0 0 0 0 0 0 0 0 0 0 0 0 0 0 0 0 0 0 0 0 0 0 0 0 0 0 0 0 0 0 0 0 0 0 0 0 0 0 0 0 0 0 0 0 0 0 0 0 0 0 0 0 0 0 0 0 0 0 0 0 0 0 0 0 0 0 0]
[0 0 0 0 0 0 0 0 0 0 0 0 0 0 0 0 0 0 0 0 0 0 0 0 0 0 0 0 0 0 0 0 1777 0 0 0 0 0 0 0 0 0 0 0 0 0 0 0 0 0 0 0 0 0 0 0 0 0 0 0 0 0 0 0 0 0 0 0 0 0 0 0 0 0 0 0 0 0 0 0 0 0 0 0 0 0 0 0 0 0 0 0 0 0 0 0 0 0 0 0 0 0 0 0 0 0 0 0 0 0 0 0 0 0 0 0 0 0 0 0 0 0 0 0 0 0 0 0 0 0 0 0 0 0 0 0 0 0 0 0 0 0 0 0 0 0 0 0 0 0 0 0 0 0 0 0 0 0 0 0 0 0 0 0]
[0 0 0 0 0 0 0 0 0 0 0 0 0 0 0 0 0 0 0 0 0 0 0 0 0 0 0 0 0 0 0 0 0 0 1777 0 0 0 0 0 0 0 0 0 0 0 0 0 0 0 0 0 0 0 0 0 0 0 0 0 0 0 0 0 0 0 0 0 0 0 0 0 0 0 0 0 0 0 0 0 0 0 0 0 0 0 0 0 0 0 0 0 0 0 0 0 0 0 0 0 0 0 0 0 0 0 0 0 0 0 0 0 0 0 0 0 0 0 0 0 0 0 0 0 0 0 0 0 0 0 0 0 0 0 0 0 0 0 0 0 0 0 0 0 0 0 0 0 0 0 0 0 0 0 0 0 0 0 0 0 0 0 0 0]
[0 0 0 0 0 0 0 0 0 0 0 0 0 0 0 0 0 0 0 0 0 0 0 0 0 0 0 0 0 0 0 0 0 0 0 1777 0 0 0 0 0 0 0 0 0 0 0 0 0 0 0 0 0 0 0 0 0 0 0 0 0 0 0 0 0 0 0 0 0 0 0 0 0 0 0 0 0 0 0 0 0 0 0 0 0 0 0 0 0 0 0 0 0 0 0 0 0 0 0 0 0 0 0 0 0 0 0 0 0 0 0 0 0 0 0 0 0 0 0 0 0 0 0 0 0 0 0 0 0 0 0 0 0 0 0 0 0 0 0 0 0 0 0 0 0 0 0 0 0 0 0 0 0 0 0 0 0 0 0 0 0 0 0 0]
[-133 -622 568 -633 826 545 -426 140 384 -561 372 458 350 135 -347 765 -380 525 -61 164 -110 831 -38 549 -833 -61 698 326 653 -98 60 -482 -178 452 806 -579 -96 -429 -416 -98 -88 -302 -567 -123 208 -38 -125 47 129 -90 90 116 246 -8 184 172 310 45 31 -312 26 24 42 -235 -25 -83 -90 -4 14 52 4 -127 257 117 -121 221 38 209 -8 312 -127 135 -102 -20 -150 -279 -203 198 184 42 58 11 -118 215 130 -229 127 67 -72 -38 69 121 -154 -2 82 -70 -7 -50 108 -109 29 -73 192 -77 -52 159 131 -163 137 299 9 -65 -50 92 11 91 -93 -139 146 97 117 22 131 137 -45 -215 16 47 -56 126 22 168 -1 -62 -70 -22 -56 222 239 -37 -23 37 -150 -15 -18 -25 116 -46 -129 -284 -156 -35 -6 1]
[0 0 0 0 0 0 0 0 0 0 0 0 0 0 0 0 0 0 0 0 0 0 0 0 0 0 0 0 0 0 0 0 0 0 0 0 0 1777 0 0 0 0 0 0 0 0 0 0 0 0 0 0 0 0 0 0 0 0 0 0 0 0 0 0 0 0 0 0 0 0 0 0 0 0 0 0 0 0 0 0 0 0 0 0 0 0 0 0 0 0 0 0 0 0 0 0 0 0 0 0 0 0 0 0 0 0 0 0 0 0 0 0 0 0 0 0 0 0 0 0 0 0 0 0 0 0 0 0 0 0 0 0 0 0 0 0 0 0 0 0 0 0 0 0 0 0 0 0 0 0 0 0 0 0 0 0 0 0 0 0 0 0 0 0]
[229 14 186 -669 -292 268 -663 777 545 -681 830 -224 -227 -160 352 809 -50 505 -562 256 301 -46 642 383 -282 454 242 -595 734 899 181 -191 -620 370 -460 445 -176 -276 869 87 -301 398 -55 -14 -263 -425 -128 -74 -22 -216 328 -49 -200 350 227 86 -133 243 -116 265 118 -67 -106 454 -20 -45 98 66 284 147 129 55 -103 -1 112 66 -73 -31 -49 0 12 3 18 -88 143 153 -45 -113 -171 94 37 -4 173 140 -28 75 -109 41 81 -31 -54 10 -145 -6 -226 -18 15 141 -46 -57 78 -25 -41 30 -70 64 -40 2 -26 -78 -160 -63 -76 -120 -42 -93 -55 131 56 -60 112 20 -243 -113 -125 37 230 84 58 -22 -86 -176 113 145 -239 7 33 75 -68 115 -37 -325 186 -238 104 50 -69 22 229 247 -62 -91 53 1]
[0 0 0 0 0 0 0 0 0 0 0 0 0 0 0 0 0 0 0 0 0 0 0 0 0 0 0 0 0 0 0 0 0 0 0 0 0 0 1777 0 0 0 0 0 0 0 0 0 0 0 0 0 0 0 0 0 0 0 0 0 0 0 0 0 0 0 0 0 0 0 0 0 0 0 0 0 0 0 0 0 0 0 0 0 0 0 0 0 0 0 0 0 0 0 0 0 0 0 0 0 0 0 0 0 0 0 0 0 0 0 0 0 0 0 0 0 0 0 0 0 0 0 0 0 0 0 0 0 0 0 0 0 0 0 0 0 0 0 0 0 0 0 0 0 0 0 0 0 0 0 0 0 0 0 0 0 0 0 0 0 0 0 0 0]
[0 0 0 0 0 0 0 0 0 0 0 0 0 0 0 0 0 0 0 0 0 0 0 0 0 0 0 0 0 0 0 0 0 0 0 0 0 0 0 0 0 1777 0 0 0 0 0 0 0 0 0 0 0 0 0 0 0 0 0 0 0 0 0 0 0 0 0 0 0 0 0 0 0 0 0 0 0 0 0 0 0 0 0 0 0 0 0 0 0 0 0 0 0 0 0 0 0 0 0 0 0 0 0 0 0 0 0 0 0 0 0 0 0 0 0 0 0 0 0 0 0 0 0 0 0 0 0 0 0 0 0 0 0 0 0 0 0 0 0 0 0 0 0 0 0 0 0 0 0 0 0 0 0 0 0 0 0 0 0 0 0 0 0 0]
[585 760 -237 -429 481 -579 404 504 -598 845 -534 655 513 -634 282 19 734 434 -849 851 -635 -720 227 50 328 -664 746 -30 22 661 -523 744 -405 -105 -497 -730 124 -841 -490 -295 -259 595 174 -199 139 -4 213 -37 -479 -27 -50 -1 -89 319 -90 -36 5 -113 49 -116 -238 65 -295 -437 -139 -17 138 -82 -219 -222 196 273 42 -11 -23 112 47 -69 -101 -81 18 1 154 -19 -61 -91 -225 -46 289 121 -179 19 -151 81 -15 -137 73 -86 -83 -85 -112 -197 275 144 43 80 -124 -51 193 -64 -226 -73 33 110 -34 -157 135 243 249 27 80 -108 208 89 -40 43 5 58 86 -19 -126 -140 106 191 117 141 -53 108 123 -97 75 94 14 182 136 18 -207 116 338 -48 4 136 -155 -161 -130 112 21 137 -118 -6 -52 3 157 0]
[-391 682 -143 -422 -824 526 883 -761 729 111 -588 314 50 -508 -44 -211 545 180 609 -768 644 -783 390 -607 397 -565 827 -419 179 295 537 775 -236 300 646 -228 51 95 -667 -169 -71 -27 -249 -656 416 636 177 25 85 -131 -200 145 431 216 -289 171 351 -41 106 -274 1 28 -79 -390 29 156 33 52 -5 -170 16 19 77 -90 129 223 50 161 -17 -129 -9 72 62 -191 -318 67 -49 68 209 177 -18 164 -98 -117 23 57 17 -108 37 -24 -71 -231 188 129 151 -25 -83 -1 -2 -147 -198 -101 -69 170 -27 -57 99 5 152 65 180 93 110 104 -224 -160 36 30 -42 188 133 -97 400 0 63 -14 -102 81 -33 -205 108 149 -91 40 111 106 1 -46 226 -173 -122 190 -212 -201 4 -77 150 -52 -183 39 -107 109 96 -2]
[300 -674 -299 488 378 250 253 550 107 -495 334 358 -738 -538 642 438 450 -588 838 -508 12 509 201 666 334 463 321 -184 320 -560 49 -708 -434 -486 -753 -713 378 -528 875 514 551 353 408 117 67 272 250 -79 -228 173 66 -137 -111 181 41 -222 -114 83 -104 -48 -37 -52 -79 50 28 88 64 -229 -67 39 92 253 -78 -211 -25 -232 -16 -78 -57 155 -29 41 -86 63 -31 -342 -227 141 -98 194 -128 -80 -263 90 40 -75 51 -38 -63 82 -124 64 124 -91 -61 -42 -97 168 73 105 -93 103 65 -117 32 -106 146 210 117 2 -126 -38 -74 256 -38 168 -8 350 -62 -159 -168 -112 -96 25 39 -76 -183 102 8 -15 4 76 136 -4 -112 78 39 87 271 257 -39 -135 -149 -82 -163 -22 -19 131 -54 18 -50 73 184 2]
[-853 -437 36 -644 15 -129 -149 -304 84 226 -596 402 656 692 -590 873 -60 662 -600 -304 -547 795 328 -415 463 -212 -333 831 732 -650 -446 739 -427 188 -803 -78 812 -239 455 705 171 -19 284 541 23 -416 130 -128 333 166 -22 -22 -29 -199 232 154 -85 173 37 117 145 -148 -109 189 80 109 139 358 -1 14 -3 -50 45 36 98 66 -125 -243 -43 -88 148 -182 59 -94 260 53 -15 -123 -332 -53 82 77 291 -90 77 101 111 -36 156 -68 -118 -37 -103 -94 -106 45 139 96 -14 30 -4 185 -257 -58 106 -95 35 -4 -197 -158 -39 -30 -157 -151 -64 29 205 -30 -36 123 -105 297 -52 -136 -156 -24 264 -16 -19 184 32 -57 -8 -43 -198 -68 17 -135 -242 -83 98 -138 103 144 51 -179 -145 -104 178 220 -93 -89 -114 1]
[853 437 -36 644 -15 129 149 304 -84 -226 596 -402 -656 -692 590 -873 60 -662 600 304 547 -795 -328 415 -463 212 333 -831 -732 650 446 -739 427 -188 803 78 965 239 -455 -705 -171 19 -284 -541 -23 416 -130 128 -333 -166 22 22 29 199 -232 -154 85 -173 -37 -117 -145 148 109 -189 -80 -109 -139 -358 1 -14 3 50 -45 -36 -98 -66 125 243 43 88 -148 182 -59 94 -260 -53 15 123 332 53 -82 -77 -291 90 -77 -101 -111 36 -156 68 118 37 103 94 106 -45 -139 -96 14 -30 4 -185 257 58 -106 95 -35 4 197 158 39 30 157 151 64 -29 -205 30 36 -123 105 -297 52 136 156 24 -264 16 19 -184 -32 57 8 43 198 68 -17 135 242 83 -98 138 -103 -144 -51 179 145 104 -178 -220 93 89 114 -1]
[0 0 0 0 0 0 0 0 0 0 0 0 0 0 0 0 0 0 0 0 0 0 0 0 0 0 0 0 0 0 0 0 0 0 0 0 0 0 0 1777 0 0 0 0 0 0 0 0 0 0 0 0 0 0 0 0 0 0 0 0 0 0 0 0 0 0 0 0 0 0 0 0 0 0 0 0 0 0 0 0 0 0 0 0 0 0 0 0 0 0 0 0 0 0 0 0 0 0 0 0 0 0 0 0 0 0 0 0 0 0 0 0 0 0 0 0 0 0 0 0 0 0 0 0 0 0 0 0 0 0 0 0 0 0 0 0 0 0 0 0 0 0 0 0 0 0 0 0 0 0 0 0 0 0 0 0 0 0 0 0 0 0 0 0]
[-80 -461 -840 -252 477 -472 720 735 74 760 144 -455 -717 182 -468 209 684 -833 -440 -380 196 -385 597 -672 -698 -807 -280 -90 122 -353 -212 310 -532 -18 753 -664 176 -731 137 492 -43 -469 -60 797 -339 -773 -82 -254 299 -11 160 -39 -378 -108 97 207 102 -146 188 213 112 136 -304 -173 -4 -188 82 173 -113 -200 176 253 -23 -88 -120 150 17 -200 -71 -31 134 -97 273 13 201 288 155 -183 107 61 -4 190 153 -68 -176 1 69 -33 54 -81 205 -359 216 159 -132 23 -4 -16 68 13 -6 39 4 27 2 -59 -91 188 103 -280 -28 -29 258 -338 -16 -169 0 -144 -8 -41 -49 61 68 -5 40 208 76 -3 134 -185 93 -77 118 231 104 -21 165 79 -76 20 51 79 174 41 -3 133 -188 -20 86 156 -182 -32 -45 0]
[-672 -340 830 -698 500 401 -486 -549 -53 -126 595 -410 110 755 -246 430 865 -691 -850 693 -409 -771 716 -379 784 749 -218 496 141 -666 551 144 -386 876 882 834 -111 -668 -312 605 -86 -197 178 -91 -376 -316 91 21 762 -322 31 -175 41 587 -29 289 -212 241 -5 92 68 -68 -251 148 -96 141 157 75 -89 -257 359 297 -273 -294 105 -60 -7 -184 -133 -206 309 -114 269 -85 -112 191 -148 -167 51 336 -164 118 -25 -43 85 138 68 -114 153 -54 83 -380 252 25 -274 -82 -111 249 242 72 -204 5 -199 226 -73 -138 112 237 -93 -130 104 124 153 16 -309 21 -46 76 -87 -10 -47 -129 26 -155 -52 225 191 224 -21 -245 151 -145 -26 202 -136 63 14 107 81 163 -53 -227 -23 -238 -55 172 -56 153 63 296 -234 0 321 -1]
[-326 -89 -90 -399 662 -484 466 -212 441 -417 531 443 -375 -254 109 790 -74 30 845 389 473 864 751 -637 -252 488 -445 296 570 538 165 692 -769 -153 836 657 343 -103 520 449 167 432 185 622 -433 -599 -359 -163 237 -120 153 59 2 -5 251 152 -116 145 160 -146 471 -389 83 71 -63 -39 115 -65 245 -26 152 -78 -16 -142 -57 -107 -132 -152 185 55 144 -34 100 183 -145 160 -12 124 -113 84 -4 88 -4 19 376 212 289 -114 130 -17 157 116 68 -87 -163 -126 44 60 7 200 -80 145 -306 -114 68 6 -211 25 -190 27 138 221 -160 -31 -111 112 -77 17 -81 -29 4 136 73 -190 -144 -2 99 5 -371 141 84 -151 -1 -189 -110 90 254 39 -250 288 79 -183 7 46 -49 -7 -191 -183 -12 13 -264 -152 179 -1]
[-291 -663 896 -400 -311 -712 227 53 0 290 -299 841 176 228 -897 398 -181 -147 -561 414 75 5 153 812 -738 818 -571 656 615 449 884 409 -639 -611 -62 658 59 -449 691 -813 -474 -587 -59 -122 252 -113 -6 -132 514 79 247 125 -330 82 166 -239 84 -111 -62 57 -188 66 -150 -131 -63 -203 79 -91 154 182 -34 31 212 282 -16 238 -19 84 -17 125 -279 118 -97 -22 194 -129 -122 8 67 -121 22 -103 47 264 -128 -200 -104 69 -155 -62 -249 193 -122 113 91 144 2 -159 -95 -193 56 -103 191 -86 -31 45 -17 8 316 79 -184 -295 -21 -47 227 -71 -4 113 229 -69 33 9 -163 233 44 -47 -14 -32 202 126 -162 63 153 125 33 -38 -188 84 189 -96 20 38 54 -161 29 -10 8 6 48 -55 120 -88 -111 2]
[-668 185 -545 70 -585 804 531 727 -444 -779 19 -494 -242 506 120 -820 -152 635 -435 563 -208 -592 491 521 534 -766 -857 477 450 776 443 -553 -701 -643 203 -96 -165 -599 -2 340 255 -591 259 281 291 -116 334 127 587 351 98 -132 -131 -219 88 147 -59 -72 -5 173 -32 -72 -185 76 -16 128 304 378 -150 46 -11 -53 119 229 115 -34 -57 -218 -143 -272 159 28 51 -89 323 81 41 -196 -315 -71 72 -139 291 6 32 111 19 -16 -136 -191 -282 -111 -88 -55 -242 176 131 -108 14 86 -39 226 -114 36 42 -67 115 125 91 -177 62 -156 -148 -213 -19 19 106 135 69 8 -288 154 -345 -22 -46 -68 111 -134 141 247 -153 68 198 204 -25 -52 -92 -466 -173 -188 247 106 117 247 180 -191 -199 14 100 289 315 161 -25 2]
[299 -76 -633 -93 57 -390 -466 401 133 235 -574 254 -209 784 -317 128 702 139 -508 398 -449 726 373 -322 -279 -238 -23 444 662 -264 729 339 -318 33 -834 570 -93 105 -214 -271 82 214 -275 580 348 -684 214 -216 -431 -84 540 112 -342 397 361 84 -75 76 -139 9 -62 -83 -8 20 -61 -191 115 -44 -97 74 220 55 67 170 -62 148 -35 -6 -77 57 -131 -10 -64 -70 144 117 75 21 21 11 142 -65 119 282 109 -143 53 211 -23 -231 -158 -36 -184 145 -144 -79 -45 58 75 0 -66 21 -64 25 4 110 196 -129 -96 80 101 -43 44 -189 -126 -17 39 111 246 89 87 83 -119 121 -79 -84 110 34 105 -79 -138 -18 69 345 77 -19 -172 135 -101 67 69 -107 272 1 121 49 60 176 31 173 142 -213 71 0]
[-486 -138 731 407 766 -625 68 563 456 849 -505 -249 655 663 228 477 -765 -87 779 -96 240 -275 407 4 -388 -13 -652 796 -393 286 -294 478 727 581 205 681 180 -178 439 -215 -289 603 67 -513 -219 480 -222 -64 715 34 23 -1 170 45 163 232 26 183 30 65 147 -113 161 294 -47 258 28 -39 343 188 7 -66 18 -75 245 -86 -92 174 -1 143 4 98 -85 45 -81 1 -14 -12 -88 65 -90 152 51 -105 78 197 -108 -99 109 213 16 131 -43 -107 -39 -24 159 90 1 -172 8 174 2 -21 73 -19 -199 39 -17 -44 -213 -67 -143 25 90 197 -95 145 54 -29 66 -52 -26 -257 -92 93 184 -19 14 46 -154 72 134 -128 -332 -102 220 60 34 50 -140 -194 -87 -76 -13 60 -246 72 162 79 -311 -71 -62 1]
[-675 143 160 821 -471 258 -19 260 424 -337 -390 82 -300 -598 272 813 -833 -416 -731 574 -165 539 -472 -747 -75 620 -667 -711 662 -814 449 545 422 725 698 -161 -1116 714 655 426 -405 -22 -67 -477 98 93 -398 421 -428 -37 -131 -166 99 -130 -91 90 207 256 -314 118 75 239 -66 282 37 -104 -44 161 -27 104 -77 9 53 154 98 59 204 12 -78 34 89 59 42 -85 151 25 -8 -235 -115 -15 -70 2 15 -26 -140 -153 -144 53 170 -93 86 63 -58 8 84 67 38 27 -42 20 181 -133 55 58 -166 -72 1 -213 -139 4 -256 6 -111 -39 22 -166 1 -152 -101 70 225 -77 -104 35 56 -13 145 85 28 6 96 -130 -87 -221 -146 -117 -43 94 -9 -36 -53 -94 68 -213 -25 88 119 -191 122 -21 -52 81 -22 1]
[18 -68 -391 30 737 558 417 -444 -77 560 740 -782 807 172 235 -542 110 -527 536 -219 811 208 -706 731 40 -783 211 438 565 182 -810 -232 -55 485 540 865 -212 155 329 434 145 -500 165 189 519 -5 75 -36 54 -14 198 166 12 475 157 264 74 240 74 -35 263 -100 -185 36 4 5 -12 4 41 124 246 115 132 205 29 285 -30 34 -53 264 85 -117 84 -107 12 -134 -233 89 115 -31 -5 -63 109 349 181 -133 154 -7 72 -154 -328 82 -208 315 218 89 -52 97 244 -72 -190 -128 -179 62 -58 -54 119 -188 -125 213 10 -40 82 83 -230 117 54 0 183 324 106 111 -16 144 -110 -96 453 233 69 137 106 114 -117 98 -107 -100 -294 221 119 -95 26 -163 -23 -290 79 121 16 155 -49 17 -231 -297 39 0]
[146 288 397 -289 -604 -231 20 676 -180 -388 434 -294 -48 691 828 -300 -406 -605 -97 496 -441 815 -446 -626 740 372 426 461 399 882 300 -389 801 -388 253 -505 -714 -507 -108 239 -317 535 3 -179 -165 -70 79 73 259 19 -54 107 143 -370 -28 -290 -178 210 -270 72 -310 19 392 48 70 -80 33 52 -186 146 -70 -192 100 -33 -158 -277 35 -3 12 -78 -139 -143 -119 42 88 13 237 -48 -140 -112 131 -33 29 -8 -104 -253 72 224 110 -76 124 212 -88 -97 60 30 47 86 -123 38 186 18 66 -71 -17 78 163 -247 -261 95 -99 52 -39 10 313 116 101 -163 -244 73 -122 139 -31 84 -67 0 12 -168 102 -45 20 1 -299 -298 91 -59 -109 85 -92 -19 -126 74 62 176 -168 20 253 -14 80 -113 109 -6 -192 0]
[717 -524 -573 133 144 -480 -436 -633 179 377 -768 739 836 -439 -511 -579 -176 -486 182 -34 393 -566 -539 174 330 546 676 -47 325 -884 -485 644 202 -182 -580 -633 329 -344 -93 -195 -4 -633 -423 -431 226 -133 -72 92 17 -284 51 22 201 273 -282 -60 47 233 17 -118 15 300 -177 -117 -79 -122 -125 -142 61 -2 -15 58 -86 97 -64 81 124 63 -71 -39 -164 -38 57 -26 -61 -23 -143 -48 202 94 -27 -98 -148 37 -129 -62 -238 93 -215 6 50 -147 146 184 -76 -28 -184 87 -100 -140 -25 -230 313 109 -298 -10 12 83 186 6 -38 1 111 -40 17 -219 -54 -33 150 -164 162 -215 6 215 54 -6 -175 5 138 -249 31 154 38 180 17 -10 -24 159 126 18 -64 38 51 -301 -2 168 194 -84 -180 9 107 64 314 -1]
[-43 850 402 842 678 -800 -270 -786 -735 488 -297 -261 -618 63 -1 -52 -711 -846 655 -353 -763 378 -468 628 771 146 186 509 898 -578 -521 466 85 585 -800 780 -70 313 220 -71 -188 438 -350 -650 413 270 -85 284 -42 -72 -43 223 58 -386 -232 -112 208 -285 164 -167 -483 149 -57 -420 -156 -160 -39 -86 30 -42 -205 -291 163 426 -18 201 44 171 -64 -47 -308 302 70 209 -126 -79 -280 -64 389 -273 -83 -217 -143 76 -48 -6 -193 -11 -417 154 -55 -122 -49 152 101 114 -71 -352 -19 -304 -134 -125 402 43 -85 169 -25 -82 273 289 -8 -313 81 -16 308 -89 -156 -122 409 -189 91 -184 2 405 88 20 -191 -148 93 -24 -116 305 105 125 146 -113 -292 -32 228 -180 61 284 -154 -51 -73 135 166 -30 -259 -293 238 130 -32 -1]
[-416 807 94 -300 -308 -870 430 -170 -704 -245 -409 89 -52 -240 483 -592 -788 798 -682 404 -269 485 459 -551 716 -620 -382 95 84 402 211 -649 834 24 -756 655 -871 -255 -157 432 42 467 146 -747 100 418 -65 197 199 -174 7 -3 95 274 -133 -33 179 113 -143 36 -164 55 -109 -53 40 -126 62 116 -164 -61 156 46 -51 102 -86 -15 144 38 7 -92 87 25 172 -132 -98 27 -81 -14 158 34 -51 -4 -128 189 -266 -161 80 10 168 -40 -43 -199 87 171 96 150 -56 42 36 27 -114 -334 110 111 20 19 129 -127 93 356 -46 -5 257 71 -13 -139 -100 134 -102 163 0 -184 123 166 59 71 55 74 61 -193 299 2 -59 -6 223 130 -343 10 100 -166 -115 47 -48 -360 -54 63 164 92 -113 -14 50 26 123 -1]
[-668 722 -218 -491 -513 837 -48 112 69 -553 457 -662 166 -536 358 -885 420 -179 -188 76 -432 -155 -319 -265 -599 568 529 885 376 -370 -829 486 -68 14 404 -597 -246 81 -751 358 -350 -376 31 362 -19 -201 -15 -2 147 -97 144 -7 -190 -165 212 -142 -86 -455 104 158 -140 -83 105 -153 -28 -159 -216 -38 38 -63 246 -139 99 97 -57 107 -62 -15 134 138 80 -26 87 89 138 87 265 -39 178 -242 79 -173 229 56 -179 73 70 -83 -140 81 -16 71 -209 49 133 73 -24 -102 40 -106 178 16 22 -76 108 190 -213 10 -131 66 -30 -197 145 16 104 58 -102 -199 222 -9 -33 184 3 51 5 29 108 37 226 -9 -198 -39 -32 1 46 -130 4 -168 -178 110 171 -80 71 242 176 54 -163 159 -13 -76 92 -142 -444 0]
[162 615 830 221 -674 786 285 549 -631 -409 -684 403 -670 385 32 732 735 -114 -234 436 -495 513 242 660 -296 91 -187 805 -178 496 -840 -850 -36 327 -376 -432 -123 345 671 981 86 141 -96 247 -44 -587 -94 -182 -334 173 -18 -229 -308 -431 462 166 122 -29 -153 68 68 -47 -329 33 -29 -197 139 183 -121 -178 107 251 76 -91 -140 125 -3 -241 -68 36 208 126 61 -4 176 -61 9 -160 -97 -10 -43 200 126 -69 -49 -53 177 -203 179 44 152 -46 31 -104 -175 -91 76 -79 81 20 53 177 84 -72 52 -75 -145 136 -85 -16 -181 -53 3 -115 50 36 -185 -46 -55 -86 -17 -32 -19 -109 0 206 67 -68 0 107 -40 -132 177 -51 -167 -230 108 83 -59 86 128 -263 12 132 -38 -13 -306 -80 210 39 -302 -75 -237 2]
[456 289 698 881 651 -456 161 150 662 779 -232 -740 -55 -793 201 547 465 282 117 -243 -525 -185 -211 -832 -797 -26 841 -212 -690 -356 830 837 465 352 299 -72 -688 -359 -788 679 379 -487 390 -162 245 83 277 -42 -478 69 -238 -214 -180 -93 -218 -544 -347 -9 -518 93 -145 307 -147 162 1 8 -96 -238 -109 -111 -132 275 -223 95 11 -64 170 -282 31 -143 -1 -182 -82 -189 124 -49 63 -130 -39 -99 -163 48 22 -189 -204 -109 -246 -31 207 56 -90 142 126 156 138 8 -128 -41 -164 192 59 -96 -128 43 -81 -144 -150 -107 -286 -189 31 140 -69 59 -92 -178 67 139 -78 -108 112 -134 -88 -32 177 176 -261 -67 0 -120 -52 -120 -95 18 98 -138 -195 40 -245 -4 28 -63 178 75 83 102 35 -14 110 175 235 -120 -321 -1]
[167 -295 -443 -437 520 -302 853 -28 -103 -28 -856 435 -272 428 479 -568 -582 517 -247 -327 -868 868 -123 64 96 -45 388 482 813 -754 -538 415 -265 480 860 799 696 380 652 -18 88 -676 14 529 -17 -121 -549 -51 684 -45 -181 12 -80 -158 118 126 87 177 118 -70 325 9 112 196 -30 -134 -25 -65 186 206 -118 -40 75 33 -17 57 9 145 -19 209 -3 72 -99 223 76 -100 -84 -97 -52 -128 -44 15 25 -20 185 136 -17 37 -70 42 187 212 -82 -148 -58 -81 79 -6 -102 -162 159 2 172 -28 -75 -190 -175 96 -121 -57 -350 -40 -137 -65 180 105 -60 -228 89 -121 116 -26 -73 -96 -77 38 198 -84 37 166 -82 -106 23 -138 -239 -238 130 161 6 -28 -121 -210 1 -146 -142 -19 -235 -255 147 -160 -219 -162 172 1]
[-820 -217 872 -476 -791 -311 795 316 -396 -63 347 -215 -17 416 -838 181 -283 -433 -22 -131 -234 456 -144 -149 139 555 51 -186 -591 614 -570 136 353 -256 717 -174 347 -79 -160 376 -79 -412 -262 -541 167 400 135 343 -39 179 -140 -4 155 22 -14 244 129 186 -287 29 -171 170 -32 65 234 306 -123 202 -128 -89 -106 -40 25 108 141 106 -42 -6 9 135 161 -59 -101 -127 -51 -46 13 -26 -119 75 13 153 32 -156 -243 -76 -180 -94 41 108 -8 -71 -60 78 298 53 174 -71 -59 -105 -111 -117 189 7 67 101 -37 -247 -202 197 15 -24 -121 10 93 13 81 42 -121 188 85 -70 252 83 -32 -79 102 -40 -27 100 90 31 -77 -331 -206 -225 -55 -30 86 -11 42 6 -206 171 -162 105 153 112 -148 -190 -33 31 -291 0]
[550 607 490 -272 -817 476 -783 724 -822 -333 -89 -872 -445 812 524 -110 709 -245 -297 24 521 476 701 -140 -685 -58 -379 413 -443 709 227 -438 829 53 -187 331 394 888 35 49 323 128 -87 134 186 -88 297 -105 349 77 -66 62 -98 123 -148 -203 70 10 -224 -72 -44 238 -333 -475 21 129 -7 6 -147 -231 196 200 133 33 47 207 147 -234 -25 -65 125 -212 152 -219 226 -21 -31 -88 4 230 -92 260 -25 -249 -240 61 -106 -68 71 -19 -58 -337 425 116 104 1 -13 103 -147 -37 -195 -54 -118 -4 -83 -371 123 231 -30 -296 -25 18 27 -47 -194 -92 216 112 -15 -26 -108 39 384 20 14 -67 -164 75 105 -220 98 41 36 93 43 66 76 75 145 -10 -39 150 -92 -5 -157 -3 -51 -179 -103 123 -61 -18 -26 0]
[-20 359 183 654 531 -731 403 482 826 422 740 357 -535 90 -388 114 -196 -43 787 -771 -621 850 -838 342 -366 -584 635 -222 644 -207 357 215 -291 -585 -574 -852 452 -455 -30 -403 -131 813 -48 -22 18 -167 -32 -3 669 117 -131 148 137 -62 -107 189 -190 157 -197 17 115 -308 53 164 3 215 86 89 23 170 12 -147 117 234 135 -83 -84 -23 -106 -66 100 26 -86 11 174 121 46 -146 -243 31 5 -111 147 -7 321 134 -15 57 -127 -186 -111 98 -146 -16 -142 8 147 -39 70 75 -195 154 -233 5 -52 -11 161 -98 -356 -99 123 165 -184 -55 -62 284 52 8 -57 70 -136 117 -173 -73 -241 -87 272 -113 -97 363 -83 -59 -110 20 -214 -129 104 -152 20 67 88 27 -100 165 -41 10 6 20 61 71 82 23 -38 0]
[-468 -795 142 743 -426 31 821 464 -451 -251 389 440 572 -686 -836 -751 128 -863 -326 -248 -415 -89 -516 -593 77 672 622 253 356 -18 533 482 120 19 -503 609 327 -261 406 -150 -59 -697 216 -159 15 7 108 -120 -81 48 -27 -36 135 377 -145 176 26 175 68 -45 76 53 -409 -89 -101 196 51 64 96 -216 19 168 -46 -43 138 125 -68 -171 4 -167 40 -41 95 -92 -129 26 -44 -86 38 31 -91 140 45 -310 -104 -14 -148 -268 8 170 -40 -110 116 190 -134 -24 30 -67 -63 -71 -238 107 113 37 -153 -105 -267 167 51 0 157 55 58 -108 103 1 -113 70 -55 -36 9 -146 88 -28 -36 273 -32 -158 -46 10 -41 151 -12 3 -95 -206 149 114 13 -47 110 0 -71 53 -31 198 -72 59 -33 128 -193 -31 -164 -1]
[-289 -803 -313 579 -290 171 295 84 771 545 252 575 783 -294 417 -27 703 64 857 298 -717 -216 12 728 406 695 -725 526 -184 660 516 703 -524 -270 -292 248 718 -9 -34 -471 210 834 -17 68 183 279 232 -316 153 269 -161 113 -59 -182 -63 -34 224 -328 611 22 20 -284 -194 -207 -121 -71 218 206 147 -128 35 -151 143 -154 271 158 -65 -185 -1 -327 -46 68 173 14 84 211 -59 -118 -245 -71 71 -43 104 -297 166 330 67 -198 -4 141 -157 -230 114 -157 -212 -21 -68 105 -24 -7 -127 368 -321 -120 108 -290 7 333 135 -233 -3 -69 -75 -66 -65 -80 187 52 82 -44 -148 245 133 -78 -91 -10 -122 66 -143 -29 -113 53 123 18 31 180 244 -292 -159 -81 104 56 63 121 82 -299 -242 -174 90 260 -110 224 133 0]
[192 -572 -533 -409 -194 -833 -143 241 143 -863 109 532 -805 -64 649 -786 -691 484 -785 201 605 242 448 209 -159 -670 8 -877 851 203 863 -410 272 -70 473 -840 300 70 -637 -436 -619 526 326 -566 -409 499 219 180 -429 72 -398 -115 347 96 -215 -14 21 -267 140 276 131 18 -164 -208 -69 101 11 109 -223 -181 312 240 -9 -240 69 6 90 -99 134 -132 310 -152 275 -135 -29 165 85 -127 117 151 -138 20 6 -157 -205 -163 76 -132 88 -10 126 -52 253 -1 -52 160 -6 65 174 151 125 60 -49 -51 24 -158 -50 297 35 -25 42 23 127 212 -59 244 5 -84 -252 39 -360 -21 123 -78 85 214 60 36 62 -53 85 -112 -103 -289 -99 115 143 -31 182 16 47 152 -75 176 -90 55 -257 162 127 138 -104 116 -59 1]
[93 -668 429 521 -447 -710 -64 199 880 -393 115 576 606 255 -26 -496 -372 -562 69 453 449 -522 154 -704 415 370 162 -177 -667 100 132 597 -876 335 -866 185 -16 211 307 -109 482 861 116 18 -438 174 -256 308 -5 -140 99 -152 -291 -308 -134 30 -288 -67 -102 237 -14 164 95 292 29 33 -95 -20 31 85 166 47 -101 63 -142 -309 -21 -109 -42 75 375 -14 86 199 68 35 128 -214 1 -31 -147 -142 15 202 -68 86 -122 84 -196 -11 94 11 71 105 25 122 -5 18 116 29 73 -210 95 69 -54 33 0 -9 -244 -105 -107 13 124 31 92 166 -192 60 -182 -138 -90 -169 -178 -14 -123 17 204 -25 197 117 -1 -24 -171 -67 -69 -141 -58 -106 71 36 -100 -67 -18 21 -138 233 -12 152 -41 -112 43 10 -106 0]
[-866 604 818 720 724 298 -141 -685 -523 -870 -365 -523 212 180 -244 496 -464 408 523 -404 -673 3 86 519 209 -880 854 -27 -494 -646 380 -417 879 832 375 383 30 142 164 -267 132 -411 394 54 -63 -327 -85 13 -171 103 -193 -218 -52 -264 29 220 43 -96 67 -176 -124 -93 -289 -59 -184 29 303 387 -244 -257 184 62 276 200 220 38 162 -282 -193 -268 369 42 173 -118 65 74 -215 -411 -102 32 -171 74 159 -69 282 84 111 -73 125 -102 -72 -249 126 -27 -99 141 35 -100 281 140 -172 86 -297 112 81 -270 168 85 0 -38 207 1 -63 -138 -166 -4 8 -55 46 87 -216 70 83 -60 -65 71 168 31 -123 190 73 -40 -124 168 110 -74 -293 -292 -148 -347 74 178 5 171 -11 -103 -175 30 170 159 23 98 21 0]
[173 108 454 470 -438 60 -721 387 633 -372 -189 834 641 182 -626 -396 200 -123 -727 -527 -618 -487 -740 582 -723 231 -656 -137 -490 799 -498 794 -86 -811 -196 -734 5 312 -137 186 34 292 -312 -125 -553 19 199 -100 262 -200 45 -199 -258 397 -146 -3 -402 -26 -344 103 -212 121 -301 182 -21 175 -21 -111 -65 -299 -17 180 -482 -271 -3 -209 -180 -238 -119 -77 152 57 -49 115 -222 -26 -45 41 99 289 -145 -41 -201 101 -197 21 -198 -128 -255 91 -27 -248 141 124 19 -112 -39 -44 124 107 -211 -149 182 135 53 203 -71 177 214 4 214 29 293 40 -35 -111 -149 369 -71 -208 67 -326 -95 -24 -58 112 -172 -48 33 -112 107 -60 30 198 32 -78 -44 -38 186 255 -95 -187 -76 -52 -101 252 65 420 -214 77 5 128 11 -1]
[-158 -515 824 810 -306 789 -795 -835 777 -501 172 407 -736 -421 -832 82 -2 730 288 277 -887 -348 564 -34 879 685 426 684 516 133 -340 648 -90 617 877 -202 -738 43 -59 -294 -331 308 -429 -352 -15 -660 -41 -68 -690 -225 46 -94 115 144 55 164 132 -186 187 -86 0 70 -174 -171 44 -45 -132 81 -67 -295 -19 160 -179 -132 -20 70 -86 114 20 -162 -50 149 -20 66 -199 107 36 -19 219 75 -79 -31 -150 -78 -44 -106 -52 9 -154 11 206 -141 70 -51 -278 -94 -119 -118 87 -112 -47 -120 177 -48 24 152 -21 232 167 134 142 69 142 90 -50 -56 -180 -41 21 -103 63 -267 111 -46 124 118 -162 1 -79 3 51 -77 40 155 -25 134 132 2 153 70 2 2 8 -53 -51 -35 106 47 47 16 71 50 202 -1]
[-173 -221 -595 375 622 426 639 228 -576 -791 -652 -846 174 72 -823 -280 -357 -236 -261 -668 -721 535 -79 -26 -90 -218 642 -854 129 -112 828 -420 18 627 827 -707 -166 453 385 -450 394 -157 -140 113 216 -254 149 193 -11 -123 320 221 -554 240 -31 153 61 -24 -137 77 30 -76 -476 295 10 -110 40 -116 177 -86 13 167 -113 -32 188 388 -34 -115 -44 -62 -44 235 49 -59 53 74 -285 48 -157 187 1 -69 -242 138 153 -76 -182 -26 -131 -6 -288 -180 -147 167 -32 -168 -48 -38 11 9 -290 -141 -133 19 -201 -24 147 -106 -61 90 93 42 -68 74 -267 -199 36 267 -13 -34 325 -191 -117 272 -44 -159 -31 211 -239 46 -17 -285 25 69 -176 44 -70 250 254 192 147 -227 -29 -283 14 22 228 93 -123 87 -111 48 118 0]
[-77 -722 392 371 -264 -826 -452 601 400 619 12 100 411 -571 -352 -501 -674 -373 -75 -473 230 -559 -85 682 -442 68 -271 746 194 -206 -751 -339 612 546 10 -579 -500 -795 -155 -1068 -1 -209 369 -189 303 173 111 213 -797 347 -57 -111 -95 -326 180 -55 80 -208 -215 -49 -141 102 31 -289 -32 11 127 -76 -227 55 78 218 379 238 -96 -235 135 48 -25 54 222 155 37 154 10 -306 -81 -17 41 -90 -231 -38 -9 127 -28 41 68 -28 27 -56 -61 50 184 1 201 191 183 -207 116 -65 9 24 163 50 103 -148 -5 177 214 59 -94 -140 -67 34 170 260 -223 61 81 -33 -336 -134 -156 -8 113 72 56 -117 103 134 -77 236 162 4 112 -76 -258 -153 110 -238 74 198 -150 44 -45 -17 -323 55 -24 -154 172 20 4 2]
[-147 302 80 -607 -202 -776 631 728 127 803 442 -856 206 386 56 -757 759 844 -834 -558 -254 707 224 -435 802 81 773 4 336 570 727 871 108 -531 56 -486 -741 -853 -385 981 59 -667 47 -371 16 160 271 -102 -45 -174 38 44 -150 58 -159 47 -256 373 -57 62 123 23 55 390 157 186 120 -49 358 133 -349 -152 -296 -105 -63 -277 -40 -14 -69 -48 -192 -79 -245 93 -128 -30 108 102 -118 -117 94 115 192 0 -54 291 -91 -135 20 229 -140 100 -134 95 -43 5 -63 24 -309 -133 -66 -44 43 145 -124 141 -214 -66 74 -61 -126 -74 -37 25 94 -112 -170 230 51 -81 191 -89 -241 -207 -29 102 -68 -331 161 1 -12 241 160 159 -106 -125 -134 -78 -83 -78 -298 -276 -61 -247 81 57 -76 -108 122 142 -101 -154 -144 -1]
[519 570 488 480 -246 295 410 752 -109 45 435 450 -433 -256 30 667 692 -454 -574 -72 -573 307 213 -278 -510 485 -184 -336 -353 261 60 696 -777 328 64 -437 436 -750 -152 246 371 -631 -352 41 -52 -153 -38 -273 259 -77 -1 -213 126 -129 -81 -172 -188 119 -207 108 114 148 148 280 129 80 -283 108 -116 81 -179 -90 -280 -27 -257 -89 7 42 -32 65 66 -198 -62 -239 141 -150 127 40 -69 -137 85 -101 130 -76 -191 84 -11 135 87 0 141 8 -199 -85 -144 -187 -97 160 -72 129 146 -117 21 37 37 -9 107 -45 -307 -180 -21 108 146 -5 -208 -47 54 -160 -56 19 12 163 -8 -261 -142 -43 46 50 105 -115 137 -6 -94 250 64 -32 7 -26 -183 -114 -103 -175 147 48 177 -177 80 -104 59 12 190 -67 -51 -1]
[-339 -544 181 -736 344 858 -825 586 -90 415 -416 -669 671 288 732 -652 84 571 225 -450 224 -395 -844 476 -785 -609 -768 305 -304 -184 80 556 887 -92 663 -770 327 -435 437 -288 379 87 247 89 35 218 -100 19 108 176 -233 -63 -172 -68 -8 -393 98 -287 16 280 -181 232 -45 -166 23 -112 -84 52 -320 -118 11 159 -134 32 15 -108 111 -24 103 -72 80 -37 -13 96 357 96 210 -208 -24 -123 -143 -19 -105 -269 -480 -73 -179 72 -59 -38 142 -94 247 -138 -78 111 8 27 -247 -38 154 -150 269 -136 105 -257 -80 346 -71 -143 -322 -127 134 11 273 2 92 58 -80 -152 -162 -153 5 73 162 168 -150 -7 223 -116 -18 -335 120 -68 106 10 104 2 5 31 45 39 137 19 -189 7 -166 -49 139 -13 261 -2 11 1]
[-116 -598 750 -540 396 595 641 585 -333 -812 -114 -368 648 -229 127 788 498 -778 -606 486 -403 40 -65 838 -635 -86 -624 382 -521 528 509 -514 335 -251 -778 438 656 -195 951 40 304 512 -10 161 -195 -209 -197 109 154 -114 -25 39 -120 76 -65 -52 -181 11 262 -181 278 -336 45 192 -83 -98 51 -236 110 69 12 -90 -148 -2 -95 -43 -90 22 103 190 -70 71 -64 211 85 1 -90 11 -34 -73 -14 -74 -126 49 290 132 99 -58 -169 55 174 200 -150 -193 -329 -75 -17 25 -86 86 -56 94 108 -47 -127 30 -88 27 -236 -14 -43 126 -171 -14 88 242 -94 74 9 -245 -78 -59 -175 35 -51 40 7 -78 -191 238 -218 -243 87 -14 -144 -13 262 92 23 325 204 -134 -91 91 -143 91 -91 -160 -5 -225 -16 -51 116 0]
[576 -685 -154 -184 777 198 -525 -185 640 578 23 485 769 -61 -42 -818 480 823 576 816 527 -291 501 -574 459 487 -426 -24 -712 -847 276 -698 408 744 -393 619 911 79 -159 -35 -201 435 -290 -2 97 -488 -79 102 -406 -346 125 -57 168 588 366 260 -136 197 -165 -344 -90 -120 20 -21 -137 68 68 -14 -4 -167 200 -245 -7 180 14 74 63 -132 61 114 2 -90 -173 -220 -154 13 -296 147 -31 287 39 -83 -111 148 254 -182 231 8 -51 -146 40 63 -98 38 -331 -138 -192 1 11 243 -155 -144 -78 -10 -105 243 23 -87 -135 370 249 24 -291 120 -163 98 -40 176 228 44 96 -30 72 204 -68 -165 -86 83 -220 173 77 -99 134 -41 -150 -99 -203 50 -50 263 148 -220 -88 80 116 26 10 85 -165 -22 54 -150 198 0]
[-864 475 885 -871 -615 -176 -142 396 602 176 -377 530 -183 -479 -128 -895 682 548 -300 -328 -476 -62 -687 567 183 190 188 444 200 114 -477 827 838 -807 648 -798 333 -686 247 852 17 -49 119 -101 104 116 -255 265 182 -112 25 3 490 154 131 293 -12 482 -194 -227 155 -229 6 182 -87 238 -2 108 56 170 -172 -214 145 150 93 59 41 141 38 35 53 -1 -29 -222 -235 -190 -356 76 -67 -52 20 62 7 -1 223 28 28 -35 157 -26 -39 117 -213 -37 -13 -57 78 -74 -40 -13 -136 -29 -6 82 -148 56 -30 -213 -148 328 118 83 -232 73 -79 95 -153 -79 10 84 29 -2 17 32 -118 -26 153 12 -305 168 110 13 -114 -67 -198 -87 -148 139 17 -139 177 -87 -200 -118 -24 -25 76 -156 85 -113 -62 -102 78 -1]
[-809 522 731 669 -607 266 446 -184 585 341 648 -55 850 -777 626 -645 21 -511 -674 -823 -472 -604 -701 -790 429 152 847 412 377 -720 -847 -128 528 -439 -706 -83 722 -325 136 -668 -33 154 224 214 -81 106 101 -66 -121 168 -196 19 71 -482 65 175 -126 161 -254 -116 -164 -207 327 21 177 253 -56 2 -141 -157 -246 -179 -14 -178 104 -435 -29 -25 22 -54 52 -113 -77 141 -105 14 274 116 -284 54 23 116 -61 -312 79 144 142 -118 207 63 142 -67 -2 -40 297 -74 276 -42 3 95 -177 212 -190 124 167 181 -169 -149 -190 -17 202 271 -35 -49 66 62 105 -83 -36 262 -96 84 147 -73 1 105 52 -26 -197 -20 135 66 -121 -148 213 -136 64 -174 -296 107 82 75 -95 269 34 67 44 202 -210 -74 -66 64 -150 -2]
[211 756 -724 475 -690 -531 -776 554 -315 -706 630 -711 126 -231 84 121 626 61 527 409 -395 -375 -399 525 130 663 865 42 -827 661 -854 319 -425 -812 459 -605 223 178 103 -236 106 19 14 -198 117 386 -344 54 233 118 -13 -30 33 65 -16 -106 214 14 27 75 152 203 100 -60 -37 -41 252 114 -64 -15 90 -53 78 -62 42 -177 18 -106 88 -250 123 16 52 40 77 268 195 -97 -183 58 -56 -8 7 -216 -186 135 -24 13 118 -181 -3 -59 278 -70 -96 59 -23 65 -373 115 93 -50 -60 -19 27 -397 -52 174 -16 -167 -250 -16 -51 -183 161 -162 115 173 -369 0 21 -4 21 -167 -17 -16 -55 -109 100 -130 101 -174 -12 -192 246 82 116 -111 -144 -98 -183 54 131 -232 -177 -92 -104 -284 74 141 118 32 244 0]
[140 511 -762 298 334 654 862 812 -645 465 579 781 257 -574 -209 338 410 -143 123 -414 -262 501 755 442 786 201 222 612 346 725 -564 -502 100 -915 -406 130 -242 -483 291 -441 368 118 329 224 -288 16 -71 -172 -140 369 225 -106 -211 10 113 -123 0 -45 36 376 451 -262 95 249 35 -143 47 -144 -69 285 320 179 1 -113 -138 -394 179 -64 87 123 113 69 -76 78 83 160 351 75 -170 127 169 4 17 78 -7 -60 199 33 -43 -16 58 124 125 17 -282 -4 -21 185 37 425 149 250 48 -292 -19 -1 -177 159 -5 -52 -93 217 68 -12 53 160 -166 278 -170 -188 -355 -37 -183 -18 24 5 -150 -150 -30 4 -116 -130 268 -30 86 80 410 -100 -200 295 110 34 175 281 40 130 -392 149 228 207 3 100 28 2]
[-309 -642 -96 545 793 -674 13 -382 72 -353 -312 -168 701 -575 212 649 870 724 701 502 -389 -75 878 -142 -641 58 124 827 -317 461 -521 -295 -382 -361 710 -345 -402 -755 -100 141 517 -610 154 564 346 166 28 -145 -164 234 -75 15 -106 -501 -45 -73 127 -200 70 -226 -22 12 -34 -47 266 27 -374 36 2 -36 -210 -61 37 -77 -143 -53 -131 -7 -67 156 -35 22 -227 156 -28 -471 80 272 -2 -318 88 -153 -79 -3 -16 -61 135 -34 -154 244 -181 109 -317 62 281 -59 25 -142 47 -51 -65 -43 113 -151 120 109 -62 0 35 130 -34 37 216 207 18 10 -83 -107 -73 85 40 68 -14 78 6 -178 -47 -107 112 196 63 249 -110 -40 89 -225 -80 -193 -45 -129 -34 -42 -200 100 119 -276 61 160 -284 -229 -98 -4 -336 0]
[150 -715 234 -783 391 -89 587 -244 427 164 -767 481 232 543 -475 221 845 27 26 -665 876 59 695 236 -793 -563 414 -457 -597 -605 -129 411 370 -809 -205 186 -305 35 -870 137 328 72 -299 -195 571 195 229 -161 69 295 -182 98 181 73 -93 104 234 97 61 -139 196 -124 -453 -135 53 -138 -61 148 23 11 -91 122 43 38 80 433 -91 -76 -7 -123 12 106 0 -104 -108 -8 -137 -26 -94 -119 147 -81 -9 -20 15 38 -195 -72 -141 80 -424 -124 -58 110 106 -70 -9 -57 -45 -151 -143 59 39 -84 25 -79 29 38 54 172 149 -31 11 9 -226 -222 23 132 52 -11 219 -43 215 168 -63 -126 -175 -90 -120 -37 -7 134 -25 -102 -203 -80 11 -82 70 -47 145 -116 21 -74 -59 -258 140 -138 -178 169 67 40 132 -1]
[602 281 -758 411 -555 -382 736 50 -577 -451 -18 -520 18 -212 -302 830 287 313 -618 -84 -801 -419 436 -598 823 641 -68 -700 410 -825 -708 -791 15 -167 -785 197 207 40 -542 -393 -134 -949 -10 -109 215 28 -119 -215 -270 113 -86 66 10 -545 137 -159 -235 -150 122 -191 -131 -80 346 -162 -154 1 103 -97 -55 -15 -135 -369 102 189 50 -73 -80 50 46 -78 -248 -40 -19 155 120 194 85 -68 7 -166 -98 -29 -15 -105 234 97 140 62 62 31 190 187 0 -129 -44 2 -23 -123 35 39 -132 183 -264 -106 162 -101 -48 -89 -246 -86 -59 4 -235 -79 130 192 222 -23 242 -97 -98 141 90 -69 48 55 -43 -62 -96 120 -98 72 21 -63 97 24 29 -121 -240 63 29 137 65 266 -87 -30 -63 -172 107 -113 70 -88 28 -1]
[-395 -636 230 -590 -580 -362 569 -690 -595 461 -704 692 73 483 199 -173 765 71 -659 -313 -683 602 -558 590 181 874 722 589 -273 -547 -482 20 -773 400 -247 76 -11 -26 279 431 -546 665 -501 -55 -56 -150 -158 -221 -144 -167 -5 147 174 -223 250 38 390 -143 104 -136 -135 73 2 -350 34 -335 63 276 102 -120 102 -95 251 -61 -156 189 -41 -7 31 -27 -79 125 37 -77 -113 18 15 60 -28 147 90 160 -29 198 -128 -331 306 49 208 -121 133 -59 121 -18 101 -38 -22 148 138 -75 183 -60 -28 -92 130 184 96 -104 318 94 -88 -40 155 -32 154 -197 19 -77 -117 149 95 107 352 64 -105 -11 12 138 -8 -54 152 64 -81 -261 64 75 60 100 87 -45 -217 -52 24 -87 27 -173 164 -125 -35 -57 -338 58 -87 1]
[247 -117 -630 34 549 -802 -204 -324 471 16 -236 497 459 105 64 -586 -440 -519 -751 258 27 -125 107 -238 -106 355 -209 -137 440 414 -81 15 -539 613 787 -843 123 -255 137 576 -202 -215 201 -153 119 57 405 355 160 -174 -386 -45 21 -202 8 82 -285 2 -22 -169 -498 328 -110 -178 -4 271 -20 128 -171 -342 13 -84 42 97 220 166 -30 -291 -172 -177 50 -283 -53 28 -38 -122 -320 -165 163 65 -115 96 34 -141 138 -32 -84 -40 12 74 -30 -172 135 -58 185 116 -67 -117 108 -161 -33 -67 -196 80 -59 -49 164 7 -165 -13 74 -201 -184 197 -48 80 244 -210 148 37 -15 5 159 114 86 -61 32 -7 20 163 76 40 -162 -88 -149 -90 -458 -83 102 -128 -114 95 -203 165 -200 62 49 8 84 -33 -61 -111 -150 0]
[218 -583 264 -389 -218 520 191 293 177 630 3 -605 -438 23 90 355 -122 637 -851 26 14 772 -759 292 -643 -201 370 749 657 -212 -796 -787 579 272 294 -393 -33 303 167 641 111 -560 281 -367 168 478 377 175 195 50 -99 16 582 -38 -14 -86 40 -80 -45 188 -17 -47 173 -61 119 298 -106 39 -93 49 218 45 53 -94 2 -92 -56 185 -11 -8 89 38 80 -80 -178 -180 -80 134 96 195 -1 -140 11 -111 -119 -9 110 -46 -44 5 8 24 -73 -88 -67 -55 -93 134 152 -52 110 151 32 -26 18 77 150 71 -156 130 13 -28 -22 344 -54 295 -4 -177 -46 104 -313 62 -55 -116 -80 7 230 200 78 -64 -42 123 -128 -11 -148 17 44 -30 186 35 -10 -4 -204 113 89 -50 -13 126 40 54 35 58 -113 1]
[-4 574 86 -456 -205 -587 -169 -242 463 -698 349 -379 616 -816 -687 -9 -97 721 -181 294 285 184 77 -95 877 -868 -814 -559 -343 207 -653 -44 545 -425 796 -46 -220 -382 178 -196 -151 695 95 -576 268 210 209 527 182 18 -92 -135 158 58 -268 24 45 -230 -186 155 -261 121 262 -20 -10 73 -116 38 -418 -82 173 -23 -11 65 -42 -240 252 175 6 -304 227 123 153 -74 85 198 471 -158 130 -18 28 -49 -40 -199 -302 122 -92 40 -80 33 146 -252 43 -107 -56 30 69 -11 -10 -12 13 -49 154 183 -28 -99 114 -23 -103 132 109 100 218 -3 34 84 -96 -134 -79 93 -157 -213 -79 -9 206 7 -76 -20 225 -317 -121 -13 -79 55 224 41 -46 -336 -202 -187 96 274 30 188 207 34 -12 275 -99 52 365 226 30 -1]
[-280 -476 414 1 1 741 -856 -344 456 485 -21 -183 180 836 853 -223 440 94 -270 617 356 749 256 89 -651 842 -538 218 -387 53 -61 189 -94 -89 -593 -141 -507 518 572 189 50 -377 -19 -75 249 324 3 106 -406 196 -143 -235 -263 445 63 -191 63 -192 20 170 -185 54 -239 74 -95 -195 -111 -191 -67 10 96 181 -32 243 -49 37 -86 -29 -31 117 -7 213 -15 143 -47 -243 -195 -21 207 -128 -127 -336 -50 178 -126 -50 -85 -164 -183 45 -68 115 -86 38 1 21 -131 -48 78 14 91 -63 348 25 -110 63 -113 134 102 159 -76 -76 112 94 197 103 -191 35 122 -58 -12 -229 -373 192 27 77 69 100 -12 124 -140 47 69 90 141 -111 -110 12 150 60 149 -51 -36 -112 44 280 -99 212 -77 -199 146 109 8 1]
[-188 -263 385 -266 599 112 195 -130 502 498 -821 -318 -167 188 230 168 -276 -787 850 306 358 -776 856 -397 -840 -78 729 283 5 134 -629 63 820 -93 -133 -608 725 -704 -529 533 -108 -107 -99 -366 143 -58 331 -105 -234 -190 -12 46 71 293 -66 -29 -109 173 -211 88 -124 -67 -106 322 4 27 130 -45 -83 24 188 84 -70 61 49 300 -13 69 -122 58 -63 26 46 -278 -170 82 -331 -169 166 126 -13 -9 117 145 -12 -65 -85 43 89 111 -62 -153 -247 173 -125 -111 -88 97 159 -51 -83 -26 166 235 -92 122 173 -174 -254 128 95 60 54 -85 -169 83 -56 76 103 34 -51 -99 72 15 -191 260 306 7 35 -254 -112 -15 -80 248 -105 -150 -245 247 289 -84 -115 -172 -56 -88 -39 217 39 213 95 91 2 -35 -55 -1]
[233 149 -301 -518 183 818 835 -683 83 385 -583 435 757 830 -776 -406 855 -119 367 527 -237 -453 -681 877 -339 430 -44 -310 -861 564 -211 802 -60 789 -654 692 -12 -608 -931 -208 70 -640 -230 876 -15 -666 -227 48 -336 237 1 144 -26 -354 3 224 152 186 155 -46 463 225 107 -264 209 77 -61 178 -102 118 -177 -176 32 140 -190 238 -96 24 115 177 102 -192 138 45 225 66 103 159 -20 -66 123 105 46 27 -4 -43 299 6 -92 -255 173 -3 81 95 237 86 173 -132 -59 62 -38 -66 -90 -2 -36 -93 -103 -116 -71 -230 -100 192 -34 -276 74 -43 322 -284 -47 210 -154 230 121 86 38 -135 215 11 33 185 221 -22 -32 -196 157 -104 222 -11 -87 -89 150 195 -36 60 -39 -10 -71 -338 -204 -242 -133 -85 101 0]
[-533 646 -392 -527 -330 -870 -53 426 337 -391 673 -95 507 -241 791 649 -409 -552 303 228 -335 -738 271 758 -20 -871 -479 -425 -715 784 753 224 287 84 -440 736 -694 719 -384 691 -47 -583 20 117 -365 -185 -183 -276 77 -1 88 97 -432 -87 -84 24 83 31 9 134 -263 111 -176 219 73 -119 -48 61 201 -50 -21 103 -130 -85 -48 63 -17 -17 -171 -97 -193 136 -29 31 31 75 35 -37 17 33 15 140 -66 -43 -130 -12 -127 -73 124 245 24 -228 13 6 19 -27 -58 27 88 -79 -149 -30 -50 -42 77 25 17 -36 209 -141 -110 -71 292 -33 141 -218 -57 -40 -184 -10 150 -54 -49 29 48 94 -1 -9 -31 -137 78 -119 24 74 35 -13 -1 117 76 91 -195 -96 -41 -220 19 -4 153 81 89 58 -288 24 -141 0]
[-478 60 -317 11 603 -529 -739 26 361 829 412 -821 -531 -274 791 -46 -241 545 -28 549 -447 -33 352 216 -575 -637 524 54 702 458 -891 343 508 93 -185 -161 185 -321 202 -446 -39 579 -944 49 -305 -67 139 145 -79 -85 279 142 -321 123 -140 -106 -28 -291 -38 326 12 283 -310 3 26 -275 -54 -118 161 30 -55 155 32 24 -192 92 13 -81 45 -98 -6 200 -6 59 -95 165 39 6 52 42 23 -80 20 233 -219 -31 -308 104 -165 -160 -56 -28 43 202 29 53 -213 -189 -166 10 221 -213 122 18 -312 229 -22 -17 273 -115 77 -15 95 -72 62 -251 -249 -20 -201 -220 170 -150 -327 171 -23 -100 -198 -76 29 6 -82 -95 20 154 60 102 37 112 181 72 37 131 153 -103 35 203 122 -64 58 4 207 147 -109 0]
[398 -41 715 264 193 278 -271 -201 10 -263 -342 76 139 -571 -574 -80 747 -869 389 -604 716 -516 -49 563 744 -111 134 -439 794 -21 -366 606 587 225 -315 282 -127 836 995 -114 517 -697 272 945 -106 -730 1 28 195 -4 -278 28 -302 -238 -91 86 -20 142 -195 119 68 -58 -351 404 224 -103 -165 21 -24 -170 -87 204 -231 -236 86 115 -8 -261 -170 48 15 -7 -101 44 205 -106 -147 -91 -174 -6 -6 1 -11 -115 49 -26 -2 -32 160 176 46 -138 -207 -30 34 -259 -87 95 60 136 -34 -18 -192 -31 -177 -58 133 -101 -398 20 -88 155 4 182 -276 -120 -35 -188 -158 18 285 5 -106 -25 -52 -31 78 182 -156 38 240 -292 -95 -42 -358 -115 32 171 97 277 -90 -460 -191 -166 -26 -16 111 -23 123 2 -310 -7 -68 0]
[-376 364 49 221 707 -787 656 -266 -81 -840 -529 590 -263 559 598 73 -82 30 -665 134 -88 868 197 -167 -590 -711 -42 98 -266 835 635 -517 -58 423 -9 652 81 882 79 -397 -243 547 47 -95 -437 -203 -521 313 427 -113 248 -225 -57 -146 18 -158 24 -207 -54 179 468 123 -138 -66 -149 -109 -28 -31 54 -21 73 102 -142 -7 -232 -153 -10 -125 219 7 336 89 255 219 -21 73 124 9 129 -118 -199 -21 -77 60 -145 -15 -29 -44 44 -115 255 137 235 43 -20 28 25 -100 73 230 176 -51 -14 -83 -25 28 -358 98 4 -121 161 135 83 3 -113 -34 -272 -4 -153 -154 42 -107 -204 -180 60 112 -29 99 -214 25 45 -125 90 -145 13 155 284 27 -115 208 223 -67 140 27 95 138 -111 -300 -82 -66 -9 50 -8 0]
[493 -511 -369 -506 -192 459 814 -319 -160 -389 746 -877 656 493 49 156 -147 -611 -655 -873 -93 714 -313 -26 -863 628 365 -235 -525 -285 -560 395 -238 -190 299 433 421 439 -115 -211 -221 -203 -244 182 -138 -493 189 -76 -693 -282 214 6 -263 461 3 51 -38 71 36 100 -133 98 -252 172 -14 -43 115 173 213 -57 -94 12 0 -20 -82 226 1 29 -133 29 -53 47 -4 -160 9 -127 -255 63 -134 -17 28 -117 90 225 40 -217 -26 7 15 -92 -61 103 -374 154 -105 7 -113 -65 112 -77 -52 -126 -80 108 -300 203 157 -146 167 -46 182 -73 -103 65 -35 -65 -122 -87 92 141 72 113 -339 31 -121 6 214 228 -87 194 -25 35 -82 244 -52 -73 -261 270 267 -89 81 -186 -5 -160 285 45 290 -28 45 -96 -95 26 -176 1]
[804 325 422 -56 -253 476 205 171 517 -239 340 352 -125 -1 -375 -26 607 -701 -818 451 129 -403 129 281 22 -84 -217 479 -348 310 317 518 495 115 -305 123 -97 465 -700 442 -465 127 -308 -647 -242 -74 -222 62 -2 -100 72 262 -80 68 -3 -147 -58 197 -75 -103 75 -110 124 4 -136 -237 134 -322 242 120 -32 85 -41 4 -133 -79 -62 1 202 50 -147 84 -64 211 -175 -47 -156 187 -41 -4 -69 -173 -226 178 292 -165 47 20 -16 -146 50 423 97 -58 -5 -104 -20 19 -93 87 30 -153 -11 -63 -86 -99 -80 -3 -79 194 20 75 -145 178 208 130 -16 -56 -122 4 148 -89 -132 109 -85 -7 23 29 -283 215 32 -182 -147 -374 -15 36 -72 347 101 172 -63 -143 8 -221 -128 73 137 -89 -103 -250 -53 -138 277 0]
[239 773 -667 413 -564 -167 -862 861 332 -466 71 241 -735 72 -265 116 798 703 -76 390 718 -841 -746 -451 69 -855 -483 -320 709 343 463 752 -721 -189 -568 686 -110 -728 745 166 249 -516 -277 -166 239 -217 220 55 -262 -234 56 -58 -49 0 77 62 131 138 -75 -44 -358 71 -186 -336 -60 -262 111 178 -291 -253 224 49 118 -92 -129 -140 194 -119 -145 -368 59 -150 161 -98 96 96 115 -213 -51 -1 101 -19 122 -61 -219 -107 84 -6 127 -54 81 -381 180 123 -99 33 -196 145 41 -49 -124 -60 52 176 -180 -48 188 113 31 126 -86 24 214 -90 -56 -192 -152 -104 53 56 -98 -94 38 172 -1 139 -56 69 216 -395 112 173 -68 249 230 -32 -195 -7 -56 -33 6 -72 102 -151 15 47 172 44 -27 181 63 68 80 -2]
[-631 -727 701 273 -560 732 -546 183 674 625 -787 326 -272 506 -85 -864 589 643 -583 -398 -594 107 -259 -174 -607 166 -430 -875 -500 -163 -839 -290 801 845 423 518 -258 504 328 366 94 -522 -305 144 -170 -337 100 115 277 -346 -65 -55 54 -127 -25 143 23 148 -97 26 -13 -53 -363 214 -26 -181 -105 151 -151 -250 1 115 -52 -190 -76 143 96 -175 -139 29 213 72 187 -7 30 -185 -268 -160 -102 -3 -17 -70 -19 -17 92 36 -54 -49 16 33 166 -256 -225 -84 -165 -166 -12 68 86 -13 13 -20 147 63 -204 40 237 -57 -179 72 -19 112 23 -24 -160 -88 -173 -337 -29 -85 112 12 -110 -2 -196 -27 71 97 -113 -76 116 -120 -145 202 -191 -65 -62 288 96 78 119 -197 21 -23 -89 109 181 -17 57 -76 -120 141 -103 -1]
[699 -146 505 82 743 698 -528 -127 -444 527 -426 -739 16 -198 306 289 -341 215 39 627 504 490 -264 391 216 -825 -591 271 129 791 -573 398 705 -584 814 -494 368 287 -77 263 -43 -23 -357 -124 -108 -205 -174 -169 -38 -126 355 133 -311 -62 -30 -101 -1 182 -371 -35 332 -77 -86 164 53 -237 124 -100 377 242 -46 -75 6 2 -142 -45 70 -55 33 -167 -124 220 -137 -65 108 151 251 74 -246 186 206 101 -29 224 -42 67 63 94 -23 -162 -118 62 79 -18 -163 -164 4 37 -321 53 69 -74 -48 6 -221 49 -18 -16 128 -69 -154 178 11 -117 -86 -263 -87 328 -152 -131 184 -115 -74 -41 -93 -149 -288 -202 36 -10 -22 -96 147 68 95 124 233 -76 -90 104 -211 -111 114 -281 63 -162 -55 -283 51 242 -39 -6 146 1]
[665 -858 402 512 -619 608 192 -368 -779 -741 705 446 -85 -607 -849 -385 443 102 325 63 820 -393 621 -181 195 196 599 369 -681 -792 473 307 -52 854 -605 389 372 756 975 -725 -2 -445 193 28 -44 272 -102 123 -509 -203 -8 -252 -293 556 43 -198 -195 -118 -18 -2 -331 20 118 331 -55 -246 -71 -240 -79 134 219 124 -164 -43 81 -51 7 -94 -77 76 -23 -8 35 42 -27 -139 -276 -128 63 -54 -118 -206 -191 121 88 -40 -99 192 236 -17 -19 14 2 -68 -96 -90 -250 206 172 115 129 4 -149 79 65 0 301 -149 -441 -52 -170 42 -103 42 -89 39 -41 67 -106 -87 130 -126 -144 70 -21 26 16 326 -118 -108 -56 -169 -106 -46 -93 113 -110 199 -14 120 30 -259 93 -182 -40 36 212 -8 70 -36 45 -23 101 0]
[673 -85 411 -856 73 890 -443 -791 788 -193 234 -844 -388 -19 264 -642 -478 -222 396 261 728 521 598 510 -68 -220 -908 -391 -431 519 -775 -491 28 -301 278 -616 50 350 156 202 -481 -288 -105 -43 -369 -216 -302 73 498 -106 33 -176 -277 154 60 -139 -524 208 -89 320 -171 119 126 577 -32 129 -226 12 205 147 -237 -115 -328 26 49 -164 -147 -97 -39 -107 64 -307 -69 17 209 -21 -43 -189 -122 -319 -86 -3 134 48 -20 79 -219 125 196 77 55 193 -143 -84 -11 77 25 4 81 1 65 -149 -212 44 -28 6 -146 -82 -203 -233 -96 124 27 -45 -45 53 43 -67 -43 -16 84 -14 -264 -137 -18 118 258 148 -57 152 1 -187 -88 42 -130 28 -145 -12 -263 -109 -47 -211 204 -129 93 100 10 -20 222 -4 -50 -153 59 -1]
[828 -517 -133 -697 -373 -450 -633 -772 727 -158 579 -201 -714 636 368 -682 -192 480 820 143 752 -58 -81 21 -724 678 36 400 379 -399 -70 -102 811 744 715 -204 -829 842 217 113 -445 201 351 -125 -408 -215 -122 -93 -53 -301 4 -136 -38 151 -55 -277 -231 165 -270 139 -87 -140 3 80 -40 -98 241 -110 -7 -58 268 172 -114 -164 -79 -185 76 -119 -22 -12 61 -5 140 62 -141 150 -84 -137 72 167 -103 -36 -41 9 -59 111 78 -160 65 66 105 -53 130 -28 -206 -2 -74 42 -15 42 47 2 84 21 61 -1 -113 217 18 72 -42 -57 28 92 66 6 -113 46 -101 -138 -104 -64 31 -107 5 290 38 -62 23 -245 85 -189 50 -32 -20 30 -149 2 91 217 -176 -175 -102 -167 -195 164 -93 -14 105 83 2 -37 95 1]
[177 -185 403 300 -230 505 538 53 504 214 -325 -294 -509 487 106 -43 -274 -258 313 -359 704 -656 396 -387 411 424 -443 251 -327 -681 178 483 -463 -512 -189 608 -63 952 -395 265 12 -686 400 -1015 -130 505 76 273 191 -99 -299 -245 351 -61 -144 -299 -231 -204 76 284 -98 48 174 98 -30 -37 112 -26 -125 43 187 -91 -94 117 -80 -456 61 1 62 -225 199 -12 156 25 -239 165 -75 -57 18 90 -33 -296 107 39 -254 243 62 -80 -133 88 48 -83 147 30 -87 128 -158 109 8 197 205 -33 280 67 33 61 -149 152 104 106 -17 -39 -15 3 182 -8 -139 158 -32 -222 -323 -132 -199 -17 -27 184 -75 -90 44 -158 -23 81 95 -1 235 32 -129 -362 -183 -35 35 102 19 84 99 116 -120 143 -35 56 461 281 35 -1]
[231 -690 -640 -846 133 116 -45 -878 409 790 878 257 303 -390 -135 311 -872 134 787 -847 -81 -716 -529 136 -23 -311 -490 -476 -54 369 487 -750 -198 533 619 872 768 -439 11 -264 -482 213 674 -187 -263 126 -6 193 218 154 -306 -76 338 -179 -77 -284 -121 -84 -213 -88 -205 -271 89 -212 -30 46 35 10 -125 -76 68 -165 48 -13 43 -181 -5 -123 62 -181 77 113 29 69 -176 -56 -131 17 1 125 0 -149 -107 21 72 -61 124 -53 -197 -9 -131 25 80 -152 54 75 45 -134 47 217 5 155 -38 -72 72 174 113 -40 55 259 155 17 -100 161 11 74 -90 105 -73 -145 -323 -10 78 89 14 -45 -241 -79 -141 65 63 -38 -118 -203 59 82 -34 -230 114 173 94 147 -195 221 -210 -37 68 8 -117 -14 224 223 -1 0]
[-132 -608 -865 358 443 -663 -865 -255 12 403 41 -805 -505 -233 -567 -617 203 346 -244 -562 857 442 -706 -329 -430 -865 -46 -803 -770 527 418 -364 -642 -741 689 -896 -770 96 -463 -193 -420 239 441 -575 105 189 -65 296 432 -126 162 -67 308 44 -365 6 -56 -139 -101 -18 55 6 116 -270 -85 109 6 -29 -162 -57 175 -22 -2 129 78 -351 69 -8 55 -209 126 -10 260 34 -43 377 366 -167 152 -48 -169 -58 31 -163 -109 50 -99 68 -33 -72 148 -153 277 220 -125 108 13 -3 69 158 -91 115 -104 64 -86 40 -87 40 -128 -114 277 219 88 -105 -68 48 -173 78 -85 -55 -136 -129 44 -39 85 152 -161 -133 21 -187 -81 193 -53 4 122 78 270 -243 -149 109 136 313 65 202 86 189 22 64 -123 171 292 179 -18 -2]
[355 230 368 817 136 -605 864 709 417 460 -284 600 613 132 -848 825 628 523 -537 7 -540 -406 416 -461 -449 -173 344 -110 395 -638 28 615 -636 835 452 433 528 835 126 151 -370 -162 -155 54 -39 -298 -377 -93 158 -173 232 -145 -176 380 181 75 -216 212 -205 189 32 90 -35 281 -64 -149 -226 -140 -33 92 165 56 -180 190 -59 -23 -95 4 42 160 71 -37 36 143 34 90 42 -109 110 -78 -112 -216 -55 77 -188 -152 -276 80 -38 58 69 46 -132 146 1 8 5 19 138 -34 46 -100 161 -24 63 126 -159 -65 -334 279 -24 -55 188 -36 146 164 -122 -42 115 38 75 -182 -92 73 -92 202 280 86 103 -41 77 -110 -132 -12 -111 -187 -59 226 -68 181 -20 -277 194 -60 -60 359 59 273 22 -2 50 -278 46 -1]
[-287 -497 -840 -66 632 -556 540 -119 -340 143 -818 -412 -101 -520 491 -577 503 208 397 127 232 -199 478 467 -648 -823 -200 -749 117 -140 -257 -57 -468 -389 -450 435 -583 666 -302 914 -254 60 132 -177 294 186 -235 19 -56 178 380 72 -256 381 220 -17 37 -233 -52 47 35 -190 177 4 -168 -99 43 -411 189 177 268 38 199 158 153 52 -66 127 18 121 28 214 80 94 -121 77 -137 120 62 67 -140 -196 -6 187 295 168 52 -54 -3 -40 -198 114 -12 153 56 -47 -105 -60 246 203 -139 153 -312 -5 119 -87 -4 -88 -135 107 8 -15 -172 34 -166 88 -117 177 174 -66 -5 18 -97 -3 -52 -67 113 192 -176 4 -183 -18 113 78 60 -16 -37 43 -68 226 78 -51 32 -63 89 74 -190 99 -61 -19 94 -76 183 -3]
[515 -314 -856 333 221 -191 764 263 11 -575 -399 155 858 -710 309 291 -39 15 420 -29 626 708 817 -518 -289 57 -29 -617 773 811 -821 687 79 458 81 -466 234 691 -364 75 -75 8 -12 226 -385 -117 411 80 249 -181 98 99 -324 -255 -275 45 -106 -334 50 259 -243 302 -90 -269 -11 146 94 91 -109 -88 1 217 97 -112 -88 -98 169 -113 -49 -101 101 -84 241 -108 131 38 154 -212 24 17 -97 152 109 -119 -201 18 -88 28 -175 -87 138 -300 282 140 -136 49 1 11 -45 -127 58 24 77 133 -128 -64 77 248 175 -444 -4 -176 193 -116 170 45 -35 -145 -102 -148 -185 26 -51 45 -23 153 -50 -106 327 -145 -126 73 -18 166 -36 -113 52 105 220 -194 11 201 -2 218 -18 81 -106 160 76 176 -42 26 -327 2]
[886 271 850 473 166 -216 -704 -5 -442 197 394 -619 -52 447 -758 -114 352 171 7 385 -312 717 487 -29 653 804 816 794 858 379 -101 -438 600 180 256 651 420 317 -562 -37 562 -453 -82 -489 -284 240 246 -157 363 76 68 71 -198 -137 -119 -465 181 -142 -13 193 -52 8 -26 74 148 -42 10 -170 26 -163 95 233 -81 -459 24 -122 -8 -139 114 3 -79 -8 -80 -84 -168 27 101 122 -100 257 79 60 -127 -151 -238 -128 -50 -47 25 181 104 -17 195 90 -71 -137 -151 166 -254 217 57 -92 149 -173 -11 8 -4 53 -8 3 -60 173 11 147 47 -201 -17 339 -427 -127 -69 -93 170 8 -5 -38 -333 -22 -113 -256 15 -168 -60 -145 215 215 224 121 108 167 -151 46 -19 15 -175 19 85 99 -2 14 -14 184 -145 -2]
[610 429 214 -701 46 -493 701 625 661 638 437 -312 861 182 822 -732 691 -326 234 669 183 -164 -378 -373 738 725 -871 828 335 -466 -821 722 195 -690 465 87 156 312 368 943 16 707 523 -46 174 414 282 31 253 334 -46 161 197 -259 -10 65 -15 -309 241 -25 138 -423 131 -289 -39 136 3 -78 3 33 188 -10 188 -13 69 -134 -86 -9 86 -124 172 -55 49 -12 -59 210 261 106 -48 -2 104 -111 134 -42 214 231 123 -122 -102 -36 -258 72 59 50 79 72 -5 -44 70 68 -138 201 -361 -29 191 -18 103 56 -143 44 300 2 -80 288 -271 231 -13 112 -115 148 -254 150 108 -67 -11 -175 -52 17 -83 125 -80 99 -57 -71 29 184 42 -380 -40 70 129 214 -188 227 87 -189 -99 72 -95 54 176 7 -27 -2]
[-503 397 -340 -192 -740 -334 -560 658 -506 778 -495 443 -25 789 85 362 564 -291 107 378 -412 -893 -271 762 -637 -355 -418 587 702 486 438 248 251 -945 392 -382 -7 -70 399 -356 -126 -437 -271 -354 99 383 -60 -212 -215 -196 -80 -185 -70 356 -83 -150 -76 -74 -136 -302 -148 203 125 -14 -67 55 -63 -71 -118 -24 -187 -136 -94 60 45 -171 166 165 -56 196 -201 -40 -350 -119 191 -277 3 3 -34 125 -80 13 -194 65 -184 -214 -145 218 -79 28 87 158 -45 -168 -15 -27 -81 94 -15 -8 36 -239 138 -8 44 -74 169 119 306 16 -132 -135 -35 152 34 42 55 207 223 -79 -5 -172 36 -58 51 -177 -158 148 246 99 -22 46 106 182 -77 13 -132 -63 176 -125 -268 -56 -10 -43 97 -179 21 100 20 -117 124 14 186 2]
[-250 459 -517 -858 680 -455 83 106 229 -453 871 508 -857 236 -418 -818 -754 147 -144 -312 184 -307 -463 -789 -845 -381 -197 493 559 -161 801 448 259 539 509 -248 -779 171 854 369 604 -278 -65 378 -635 -380 253 24 403 -14 348 62 -115 -129 70 -212 -537 52 -204 128 -156 -64 335 258 -36 156 -94 -269 -29 22 2 -46 -190 -275 -85 -562 -38 -49 36 -56 0 -139 -94 166 -135 92 209 104 0 31 -42 119 -100 30 -44 77 -98 131 197 136 116 34 100 -144 40 -49 2 118 -16 158 -37 72 -189 -21 85 121 91 -101 -138 34 124 117 102 99 -17 167 -113 245 -99 -160 -149 -55 -62 -166 -24 10 -201 -88 -178 -250 3 -42 -119 136 147 312 -5 118 -152 216 -176 31 152 116 -196 158 6 169 212 50 99 -94 54 -1]
[-843 327 23 -177 368 -367 660 -271 410 -287 -818 -299 256 -749 106 113 -552 -38 448 -88 -802 457 -241 725 607 -10 -209 -764 -37 -455 -189 363 -652 254 -884 -295 247 -793 -7 727 185 -646 -484 -327 -21 33 -249 56 -58 -250 144 65 328 136 74 153 309 301 104 27 218 -101 85 282 141 -198 -131 41 323 143 55 -222 -11 -212 -63 125 -29 98 156 86 -22 71 90 -158 -77 47 -85 159 -314 189 224 -91 -141 -56 -113 8 129 -85 195 120 265 -49 -189 -121 -197 -198 -67 289 -159 7 143 -66 183 -31 -121 162 -8 -187 -189 294 -273 205 -141 -32 84 -159 -33 -85 -242 46 101 39 125 8 -228 -44 98 193 -199 -164 139 -100 -25 -314 -189 35 300 147 -118 189 6 -313 -25 -199 84 -84 131 -211 -124 -124 -207 150 159 -1]
[-865 -112 359 535 -95 373 -547 637 782 -521 476 762 -230 -302 606 659 -126 397 671 -282 621 359 386 547 -778 636 -619 -611 -36 157 654 590 440 124 -314 617 548 -353 -49 -211 -168 68 203 112 360 -450 -77 248 81 277 322 -156 -50 -303 535 186 140 -95 -43 -250 -137 -195 121 12 -25 88 104 179 34 -11 -104 -222 281 345 201 -3 -73 -8 18 99 -29 137 -11 -2 151 -100 19 42 -154 -176 -26 44 204 36 132 60 208 -132 168 15 -142 160 -233 -210 59 134 230 -157 101 -19 -8 197 -112 -76 273 124 -138 -158 143 128 -8 -227 -289 -134 58 5 72 42 249 144 27 217 -164 -54 142 -120 83 -54 -80 270 -183 102 245 -86 0 -43 -130 -320 -441 -68 248 35 38 225 265 -235 -227 51 8 -26 94 -33 -189 0]
[-519 477 -487 680 -522 -164 74 -496 526 -511 227 843 49 181 566 186 467 499 632 -392 -87 -118 9 -180 758 -372 -141 -489 -361 -22 524 323 814 295 -76 392 -622 -423 -130 221 465 26 70 -560 343 501 36 179 119 -125 9 -86 286 341 84 -41 -191 99 -131 -177 -161 131 157 -25 -168 277 -4 -147 -21 -130 51 21 -191 148 -7 -174 -148 106 1 -218 -37 88 -105 -7 -296 -71 -169 64 129 53 -170 -78 -120 -92 144 -70 -212 60 -190 110 60 100 82 9 -348 -73 -33 -83 82 -18 -161 61 122 8 14 33 -23 8 -96 207 190 65 -118 121 -20 271 -139 215 84 -87 -48 -363 -28 -77 -45 54 -91 -117 -84 79 -215 125 -11 68 -50 -86 -98 66 23 9 -35 -33 43 155 -69 80 118 283 -104 126 220 -145 174 -2]
[-461 -633 548 -492 352 885 -326 308 87 -20 531 89 -600 -494 34 262 250 -794 454 -114 -556 -331 -334 -29 521 -831 -339 598 864 -439 6 460 -274 13 -483 -103 -232 403 910 -319 -502 -116 297 -189 110 -340 287 160 320 94 -185 -15 163 305 175 29 -208 89 195 204 -415 -51 -236 -69 7 280 -55 413 -316 -264 139 51 -103 3 208 413 -182 -85 -118 -198 214 -218 119 -301 92 27 -358 -161 30 -90 57 -6 254 -162 -139 59 -15 -123 55 30 -348 -237 -119 -138 155 44 -54 70 280 -245 -114 -26 -173 69 70 -178 241 117 -229 47 151 -253 77 218 -160 20 334 -259 10 176 -130 221 225 75 -36 91 307 394 56 57 120 -225 -185 3 -191 -64 -322 8 229 -125 175 -184 -266 -6 -61 -82 273 87 156 -119 35 -52 -84 3]
[723 -308 -581 -64 -502 -463 -120 197 319 782 178 -315 112 -210 138 235 -43 -337 -475 244 386 139 -409 -801 -26 -547 -311 -593 -144 -476 -207 11 268 -454 687 620 325 734 -556 -480 359 -255 246 -124 91 453 111 136 -519 -37 136 38 -170 438 -301 -147 -246 61 -21 -138 -291 -206 194 43 34 55 159 -141 9 165 194 -18 -108 196 -43 -182 -16 -12 -97 52 -66 23 -1 -25 -37 50 -141 -133 3 18 -92 -162 -155 217 134 154 -8 109 -62 -66 -169 -60 97 -18 -124 122 -162 114 109 85 -213 -27 -154 116 108 -17 319 -37 -158 -31 65 -4 54 71 -105 128 63 300 8 -45 -180 -90 33 163 -39 -90 -19 121 -8 -6 -35 -11 24 122 -7 158 -144 -169 185 185 -27 62 -76 -71 -157 18 246 65 -184 -1 246 67 339 -2]
[-852 -536 407 -325 503 798 271 299 651 245 654 419 375 -252 779 -841 64 -592 -196 586 -416 74 -6 549 330 699 -597 784 -857 390 886 716 605 513 -302 -116 73 -408 169 -771 42 248 50 267 -54 -338 -368 256 -170 -68 -85 -91 32 -311 37 233 312 -335 177 35 0 39 -75 -121 25 -157 -94 189 -38 -109 -90 -128 -29 115 -107 19 -32 -11 25 -68 99 256 93 156 96 -2 63 -38 32 -114 -20 -238 -121 41 -12 -123 35 -27 -236 -206 112 -83 -122 -121 -223 21 11 -164 88 77 105 12 29 -50 -31 237 89 -50 50 24 37 26 52 -45 46 -6 -176 -166 -120 1 65 -76 -249 7 11 -78 51 79 -12 194 16 -92 -12 6 -24 51 132 -126 97 28 141 -35 -16 32 83 -16 161 -73 -79 -81 114 178 -101 0]
[-865 10 35 701 351 847 -560 -597 -581 -475 -560 -212 445 369 761 -723 514 549 597 -175 -499 17 373 -354 -560 -807 -615 108 -504 -55 -286 35 -785 654 540 876 -191 -617 348 -434 315 90 311 -6 -616 61 -145 415 24 98 26 -342 218 -155 -115 11 4 -167 122 223 -146 292 297 118 75 217 -148 194 -268 -38 -38 44 -287 -80 -69 -140 107 128 116 -188 176 -100 78 -217 -19 152 71 -84 34 -18 -14 126 -49 -325 -267 -52 -78 132 145 139 456 -209 184 -291 -333 89 11 -55 8 185 249 -12 122 -31 171 13 2 6 -83 1 -6 35 -41 -21 -32 -13 37 -142 -242 -113 -351 -100 103 -120 203 106 -207 -28 -84 -209 50 -218 118 -70 80 153 93 -186 -227 -129 123 270 155 404 -1 -177 -83 -30 165 44 339 123 144 -2]
[797 24 313 -810 842 -40 -456 763 -177 -813 -871 623 -371 738 -51 686 656 69 153 -505 -870 -286 -185 45 558 -554 493 -210 -279 -864 448 -531 843 745 186 -563 153 542 -541 483 283 257 153 172 10 306 -380 -103 609 111 -12 -97 -394 -385 -83 31 187 -589 53 -76 -169 24 124 -30 10 -369 -245 -167 -37 68 -138 -87 95 136 -115 -82 92 134 12 84 -103 336 -95 144 50 -33 246 29 50 -205 -18 -207 -202 15 -8 -5 47 151 -21 87 193 -2 -109 -45 6 -185 -52 -129 61 154 138 -11 39 -135 88 57 87 -88 -47 65 -78 77 75 -44 122 -57 -196 -70 -73 -181 135 -125 -80 71 38 -58 -271 1 -137 83 -45 25 -7 59 216 -58 108 -94 -134 -39 27 152 19 187 147 -156 1 71 -82 -264 113 186 -162 -1]
[-281 -296 661 582 821 -790 451 601 664 153 -859 594 243 276 840 763 518 -878 665 126 455 715 -214 712 -210 658 642 -597 -708 265 426 -867 -682 -7 -723 733 -600 -73 -389 106 610 12 235 559 -679 109 108 69 71 -120 -5 -178 -20 38 195 -3 -372 210 8 158 181 11 -3 290 77 33 14 -22 -24 -53 266 142 -205 -356 -173 -325 -8 -240 51 307 250 -236 10 80 11 -129 -72 66 -138 305 -2 40 -128 215 -153 -133 142 -62 -17 14 181 79 82 -47 -127 108 -37 215 43 163 185 -55 175 -85 -27 142 -110 138 19 98 -196 -35 -3 168 158 217 -38 176 -126 -118 -291 -40 -56 59 -79 18 64 -1 115 48 112 -105 35 -220 -188 -14 32 106 59 333 -25 -280 2 85 -216 235 -184 198 92 -1 -192 -98 48 0]
[504 -456 224 -561 167 -405 739 -679 -48 201 -287 -95 -273 802 770 85 -52 281 604 651 -64 -525 -641 -317 -89 299 -441 -844 477 -84 748 -779 145 -716 251 807 -386 569 -729 11 -52 439 16 -257 -13 8 284 343 142 -4 68 -97 33 -54 -116 45 -264 41 -37 62 -313 26 21 -86 47 19 -134 -49 -346 -267 -11 120 -233 50 -111 -281 -57 15 9 -123 65 -33 32 259 -98 133 286 -135 189 -22 -71 -11 -116 -13 -247 -23 -215 34 -240 145 73 -219 135 64 111 96 63 4 75 -130 -79 -121 351 72 103 189 -24 -7 73 150 182 -68 286 5 155 41 -69 95 89 -139 -40 -312 112 181 175 133 -127 -73 259 -220 8 154 -21 78 79 12 -117 -147 16 157 -10 168 21 187 -210 316 253 362 -225 -119 304 66 70 -5]
[693 384 -196 -538 -873 24 -665 -367 464 158 553 -91 -693 727 333 -834 571 104 0 -186 -842 -43 -588 -89 761 -437 -890 604 86 -875 200 144 -358 -674 698 -550 407 -51 -255 -432 -305 102 75 -371 -64 22 50 -94 -20 -9 -155 -44 -97 -582 -110 -251 -231 -138 -91 -2 -149 -29 -16 208 17 57 -90 119 136 68 -391 -251 -34 32 34 118 -100 -81 59 -121 -101 69 -26 -111 254 -107 49 -72 -219 -271 43 -18 78 -36 -76 140 -89 -29 83 114 -239 143 -215 -192 167 -23 114 -24 -115 -137 134 -25 -199 16 -4 33 14 -139 -24 -282 69 -68 -59 32 18 -164 164 41 -104 -41 201 167 -115 -137 -23 -64 -101 -10 -29 145 -59 -4 -116 -94 -40 39 41 -198 -23 -204 70 -137 -61 -3 175 -268 209 -245 57 -61 76 66 -425 2]
[-571 321 231 539 798 200 525 607 47 347 286 266 337 455 532 -265 647 679 -624 -326 -417 -257 748 272 587 110 589 -769 -559 646 625 318 -70 720 218 -312 -460 363 581 228 494 145 -93 353 205 257 183 -8 -147 27 212 43 65 172 -198 -59 76 223 -237 139 -74 -116 24 296 222 163 112 71 174 162 -3 -18 103 9 153 -182 32 27 -111 17 -90 81 -60 -137 -35 101 49 -164 -367 198 -5 -8 80 -66 -103 172 -143 -8 9 25 36 -94 -103 93 -215 -16 -85 194 -190 -5 -169 39 120 79 -121 119 55 -42 -43 -170 -102 205 -161 -139 66 -65 -79 196 -137 -40 -139 -10 -97 -32 -222 -39 127 2 6 -146 -146 64 -8 135 -145 -71 232 -79 104 165 -26 -55 -56 -73 -34 127 99 61 4 135 55 293 -36 -2]
[-531 -483 672 -669 -186 -546 496 10 -417 -111 454 -697 -331 322 -677 421 149 267 -348 855 -532 448 773 -29 209 518 3 505 -395 -201 -856 201 -221 -314 -173 -439 -895 275 580 -650 -171 127 169 -220 6 285 82 -103 175 109 -106 -33 -100 178 15 44 -92 -103 269 -140 149 -59 3 -55 94 88 71 -19 97 78 52 85 118 105 -103 26 -34 92 60 125 14 -114 -185 -52 -170 -175 -228 66 -11 14 19 -67 38 233 197 -36 49 41 -179 -6 -155 179 -94 -1 -37 125 -55 -125 114 8 -4 -59 52 -91 148 -10 27 161 211 107 35 -118 -122 105 -49 281 -7 84 119 -27 -309 -15 128 -33 -41 -77 160 -30 18 394 -25 78 45 110 -78 30 -289 -124 203 -211 -144 107 -96 114 -126 -162 -68 118 68 -95 120 -139 165 -1]
[-52 627 -697 68 509 786 -701 217 650 833 -502 -562 598 851 129 -212 -71 -460 809 -806 -405 -815 17 -288 508 -749 797 -205 -566 821 509 -223 272 81 -554 378 -192 86 90 -401 286 421 -452 -105 89 14 -35 -183 -23 -287 434 122 220 482 -173 44 -65 56 163 83 227 -10 -64 128 -5 187 -84 -40 321 -36 52 99 -368 -87 -76 66 -298 145 7 30 58 59 -40 -31 -144 124 111 7 197 -7 -40 -92 167 109 -41 128 -198 -1 -282 -13 -22 32 -96 163 -260 -88 -120 47 -5 -168 -117 -189 213 116 -87 165 -113 136 -11 -126 162 103 272 -35 -133 -43 -215 112 -24 -107 174 -135 17 -230 -193 150 153 17 210 -56 -162 40 38 336 -171 -23 261 -1 166 125 -94 -273 32 -161 120 147 54 61 -65 21 54 -54 44 -7]
[93 62 -477 535 224 679 302 -843 23 194 -864 -397 -477 -840 352 -155 180 554 -531 -804 487 9 150 199 -259 -448 -119 63 121 713 -742 609 219 859 719 -362 192 190 -655 96 -582 -310 145 -146 -427 50 -162 -38 -298 70 57 170 -71 -493 -58 152 20 -254 393 390 -22 -76 115 196 9 -58 -3 83 222 151 -41 -13 55 -179 -52 13 -59 109 32 -83 -44 -19 145 -61 44 383 125 -202 -77 -97 117 34 146 -161 -146 124 -270 79 165 147 45 -125 -20 -47 -84 89 83 -9 24 -207 143 198 -89 -24 80 117 -124 -29 82 -230 -2 -161 145 -143 104 -11 -34 -123 -163 -58 -79 47 65 -33 -23 261 142 26 -47 -192 -105 -48 18 14 -111 140 167 11 52 -52 -36 97 91 18 16 -32 24 6 290 127 -100 67 -56 0]
[-393 590 3 433 511 617 218 -591 361 435 -538 -771 104 160 -192 668 837 157 805 -330 301 -870 319 742 -381 -712 383 180 96 -594 -731 259 -736 -860 800 -383 -281 -8 612 67 58 -514 69 -70 314 -244 291 -12 -484 215 32 50 22 6 -183 -5 152 -53 -65 28 196 158 -345 -441 60 -13 5 -128 -112 -207 2 266 -27 -115 -198 48 23 -183 72 -169 39 -64 166 -45 75 -101 75 187 44 91 -66 8 -63 -164 -203 -2 197 -221 73 -17 -48 -161 287 146 42 -53 -2 -79 -106 156 -149 34 -37 8 -87 -221 -54 218 156 -54 74 67 180 44 -133 -119 -9 46 -140 5 -50 -34 71 -49 137 44 -224 -32 21 -89 240 148 231 62 118 105 119 -21 59 67 77 95 -124 -101 32 -42 -93 -146 -246 40 -13 49 110 -3]
[-302 733 359 -752 -49 -113 -397 -392 379 -281 509 -322 -177 -711 -253 -425 290 580 -121 430 720 -866 845 650 -25 -134 -480 -860 572 -863 -789 702 -475 517 431 564 -3 -85 58 201 -293 160 180 -242 210 237 -137 226 -732 -229 39 36 56 134 47 206 170 223 -322 20 10 -100 205 268 42 21 126 150 -1 96 95 -239 -6 96 94 -111 217 72 14 -73 37 125 -88 -41 99 380 361 -84 -169 153 132 86 29 -86 -118 99 -76 51 94 -6 -74 -33 -141 -59 -102 36 115 85 -234 -42 -26 -84 37 99 87 80 68 -234 -211 133 -101 -56 -72 -63 -10 -68 -31 225 -139 184 263 -94 -17 -113 19 -89 13 -184 191 -145 45 -133 69 -204 -171 -2 10 -164 -150 53 -204 -167 14 -115 57 -87 52 -6 -23 212 40 -23 -156 -2]
[230 -318 -424 139 494 -696 504 625 -102 464 -819 -793 -113 -311 241 831 749 883 -439 733 -788 -333 764 -236 -164 448 -789 523 553 -127 -259 610 302 387 -42 537 23 -701 -1024 125 -280 -379 60 -17 -446 -397 -514 383 479 216 -147 -237 95 -387 -68 -8 -112 3 51 -30 14 150 96 -10 -24 -106 -197 40 -90 85 -231 -185 -122 325 -294 -330 154 -52 66 20 130 -25 -15 196 65 -31 -16 -29 -18 -137 21 -119 -61 33 -89 45 -99 106 -244 -17 153 23 60 -75 -112 189 95 -239 -27 191 154 -71 299 -37 -27 200 -184 -27 218 -96 39 23 -42 -263 207 -27 -203 -132 -31 -275 -193 -141 -240 152 130 -22 -178 -170 -17 193 66 -4 237 -31 75 -29 48 -242 -237 -6 215 237 55 215 36 92 -13 -185 -190 -241 356 172 131 7]
[546 -648 593 -266 -578 -845 -716 387 891 -241 -460 380 97 -161 -762 -520 -57 -596 386 126 509 -30 755 204 -599 414 208 -831 -585 292 -275 -810 -89 -41 -290 490 -468 646 -226 -65 -252 976 180 427 -298 -813 81 -158 -1 -180 273 13 -87 105 90 196 -54 157 369 55 227 -53 -209 78 17 -121 106 188 -15 -80 163 180 -42 -126 -52 -75 -71 -203 -21 -104 140 -247 148 -118 123 135 46 -61 -127 97 48 -7 155 127 142 -83 203 77 86 -273 4 -108 34 54 -163 70 -40 267 53 85 45 -21 -114 170 -99 61 87 49 64 -213 147 117 219 -167 -89 -70 96 -102 -156 214 -92 179 -166 48 -58 50 197 144 101 43 89 -109 -95 213 133 96 23 20 -181 -24 85 71 257 -87 144 55 33 179 25 214 -49 8 109 5]
[-205 -875 -334 101 -571 -529 -250 603 -632 -461 763 -289 661 877 -551 -705 176 -709 609 332 -751 -354 -209 -675 -719 750 -94 553 -569 -149 439 -717 812 -434 283 -14 -499 -275 146 644 73 -628 521 -304 120 514 -84 -73 545 -69 41 -67 -2 153 -407 -143 13 80 18 121 -3 339 -106 54 -10 252 -106 -244 151 -93 82 226 -53 -158 171 -20 71 30 -81 72 -21 -77 120 -68 66 -151 -76 -126 136 93 -288 -68 -138 -182 -142 -7 -187 -89 -73 142 -3 -18 74 205 24 22 -98 36 -107 -75 -157 -75 48 110 -292 -226 -73 127 14 -193 -192 57 84 77 15 9 5 45 33 -43 44 -135 -49 -64 81 93 51 164 260 -198 -6 136 -81 206 62 -115 39 166 275 -9 -147 75 -55 -268 -71 294 -11 143 -44 20 -115 49 -33 -4]
[312 -494 434 -232 -657 387 305 -560 -463 250 645 -21 -278 -630 -214 -162 711 745 650 267 -766 -635 -884 764 -12 487 388 382 -614 310 -104 -72 275 -472 -107 583 -243 515 171 380 485 -525 -467 15 263 25 -113 -119 698 5 -267 -8 24 -275 40 -5 132 -19 -143 -231 -74 39 55 -193 101 -184 -100 82 -262 -99 -82 -301 67 215 -58 38 115 18 1 27 -117 49 -86 173 -87 6 -31 -4 107 21 84 -66 -36 -77 -26 82 -22 110 -153 101 70 -189 5 -46 88 -112 -80 -92 -28 25 -48 10 128 -192 112 70 47 -53 -78 223 -17 -20 -45 -100 -19 -109 35 -87 221 -63 85 6 279 110 -31 -184 -168 -265 -128 -55 105 55 12 -62 91 -80 -6 -137 -100 66 -53 87 4 145 -186 -137 2 -135 -119 -41 148 2 92 0]
[704 204 -683 487 418 -84 -17 103 -418 205 -817 459 371 345 -361 832 882 352 716 205 -410 -498 438 410 -828 535 -604 -327 554 629 -248 537 -337 638 -353 -594 272 557 530 -355 -2 -57 176 158 -142 273 -35 -163 -505 370 -272 153 -4 -433 -4 84 126 -8 44 -27 -373 -93 224 172 140 96 16 91 81 142 -171 -126 108 137 137 -50 -27 -10 -222 296 -208 126 -293 147 68 -85 -116 24 -142 -38 16 166 -28 -79 187 4 27 14 115 140 8 35 -126 -64 111 90 85 -1 13 21 -86 203 -81 -123 149 171 146 -341 -82 -124 -72 -88 -202 -36 212 49 139 77 -2 92 98 196 -5 110 -35 -89 -14 -83 -186 109 -30 80 50 -108 -35 -149 -16 -4 67 43 -84 124 -162 180 -90 3 54 -7 31 -188 -188 83 -371 1]
[-116 -380 638 278 -9 -614 318 -319 685 555 61 74 433 828 -410 98 -545 634 -524 -665 -816 768 -323 -300 -447 399 102 85 327 -44 658 -212 -24 590 691 -71 780 461 -159 -558 -255 -75 -235 -207 137 -187 -11 78 -26 22 -211 238 107 -361 -17 416 198 110 39 -287 84 19 -167 -467 -178 -144 268 -52 -126 -98 -230 56 135 184 -308 120 166 95 -49 -107 -88 137 154 47 -145 9 -130 143 276 -50 -124 162 -133 93 368 -105 230 -93 35 -149 125 -30 157 137 -40 55 74 -359 118 -46 -221 -34 29 201 -147 3 -45 2 274 130 231 -66 65 54 2 127 -166 -307 142 68 12 -129 -103 159 255 189 -13 -232 -82 176 126 206 239 28 16 -100 -317 199 188 -172 103 277 -201 -102 72 81 -53 -100 -172 -161 -122 -29 214 -1]
[33 -462 700 793 -318 -765 -510 402 -65 -513 -453 324 462 38 -584 347 436 -84 99 113 834 -829 631 -215 -7 172 874 -108 42 -475 768 352 27 165 721 553 -465 284 418 865 723 -761 131 -232 366 855 222 1 546 377 46 -121 -87 -186 -257 -212 205 -220 106 90 28 -14 -43 153 17 -70 46 48 -95 73 -313 -4 -58 -71 164 -117 99 -71 19 -55 -18 258 115 -33 12 -54 49 6 -265 -181 -73 -145 -137 -71 -8 148 -22 -51 50 -13 -155 -40 -13 -77 61 -81 -90 163 -40 209 41 119 -97 -17 64 -219 102 -8 43 -134 -30 48 -1 32 -95 -245 165 194 -106 -37 129 61 -90 -41 35 -97 -284 139 -130 -119 -6 71 -1 -33 198 152 119 -155 -165 -86 97 34 159 35 108 -160 45 -46 -48 35 149 372 58 -5]
[834 -453 106 -407 -805 -499 -246 -369 -801 -486 304 -840 121 601 331 468 105 795 -882 406 633 -822 516 -506 112 758 -732 158 26 842 -321 603 712 251 388 -484 59 175 -245 -276 -227 -249 -322 50 180 3 -150 49 216 -159 -1 -264 -133 527 23 -140 146 -84 -355 -82 -180 48 -31 83 -78 -321 -192 -255 -287 49 127 141 22 92 -44 -112 278 95 -102 293 -148 194 -215 66 102 -388 127 74 203 5 -38 -212 -198 149 -104 -384 55 64 62 -110 120 232 -169 -23 62 -43 -55 65 149 162 177 -83 255 -24 -15 164 122 -117 17 260 -146 -5 141 149 184 18 -175 -142 97 83 134 -95 -251 101 144 -43 -55 55 97 102 12 -123 8 74 195 -72 -62 164 -15 142 -17 -81 46 -85 102 98 24 253 51 -192 42 3 -177 8]
[-550 585 603 694 -260 2 -479 -210 115 6 -829 750 -621 113 -86 -208 286 -76 -599 -782 -672 597 -678 -522 430 -173 -428 532 -383 -717 -496 -450 -401 288 139 377 -536 -642 -687 139 -64 -121 228 -463 -283 397 180 294 -499 -138 -243 -199 313 172 -352 -129 -377 -198 -75 14 -226 -92 30 51 -137 262 87 20 -54 -204 186 102 -138 -47 185 -276 1 -140 -5 -423 265 70 118 17 -74 161 89 -232 -26 134 -246 8 -64 -262 58 314 -37 -102 17 58 155 -145 284 -253 -272 9 -31 114 107 86 -69 102 -165 136 42 -120 13 226 -141 -208 183 133 -55 118 -19 133 -56 39 -134 -240 -258 -98 -83 -201 16 132 -46 45 -53 -29 -185 -137 -44 36 -136 45 151 -370 -142 144 95 100 -90 221 74 12 -75 121 49 131 183 263 5 6]
[-623 -296 -111 48 380 -466 -99 339 792 -766 -453 -478 -355 -296 765 832 75 616 -911 -885 -327 -339 742 666 728 -666 291 64 772 175 300 213 38 824 403 -289 185 241 133 -134 -903 -403 -164 -238 6 -144 -355 -29 -398 -192 203 -15 156 -20 292 -137 -64 -97 54 87 46 59 101 -260 -195 -177 -137 -180 238 192 130 38 29 278 -210 274 -242 127 152 220 -178 -126 130 -90 39 122 1 -9 444 -158 -45 -138 188 241 -60 -189 -97 113 -233 -62 29 360 -45 141 -112 86 -50 -81 56 -204 273 -27 239 -113 69 251 -267 30 82 41 -58 -258 57 -6 78 149 -40 -133 234 -99 121 18 -32 149 89 84 133 11 298 43 -244 82 83 -103 -236 -109 41 164 60 125 47 35 163 42 78 128 -27 177 -56 0 86 -229 -70 -3]
[832 556 -805 -208 -601 -866 -671 260 831 756 641 -420 -186 -685 491 -241 50 598 367 -728 825 -491 817 661 -490 -351 616 437 -716 -229 87 367 554 -182 -738 -177 539 276 -754 532 -227 -321 -63 20 -337 -416 -391 131 -388 -221 239 243 54 -630 87 62 81 252 -23 -24 300 -107 -4 55 -20 -62 8 120 179 106 144 -170 193 171 -141 130 -22 24 31 194 29 -24 71 73 182 53 77 -160 -1 -119 56 198 181 -21 -5 39 55 -18 48 127 215 103 -174 20 -46 -62 108 101 -106 -171 88 45 153 -99 -92 -17 -141 -224 -302 74 -144 -78 -2 -64 138 103 -113 -254 16 -14 109 172 123 -46 -247 -31 258 -127 66 62 -63 9 -67 -139 -246 -226 88 209 -33 86 -100 -105 -66 77 -148 107 25 -224 88 -152 -246 -235 -323 -3]
[-727 -139 -138 -626 159 9 556 -615 88 -668 -25 727 471 416 -581 -376 -452 -219 61 401 -555 -781 885 -178 742 -770 418 -441 828 -241 -236 717 -53 211 -833 -64 278 -286 647 -211 323 -249 -137 -119 408 319 -207 117 -314 64 107 -10 100 15 -125 -78 17 88 -92 167 365 317 -134 430 147 3 -377 -341 191 212 -348 284 -162 9 4 161 -78 287 118 229 -154 113 -274 -39 -126 -291 -111 168 -37 -88 -68 -288 -188 95 -81 -285 -404 156 -138 56 -109 376 -282 185 240 -31 15 -157 -109 -41 216 -286 333 -70 -162 75 -167 -170 62 151 -31 2 -32 190 29 -148 -66 50 -58 -126 296 -240 -108 37 56 -34 -43 30 -93 200 -2 -113 -46 38 -101 -61 -43 248 279 -3 -10 -128 88 -247 -50 100 272 16 54 -179 216 -86 74 4]
[-115 658 -753 -443 -473 -836 97 -615 872 687 -621 -687 226 -517 -372 555 629 -61 -10 -840 868 251 -7 420 361 -641 -491 508 445 223 -606 -277 -23 -883 -724 832 -476 793 195 -33 634 7 -94 402 172 106 159 -101 -229 173 -198 -12 -105 -233 -371 -351 17 -252 220 54 149 381 -233 9 179 -211 -345 -209 27 -10 -277 171 -44 -56 -231 69 25 -69 79 119 -214 -65 -91 82 -19 -384 -144 147 17 -129 22 -238 -221 48 -149 -336 -198 89 -143 185 -1 151 -85 137 135 -15 -72 -78 15 64 137 -78 279 -224 -149 59 -70 -33 222 -60 12 112 41 56 143 -70 33 -84 -76 -170 -38 -77 -70 171 29 -62 -217 -52 -107 117 18 164 -37 -42 59 18 19 183 178 -57 12 153 70 109 -6 24 218 -8 -80 -239 90 136 -84 -10]
[-23 846 -764 -322 107 -296 629 877 -81 -842 316 588 446 516 17 151 -323 737 -884 -386 216 158 -365 -404 -455 -595 -363 382 -82 533 -89 696 -626 -579 -243 272 192 -10 -36 -805 8 182 -139 -232 21 -160 -84 112 521 281 155 -4 -94 -700 144 19 -9 -64 -91 -205 208 37 -33 -94 -85 86 56 59 -74 40 -251 -192 246 158 -216 -165 17 -11 94 124 19 184 -176 115 13 -249 169 79 40 -170 -9 102 23 185 -39 -167 136 -38 -127 -42 -115 391 -162 12 267 80 64 -328 36 2 -20 -10 97 -84 -67 82 -198 -157 151 191 80 -49 7 71 191 214 -156 30 -20 38 -19 -38 -212 49 48 -74 -17 -156 85 424 -60 223 -52 -120 82 -215 -61 36 37 -162 80 112 -195 223 75 81 -40 27 29 -301 -168 -45 -396 -1]
[169 -776 -109 -680 134 -43 -42 -636 420 331 442 200 620 -301 631 189 -454 -528 -722 -623 823 731 802 376 827 659 -371 -509 348 168 -612 295 -157 816 694 178 65 490 498 423 347 -368 266 120 152 -345 39 87 -38 97 132 -48 -103 56 113 63 -52 146 -4 -138 -123 -122 -160 -16 23 24 -82 201 -114 -185 104 -37 -102 25 4 -284 -36 -343 -89 -152 87 -26 14 134 170 -80 35 -37 -251 -15 -56 35 -189 -142 -57 113 35 -17 122 19 -143 -322 194 -160 -243 -36 -22 323 -45 70 -197 60 -172 -95 -1 -149 149 232 -68 -146 -95 45 150 34 -7 -12 57 267 -95 -105 -60 -53 27 85 -82 -77 -121 45 -33 -77 114 78 29 25 -55 44 107 -74 -118 155 23 -162 -5 -75 -94 -73 36 -53 -70 151 -70 73 214 1]
[307 643 -537 687 447 166 -721 187 216 327 507 -450 -793 -208 439 -268 -93 809 -826 -177 -621 -360 203 -55 -84 374 789 -76 -821 -529 682 487 -733 -741 -437 97 631 540 145 619 413 66 259 536 -102 -102 258 -164 959 31 -449 136 -61 -267 -245 -200 -200 -149 65 68 75 18 81 22 231 -9 -399 -48 -258 -83 -223 -60 -407 -124 -290 -29 -26 13 69 -166 -24 -194 -95 57 102 -77 176 206 20 -141 178 -9 -44 -82 -19 -62 84 66 -27 74 89 -124 1 -99 99 -127 23 57 55 134 69 -113 -111 -33 88 42 161 -43 -255 -110 58 279 304 134 -147 31 179 -290 -178 56 -96 -7 77 2 25 -35 -160 -86 -46 21 241 -172 -131 11 185 129 47 32 -66 -48 -50 31 8 184 25 -136 148 35 -13 -73 104 -59 -25 -8]
[729 -760 -674 839 -384 -652 235 -191 -668 -832 271 249 -357 506 -390 -582 -858 40 -781 -630 -431 -150 -517 -519 743 815 183 -362 184 -252 -440 748 279 -729 750 -641 -765 318 -532 -631 1 -236 -112 169 -78 -175 27 50 51 -27 270 216 -152 55 -64 -408 -156 -112 -130 -41 -165 66 -252 -145 -144 -26 -54 -65 143 -31 -11 -129 82 257 -99 224 -100 -156 13 37 -39 -19 -133 28 263 -151 40 112 83 -165 85 -23 74 144 -259 -168 -127 -19 -158 -30 -238 208 -119 78 202 135 132 -155 -190 -112 12 -234 177 -25 -180 35 -82 -28 112 -26 96 -131 103 -40 244 -83 74 42 23 -89 15 84 -133 177 -92 -97 -82 -126 196 203 -142 -30 15 57 146 -60 -81 30 43 -65 105 70 -33 70 114 111 58 -97 -136 -284 126 -28 -410 -13]
[-707 433 -16 660 683 856 -347 -382 724 105 818 -292 -138 -647 -771 -98 109 385 590 -162 620 -784 -28 703 89 -1 -60 814 469 56 -9 200 -411 -674 288 -835 -161 -228 66 106 -403 279 487 -328 109 95 28 93 -541 -151 -151 -68 476 266 -87 241 -214 260 -207 -125 70 -92 22 -94 -239 227 166 95 -158 -23 152 182 -106 115 133 -125 36 -95 -53 -281 222 -266 118 -187 32 209 132 -232 18 137 -199 230 80 -235 127 -1 48 61 263 -315 -54 -54 336 38 -181 11 -5 279 55 27 -64 31 -288 225 46 -319 76 218 -300 -231 157 101 17 14 -207 185 203 -27 -117 120 6 -23 141 -143 -93 343 233 7 81 -108 44 -14 -166 -43 -143 -177 -55 119 -130 -128 -85 18 49 -32 27 -8 -190 -54 37 316 -77 -203 205 -1]
[-41 -842 -310 527 676 492 -620 -456 -822 49 334 -303 -556 777 -753 795 343 633 638 -222 -841 -312 76 -640 637 506 25 533 664 505 -580 204 102 698 -7 -479 -13 70 680 476 776 -35 355 702 -518 -633 -225 -111 -146 -126 -58 -163 4 12 176 64 -37 -137 142 -106 80 -211 72 184 118 0 40 190 -66 -176 49 107 -256 -85 7 -85 -189 -54 77 -31 172 90 -53 93 -41 20 -47 25 -48 -23 -64 -33 -75 46 164 19 229 52 47 -62 209 -24 -55 -307 -402 -128 114 -26 35 154 89 -64 -36 -103 231 117 28 112 -177 137 95 195 -47 -3 -41 62 -73 43 -130 -43 -57 -46 -69 -192 -72 34 69 -13 -213 176 100 -339 45 -14 -66 136 63 -160 -175 51 50 -174 59 109 -25 -237 -59 52 100 16 140 -44 161 -1]
[-668 -709 -64 -363 306 819 845 175 82 118 -291 808 -509 5 562 483 -332 -163 -406 -655 790 -489 -725 -658 -869 265 821 -370 -399 42 -665 -290 105 -762 -561 169 -120 -402 -143 -330 -207 -536 -25 -328 -6 -89 494 37 683 -170 -148 -108 3 149 -133 131 -184 -18 8 46 -210 120 -256 -32 77 194 30 183 150 -157 -44 104 -116 -84 165 -91 -79 -304 -109 -229 121 -231 74 -41 -106 37 -55 -125 -144 132 -73 130 105 -79 -119 82 -112 -185 99 60 -98 -318 341 125 14 129 11 127 67 -137 -90 -3 -118 128 133 118 -64 164 136 -176 67 -67 48 -15 7 -176 43 247 19 -48 -94 -46 168 -28 -48 189 -69 -87 -99 -54 98 170 73 17 -165 72 -43 -202 -61 -39 -32 -88 -3 -22 -12 3 -40 -1 34 305 -95 48 -32 2]
[-887 -652 30 854 140 -356 102 -313 57 465 653 -365 596 439 -16 609 -840 -129 7 602 -149 -886 -739 45 -312 -570 124 508 31 -763 -494 -157 -663 71 -676 76 -522 40 471 -579 -169 436 25 -471 11 88 95 -278 297 9 222 180 187 459 145 -233 14 296 -175 34 131 -313 -42 -300 -93 103 142 -203 7 36 256 69 -74 -175 -77 -234 -27 15 42 46 -50 25 75 134 -118 -132 -88 232 121 152 -68 80 -178 6 -74 24 122 -148 120 1 -119 -23 260 -28 -8 -49 28 204 62 -24 -214 173 -106 -57 65 -85 -11 268 95 192 29 7 229 277 -69 224 -105 198 111 63 -225 -23 84 -84 -106 68 51 118 -51 -188 91 85 141 88 -14 176 72 249 224 263 -109 -206 -101 -261 -126 142 -100 52 -49 156 -210 -111 290 6]
[433 -655 -739 545 -291 -57 -369 691 -662 756 386 409 -298 433 -688 -61 -652 540 -465 14 627 310 805 94 -226 -732 137 561 -175 -586 -561 -381 196 -362 -791 -523 420 557 551 232 -177 -44 322 630 -437 -480 49 -381 305 44 75 -21 -312 301 13 240 -19 71 192 122 -30 -38 -133 67 46 -10 105 -16 -14 95 299 398 23 -216 -110 -85 -7 2 -250 270 -47 -89 34 10 200 -197 -116 19 -27 200 -46 27 -58 138 98 -232 270 12 51 9 3 -23 9 78 -164 14 -70 194 305 -18 -157 145 -65 -80 -17 -139 210 149 162 -158 -221 -90 119 67 69 243 12 -19 -65 83 -184 90 -161 38 -54 76 258 202 164 65 105 99 53 152 -136 -142 57 293 341 108 -122 -97 -158 -155 -33 65 -27 280 121 64 -488 -99 4 -3]
[-505 293 501 332 439 523 -287 840 -60 666 871 824 -887 404 -74 -246 -112 -152 334 295 -663 617 582 -408 -455 96 677 -187 133 -75 -307 671 -295 -539 156 -318 -645 -27 927 -286 225 96 -245 311 300 -36 75 -74 436 -362 31 -87 241 358 38 227 283 -83 -142 8 146 38 -183 -138 99 -61 36 270 -77 -95 265 51 -4 270 51 379 91 -7 10 126 193 12 232 -285 -44 181 -110 -143 209 223 17 -36 167 111 -184 118 -50 20 -49 -172 0 -311 -6 148 -99 63 -51 -7 -29 -66 38 -122 25 70 175 195 81 -116 0 211 113 -115 -16 -126 -314 -250 30 25 324 231 136 95 258 -57 -73 -160 76 78 43 -185 126 -34 133 266 -45 48 -115 -212 -89 -55 11 82 167 -68 174 -118 -77 25 -53 302 214 -71 36 1]
[676 -236 127 170 -685 701 -89 -574 582 -535 -440 873 -595 -439 -436 -494 830 19 495 -119 118 333 322 660 714 -365 363 -759 742 473 628 -92 349 -619 -462 629 -226 202 746 758 83 -4 -58 73 418 -561 -17 -56 -391 -148 93 182 -184 106 326 -32 71 -171 -39 -160 -79 48 72 -113 137 -182 -220 -63 110 -146 227 -101 178 383 -25 459 -66 53 127 281 0 -42 118 -80 75 -75 -141 89 122 -95 -39 26 139 166 29 49 145 -46 190 20 -28 8 -241 150 249 -17 -22 -53 110 -161 -70 -182 -186 -34 111 84 32 -407 -388 169 -33 -3 -70 -85 -120 -25 114 -106 214 241 221 201 248 13 -49 -90 295 160 -63 54 -16 -45 -146 -33 42 -57 -201 108 -187 -27 72 -144 3 -12 72 -12 78 -41 -142 -203 -39 -373 -346 5]
[-876 287 -403 517 -190 -72 111 -633 736 -6 -488 57 491 719 196 676 496 -22 573 -501 247 632 -583 -273 784 -20 350 -87 -589 546 -869 -87 -362 -711 197 -305 -316 -518 389 -155 268 722 329 578 -12 -184 -228 -31 -293 128 -26 -107 -328 -369 119 -17 -5 -90 440 -37 255 61 93 100 28 -201 -90 -19 125 -19 -89 -25 -87 98 -34 -161 -63 -164 192 102 -6 -176 72 229 96 71 83 -18 -145 -147 -48 -10 25 -53 -12 136 -4 28 63 54 76 -18 178 13 134 125 14 168 -172 95 169 1 -40 -53 141 -75 -319 71 52 -194 -114 -10 -6 -175 129 -186 156 55 143 -51 -19 114 66 72 45 36 -30 31 -104 -39 41 35 43 -52 207 28 98 -105 -392 28 122 35 300 35 35 -28 -175 -109 -114 -2 34 -65 205 -5]
[853 700 666 -548 649 597 66 -776 -476 -861 -93 371 -246 -707 -506 460 -445 550 631 306 308 -665 801 756 614 199 -774 -181 -174 -129 337 -435 635 -305 124 181 -573 611 31 535 -1 -387 139 -30 15 568 396 -109 -454 53 -225 -23 -233 189 -79 -45 -214 -199 -5 14 -510 -87 162 -144 -84 103 196 -70 -385 -25 -13 120 -115 -89 -9 -104 23 13 -169 -104 -63 -45 -129 79 -56 1 24 -59 205 43 36 11 -18 19 134 -104 -39 108 -171 -134 -234 -26 141 18 61 87 -112 -68 228 -15 -46 66 -93 80 165 -9 258 64 23 -74 158 -120 80 68 -5 115 177 -48 35 46 -112 -52 -37 157 115 55 -77 -34 184 17 -65 26 -76 155 147 -92 -274 -40 158 -151 -39 230 -17 173 -37 20 117 284 17 66 149 9 -79 5]
[842 543 -1 -246 -630 828 -381 -657 379 777 -275 74 -189 -495 815 111 464 701 125 820 410 -603 773 162 151 -514 754 -389 167 -719 -104 642 342 876 219 -465 -346 -304 -272 1083 -76 934 370 519 226 -68 -71 -250 -58 177 -105 -23 -235 -215 124 -328 -14 -71 -2 65 1 -173 135 85 140 -196 62 -183 223 84 -55 138 22 -16 177 -278 8 -58 64 -11 -118 -48 -120 227 50 88 109 -62 -321 -130 -57 -178 53 -153 92 202 -105 -41 50 75 -138 234 58 -27 45 140 21 -34 -204 -39 31 93 -65 -116 212 -52 -320 231 -2 -106 -160 -78 -224 74 108 -109 20 154 143 -63 -32 69 -40 -114 120 100 -95 -111 -37 36 -73 -103 182 -137 32 18 -46 -323 -265 181 -15 -162 170 -90 -23 -171 -163 -81 90 163 215 -67 81 3]
[710 -297 -460 67 100 -843 -305 -472 -363 186 -385 8 284 536 -482 577 -199 -537 -294 325 273 -126 706 501 527 -169 -70 653 -133 397 828 -200 515 -867 251 174 -147 175 27 -505 219 -126 -209 -15 125 318 -11 -110 302 17 -132 45 24 13 -115 -199 -120 -260 142 -377 -173 63 90 -101 -147 -27 -101 -149 7 60 -271 -69 98 203 -54 22 92 252 34 37 -253 -12 -254 -73 71 -203 9 176 150 -171 -15 -72 -133 135 79 -83 -99 171 -125 29 31 296 -156 -84 67 120 -4 -252 -33 -51 -18 -256 86 -48 65 -41 47 24 288 191 97 -56 -83 153 131 74 22 -21 115 -57 -85 -27 -92 93 185 -124 -219 -121 -21 300 -74 2 30 115 161 128 -246 -213 -114 -287 68 309 -60 108 217 -303 -50 41 19 -268 252 -76 53 15]
[609 -212 185 -291 345 27 873 692 -460 -691 764 84 -113 -235 -294 -565 -82 522 -430 278 -689 274 -360 288 -804 -882 202 476 -647 179 77 -222 844 -574 -487 643 -454 -666 -316 186 -162 -529 -111 -7 114 -170 196 -379 177 -100 -107 181 -109 -183 -231 277 0 143 61 125 245 -73 -191 13 67 60 282 189 171 -166 122 223 71 -98 151 12 100 -107 -57 -161 89 -86 -17 -54 96 493 414 -380 -242 176 -77 341 206 -230 -18 194 -101 -89 84 -65 34 -165 202 258 -156 124 13 70 -225 -209 -175 -3 -156 96 -36 -153 -208 170 -24 -368 11 35 58 -146 67 -121 25 162 -106 61 50 52 234 -145 -18 265 133 -259 198 -97 -65 -83 -57 90 -132 -195 159 -133 -14 -10 -169 5 64 -74 -89 33 -175 -79 201 381 -211 -136 -62 -2]]