42
163
1777
0.015
[[0 0 0 0 0 0 0 0 0 0 0 0 0 0 0 0 0 0 0 0 0 0 0 0 0 0 0 0 0 0 0 0 0 0 0 0 0 0 0 0 0 0 0 1777 0 0 0 0 0 0 0 0 0 0 0 0 0 0 0 0 0 0 0 0 0 0 0 0 0 0 0 0 0 0 0 0 0 0 0 0 0 0 0 0 0 0 0 0 0 0 0 0 0 0 0 0 0 0 0 0 0 0 0 0 0 0 0 0 0 0 0 0 0 0 0 0 0 0 0 0 0 0 0 0 0 0 0 0 0 0 0 0 0 0 0 0 0 0 0 0 0 0 0 0 0 0 0 0 0 0 0 0 0 0 0 0 0 0 0 0 0 0 0 0]
[1777 0 0 0 0 0 0 0 0 0 0 0 0 0 0 0 0 0 0 0 0 0 0 0 0 0 0 0 0 0 0 0 0 0 0 0 0 0 0 0 0 0 0 0 0 0 0 0 0 0 0 0 0 0 0 0 0 0 0 0 0 0 0 0 0 0 0 0 0 0 0 0 0 0 0 0 0 0 0 0 0 0 0 0 0 0 0 0 0 0 0 0 0 0 0 0 0 0 0 0 0 0 0 0 0 0 0 0 0 0 0 0 0 0 0 0 0 0 0 0 0 0 0 0 0 0 0 0 0 0 0 0 0 0 0 0 0 0 0 0 0 0 0 0 0 0 0 0 0 0 0 0 0 0 0 0 0 0 0 0 0 0 0 0]
[0 1777 0 0 0 0 0 0 0 0 0 0 0 0 0 0 0 0 0 0 0 0 0 0 0 0 0 0 0 0 0 0 0 0 0 0 0 0 0 0 0 0 0 0 0 0 0 0 0 0 0 0 0 0 0 0 0 0 0 0 0 0 0 0 0 0 0 0 0 0 0 0 0 0 0 0 0 0 0 0 0 0 0 0 0 0 0 0 0 0 0 0 0 0 0 0 0 0 0 0 0 0 0 0 0 0 0 0 0 0 0 0 0 0 0 0 0 0 0 0 0 0 0 0 0 0 0 0 0 0 0 0 0 0 0 0 0 0 0 0 0 0 0 0 0 0 0 0 0 0 0 0 0 0 0 0 0 0 0 0 0 0 0 0]
[0 0 1777 0 0 0 0 0 0 0 0 0 0 0 0 0 0 0 0 0 0 0 0 0 0 0 0 0 0 0 0 0 0 0 0 0 0 0 0 0 0 0 0 0 0 0 0 0 0 0 0 0 0 0 0 0 0 0 0 0 0 0 0 0 0 0 0 0 0 0 0 0 0 0 0 0 0 0 0 0 0 0 0 0 0 0 0 0 0 0 0 0 0 0 0 0 0 0 0 0 0 0 0 0 0 0 0 0 0 0 0 0 0 0 0 0 0 0 0 0 0 0 0 0 0 0 0 0 0 0 0 0 0 0 0 0 0 0 0 0 0 0 0 0 0 0 0 0 0 0 0 0 0 0 0 0 0 0 0 0 0 0 0 0]
[0 0 0 1777 0 0 0 0 0 0 0 0 0 0 0 0 0 0 0 0 0 0 0 0 0 0 0 0 0 0 0 0 0 0 0 0 0 0 0 0 0 0 0 0 0 0 0 0 0 0 0 0 0 0 0 0 0 0 0 0 0 0 0 0 0 0 0 0 0 0 0 0 0 0 0 0 0 0 0 0 0 0 0 0 0 0 0 0 0 0 0 0 0 0 0 0 0 0 0 0 0 0 0 0 0 0 0 0 0 0 0 0 0 0 0 0 0 0 0 0 0 0 0 0 0 0 0 0 0 0 0 0 0 0 0 0 0 0 0 0 0 0 0 0 0 0 0 0 0 0 0 0 0 0 0 0 0 0 0 0 0 0 0 0]
[0 0 0 0 1777 0 0 0 0 0 0 0 0 0 0 0 0 0 0 0 0 0 0 0 0 0 0 0 0 0 0 0 0 0 0 0 0 0 0 0 0 0 0 0 0 0 0 0 0 0 0 0 0 0 0 0 0 0 0 0 0 0 0 0 0 0 0 0 0 0 0 0 0 0 0 0 0 0 0 0 0 0 0 0 0 0 0 0 0 0 0 0 0 0 0 0 0 0 0 0 0 0 0 0 0 0 0 0 0 0 0 0 0 0 0 0 0 0 0 0 0 0 0 0 0 0 0 0 0 0 0 0 0 0 0 0 0 0 0 0 0 0 0 0 0 0 0 0 0 0 0 0 0 0 0 0 0 0 0 0 0 0 0 0]
[0 0 0 0 0 1777 0 0 0 0 0 0 0 0 0 0 0 0 0 0 0 0 0 0 0 0 0 0 0 0 0 0 0 0 0 0 0 0 0 0 0 0 0 0 0 0 0 0 0 0 0 0 0 0 0 0 0 0 0 0 0 0 0 0 0 0 0 0 0 0 0 0 0 0 0 0 0 0 0 0 0 0 0 0 0 0 0 0 0 0 0 0 0 0 0 0 0 0 0 0 0 0 0 0 0 0 0 0 0 0 0 0 0 0 0 0 0 0 0 0 0 0 0 0 0 0 0 0 0 0 0 0 0 0 0 0 0 0 0 0 0 0 0 0 0 0 0 0 0 0 0 0 0 0 0 0 0 0 0 0 0 0 0 0]
[0 0 0 0 0 0 1777 0 0 0 0 0 0 0 0 0 0 0 0 0 0 0 0 0 0 0 0 0 0 0 0 0 0 0 0 0 0 0 0 0 0 0 0 0 0 0 0 0 0 0 0 0 0 0 0 0 0 0 0 0 0 0 0 0 0 0 0 0 0 0 0 0 0 0 0 0 0 0 0 0 0 0 0 0 0 0 0 0 0 0 0 0 0 0 0 0 0 0 0 0 0 0 0 0 0 0 0 0 0 0 0 0 0 0 0 0 0 0 0 0 0 0 0 0 0 0 0 0 0 0 0 0 0 0 0 0 0 0 0 0 0 0 0 0 0 0 0 0 0 0 0 0 0 0 0 0 0 0 0 0 0 0 0 0]
[0 0 0 0 0 0 0 1777 0 0 0 0 0 0 0 0 0 0 0 0 0 0 0 0 0 0 0 0 0 0 0 0 0 0 0 0 0 0 0 0 0 0 0 0 0 0 0 0 0 0 0 0 0 0 0 0 0 0 0 0 0 0 0 0 0 0 0 0 0 0 0 0 0 0 0 0 0 0 0 0 0 0 0 0 0 0 0 0 0 0 0 0 0 0 0 0 0 0 0 0 0 0 0 0 0 0 0 0 0 0 0 0 0 0 0 0 0 0 0 0 0 0 0 0 0 0 0 0 0 0 0 0 0 0 0 0 0 0 0 0 0 0 0 0 0 0 0 0 0 0 0 0 0 0 0 0 0 0 0 0 0 0 0 0]
[0 0 0 0 0 0 0 0 1777 0 0 0 0 0 0 0 0 0 0 0 0 0 0 0 0 0 0 0 0 0 0 0 0 0 0 0 0 0 0 0 0 0 0 0 0 0 0 0 0 0 0 0 0 0 0 0 0 0 0 0 0 0 0 0 0 0 0 0 0 0 0 0 0 0 0 0 0 0 0 0 0 0 0 0 0 0 0 0 0 0 0 0 0 0 0 0 0 0 0 0 0 0 0 0 0 0 0 0 0 0 0 0 0 0 0 0 0 0 0 0 0 0 0 0 0 0 0 0 0 0 0 0 0 0 0 0 0 0 0 0 0 0 0 0 0 0 0 0 0 0 0 0 0 0 0 0 0 0 0 0 0 0 0 0]
[0 0 0 0 0 0 0 0 0 1777 0 0 0 0 0 0 0 0 0 0 0 0 0 0 0 0 0 0 0 0 0 0 0 0 0 0 0 0 0 0 0 0 0 0 0 0 0 0 0 0 0 0 0 0 0 0 0 0 0 0 0 0 0 0 0 0 0 0 0 0 0 0 0 0 0 0 0 0 0 0 0 0 0 0 0 0 0 0 0 0 0 0 0 0 0 0 0 0 0 0 0 0 0 0 0 0 0 0 0 0 0 0 0 0 0 0 0 0 0 0 0 0 0 0 0 0 0 0 0 0 0 0 0 0 0 0 0 0 0 0 0 0 0 0 0 0 0 0 0 0 0 0 0 0 0 0 0 0 0 0 0 0 0 0]
[0 0 0 0 0 0 0 0 0 0 1777 0 0 0 0 0 0 0 0 0 0 0 0 0 0 0 0 0 0 0 0 0 0 0 0 0 0 0 0 0 0 0 0 0 0 0 0 0 0 0 0 0 0 0 0 0 0 0 0 0 0 0 0 0 0 0 0 0 0 0 0 0 0 0 0 0 0 0 0 0 0 0 0 0 0 0 0 0 0 0 0 0 0 0 0 0 0 0 0 0 0 0 0 0 0 0 0 0 0 0 0 0 0 0 0 0 0 0 0 0 0 0 0 0 0 0 0 0 0 0 0 0 0 0 0 0 0 0 0 0 0 0 0 0 0 0 0 0 0 0 0 0 0 0 0 0 0 0 0 0 0 0 0 0]
[0 0 0 0 0 0 0 0 0 0 0 1777 0 0 0 0 0 0 0 0 0 0 0 0 0 0 0 0 0 0 0 0 0 0 0 0 0 0 0 0 0 0 0 0 0 0 0 0 0 0 0 0 0 0 0 0 0 0 0 0 0 0 0 0 0 0 0 0 0 0 0 0 0 0 0 0 0 0 0 0 0 0 0 0 0 0 0 0 0 0 0 0 0 0 0 0 0 0 0 0 0 0 0 0 0 0 0 0 0 0 0 0 0 0 0 0 0 0 0 0 0 0 0 0 0 0 0 0 0 0 0 0 0 0 0 0 0 0 0 0 0 0 0 0 0 0 0 0 0 0 0 0 0 0 0 0 0 0 0 0 0 0 0 0]
[0 0 0 0 0 0 0 0 0 0 0 0 1777 0 0 0 0 0 0 0 0 0 0 0 0 0 0 0 0 0 0 0 0 0 0 0 0 0 0 0 0 0 0 0 0 0 0 0 0 0 0 0 0 0 0 0 0 0 0 0 0 0 0 0 0 0 0 0 0 0 0 0 0 0 0 0 0 0 0 0 0 0 0 0 0 0 0 0 0 0 0 0 0 0 0 0 0 0 0 0 0 0 0 0 0 0 0 0 0 0 0 0 0 0 0 0 0 0 0 0 0 0 0 0 0 0 0 0 0 0 0 0 0 0 0 0 0 0 0 0 0 0 0 0 0 0 0 0 0 0 0 0 0 0 0 0 0 0 0 0 0 0 0 0]
[0 0 0 0 0 0 0 0 0 0 0 0 0 1777 0 0 0 0 0 0 0 0 0 0 0 0 0 0 0 0 0 0 0 0 0 0 0 0 0 0 0 0 0 0 0 0 0 0 0 0 0 0 0 0 0 0 0 0 0 0 0 0 0 0 0 0 0 0 0 0 0 0 0 0 0 0 0 0 0 0 0 0 0 0 0 0 0 0 0 0 0 0 0 0 0 0 0 0 0 0 0 0 0 0 0 0 0 0 0 0 0 0 0 0 0 0 0 0 0 0 0 0 0 0 0 0 0 0 0 0 0 0 0 0 0 0 0 0 0 0 0 0 0 0 0 0 0 0 0 0 0 0 0 0 0 0 0 0 0 0 0 0 0 0]
[0 0 0 0 0 0 0 0 0 0 0 0 0 0 1777 0 0 0 0 0 0 0 0 0 0 0 0 0 0 0 0 0 0 0 0 0 0 0 0 0 0 0 0 0 0 0 0 0 0 0 0 0 0 0 0 0 0 0 0 0 0 0 0 0 0 0 0 0 0 0 0 0 0 0 0 0 0 0 0 0 0 0 0 0 0 0 0 0 0 0 0 0 0 0 0 0 0 0 0 0 0 0 0 0 0 0 0 0 0 0 0 0 0 0 0 0 0 0 0 0 0 0 0 0 0 0 0 0 0 0 0 0 0 0 0 0 0 0 0 0 0 0 0 0 0 0 0 0 0 0 0 0 0 0 0 0 0 0 0 0 0 0 0 0]
[0 0 0 0 0 0 0 0 0 0 0 0 0 0 0 1777 0 0 0 0 0 0 0 0 0 0 0 0 0 0 0 0 0 0 0 0 0 0 0 0 0 0 0 0 0 0 0 0 0 0 0 0 0 0 0 0 0 0 0 0 0 0 0 0 0 0 0 0 0 0 0 0 0 0 0 0 0 0 0 0 0 0 0 0 0 0 0 0 0 0 0 0 0 0 0 0 0 0 0 0 0 0 0 0 0 0 0 0 0 0 0 0 0 0 0 0 0 0 0 0 0 0 0 0 0 0 0 0 0 0 0 0 0 0 0 0 0 0 0 0 0 0 0 0 0 0 0 0 0 0 0 0 0 0 0 0 0 0 0 0 0 0 0 0]
[0 0 0 0 0 0 0 0 0 0 0 0 0 0 0 0 1777 0 0 0 0 0 0 0 0 0 0 0 0 0 0 0 0 0 0 0 0 0 0 0 0 0 0 0 0 0 0 0 0 0 0 0 0 0 0 0 0 0 0 0 0 0 0 0 0 0 0 0 0 0 0 0 0 0 0 0 0 0 0 0 0 0 0 0 0 0 0 0 0 0 0 0 0 0 0 0 0 0 0 0 0 0 0 0 0 0 0 0 0 0 0 0 0 0 0 0 0 0 0 0 0 0 0 0 0 0 0 0 0 0 0 0 0 0 0 0 0 0 0 0 0 0 0 0 0 0 0 0 0 0 0 0 0 0 0 0 0 0 0 0 0 0 0 0]
[0 0 0 0 0 0 0 0 0 0 0 0 0 0 0 0 0 1777 0 0 0 0 0 0 0 0 0 0 0 0 0 0 0 0 0 0 0 0 0 0 0 0 0 0 0 0 0 0 0 0 0 0 0 0 0 0 0 0 0 0 0 0 0 0 0 0 0 0 0 0 0 0 0 0 0 0 0 0 0 0 0 0 0 0 0 0 0 0 0 0 0 0 0 0 0 0 0 0 0 0 0 0 0 0 0 0 0 0 0 0 0 0 0 0 0 0 0 0 0 0 0 0 0 0 0 0 0 0 0 0 0 0 0 0 0 0 0 0 0 0 0 0 0 0 0 0 0 0 0 0 0 0 0 0 0 0 0 0 0 0 0 0 0 0]
[0 0 0 0 0 0 0 0 0 0 0 0 0 0 0 0 0 0 1777 0 0 0 0 0 0 0 0 0 0 0 0 0 0 0 0 0 0 0 0 0 0 0 0 0 0 0 0 0 0 0 0 0 0 0 0 0 0 0 0 0 0 0 0 0 0 0 0 0 0 0 0 0 0 0 0 0 0 0 0 0 0 0 0 0 0 0 0 0 0 0 0 0 0 0 0 0 0 0 0 0 0 0 0 0 0 0 0 0 0 0 0 0 0 0 0 0 0 0 0 0 0 0 0 0 0 0 0 0 0 0 0 0 0 0 0 0 0 0 0 0 0 0 0 0 0 0 0 0 0 0 0 0 0 0 0 0 0 0 0 0 0 0 0 0]
[0 0 0 0 0 0 0 0 0 0 0 0 0 0 0 0 0 0 0 1777 0 0 0 0 0 0 0 0 0 0 0 0 0 0 0 0 0 0 0 0 0 0 0 0 0 0 0 0 0 0 0 0 0 0 0 0 0 0 0 0 0 0 0 0 0 0 0 0 0 0 0 0 0 0 0 0 0 0 0 0 0 0 0 0 0 0 0 0 0 0 0 0 0 0 0 0 0 0 0 0 0 0 0 0 0 0 0 0 0 0 0 0 0 0 0 0 0 0 0 0 0 0 0 0 0 0 0 0 0 0 0 0 0 0 0 0 0 0 0 0 0 0 0 0 0 0 0 0 0 0 0 0 0 0 0 0 0 0 0 0 0 0 0 0]
[0 0 0 0 0 0 0 0 0 0 0 0 0 0 0 0 0 0 0 0 1777 0 0 0 0 0 0 0 0 0 0 0 0 0 0 0 0 0 0 0 0 0 0 0 0 0 0 0 0 0 0 0 0 0 0 0 0 0 0 0 0 0 0 0 0 0 0 0 0 0 0 0 0 0 0 0 0 0 0 0 0 0 0 0 0 0 0 0 0 0 0 0 0 0 0 0 0 0 0 0 0 0 0 0 0 0 0 0 0 0 0 0 0 0 0 0 0 0 0 0 0 0 0 0 0 0 0 0 0 0 0 0 0 0 0 0 0 0 0 0 0 0 0 0 0 0 0 0 0 0 0 0 0 0 0 0 0 0 0 0 0 0 0 0]
[0 0 0 0 0 0 0 0 0 0 0 0 0 0 0 0 0 0 0 0 0 1777 0 0 0 0 0 0 0 0 0 0 0 0 0 0 0 0 0 0 0 0 0 0 0 0 0 0 0 0 0 0 0 0 0 0 0 0 0 0 0 0 0 0 0 0 0 0 0 0 0 0 0 0 0 0 0 0 0 0 0 0 0 0 0 0 0 0 0 0 0 0 0 0 0 0 0 0 0 0 0 0 0 0 0 0 0 0 0 0 0 0 0 0 0 0 0 0 0 0 0 0 0 0 0 0 0 0 0 0 0 0 0 0 0 0 0 0 0 0 0 0 0 0 0 0 0 0 0 0 0 0 0 0 0 0 0 0 0 0 0 0 0 0]
[0 0 0 0 0 0 0 0 0 0 0 0 0 0 0 0 0 0 0 0 0 0 1777 0 0 0 0 0 0 0 0 0 0 0 0 0 0 0 0 0 0 0 0 0 0 0 0 0 0 0 0 0 0 0 0 0 0 0 0 0 0 0 0 0 0 0 0 0 0 0 0 0 0 0 0 0 0 0 0 0 0 0 0 0 0 0 0 0 0 0 0 0 0 0 0 0 0 0 0 0 0 0 0 0 0 0 0 0 0 0 0 0 0 0 0 0 0 0 0 0 0 0 0 0 0 0 0 0 0 0 0 0 0 0 0 0 0 0 0 0 0 0 0 0 0 0 0 0 0 0 0 0 0 0 0 0 0 0 0 0 0 0 0 0]
[0 0 0 0 0 0 0 0 0 0 0 0 0 0 0 0 0 0 0 0 0 0 0 1777 0 0 0 0 0 0 0 0 0 0 0 0 0 0 0 0 0 0 0 0 0 0 0 0 0 0 0 0 0 0 0 0 0 0 0 0 0 0 0 0 0 0 0 0 0 0 0 0 0 0 0 0 0 0 0 0 0 0 0 0 0 0 0 0 0 0 0 0 0 0 0 0 0 0 0 0 0 0 0 0 0 0 0 0 0 0 0 0 0 0 0 0 0 0 0 0 0 0 0 0 0 0 0 0 0 0 0 0 0 0 0 0 0 0 0 0 0 0 0 0 0 0 0 0 0 0 0 0 0 0 0 0 0 0 0 0 0 0 0 0]
[0 0 0 0 0 0 0 0 0 0 0 0 0 0 0 0 0 0 0 0 0 0 0 0 1777 0 0 0 0 0 0 0 0 0 0 0 0 0 0 0 0 0 0 0 0 0 0 0 0 0 0 0 0 0 0 0 0 0 0 0 0 0 0 0 0 0 0 0 0 0 0 0 0 0 0 0 0 0 0 0 0 0 0 0 0 0 0 0 0 0 0 0 0 0 0 0 0 0 0 0 0 0 0 0 0 0 0 0 0 0 0 0 0 0 0 0 0 0 0 0 0 0 0 0 0 0 0 0 0 0 0 0 0 0 0 0 0 0 0 0 0 0 0 0 0 0 0 0 0 0 0 0 0 0 0 0 0 0 0 0 0 0 0 0]
[0 0 0 0 0 0 0 0 0 0 0 0 0 0 0 0 0 0 0 0 0 0 0 0 0 1777 0 0 0 0 0 0 0 0 0 0 0 0 0 0 0 0 0 0 0 0 0 0 0 0 0 0 0 0 0 0 0 0 0 0 0 0 0 0 0 0 0 0 0 0 0 0 0 0 0 0 0 0 0 0 0 0 0 0 0 0 0 0 0 0 0 0 0 0 0 0 0 0 0 0 0 0 0 0 0 0 0 0 0 0 0 0 0 0 0 0 0 0 0 0 0 0 0 0 0 0 0 0 0 0 0 0 0 0 0 0 0 0 0 0 0 0 0 0 0 0 0 0 0 0 0 0 0 0 0 0 0 0 0 0 0 0 0 0]
[0 0 0 0 0 0 0 0 0 0 0 0 0 0 0 0 0 0 0 0 0 0 0 0 0 0 1777 0 0 0 0 0 0 0 0 0 0 0 0 0 0 0 0 0 0 0 0 0 0 0 0 0 0 0 0 0 0 0 0 0 0 0 0 0 0 0 0 0 0 0 0 0 0 0 0 0 0 0 0 0 0 0 0 0 0 0 0 0 0 0 0 0 0 0 0 0 0 0 0 0 0 0 0 0 0 0 0 0 0 0 0 0 0 0 0 0 0 0 0 0 0 0 0 0 0 0 0 0 0 0 0 0 0 0 0 0 0 0 0 0 0 0 0 0 0 0 0 0 0 0 0 0 0 0 0 0 0 0 0 0 0 0 0 0]
[-83 390 -311 -455 -538 -19 -699 362 692 -855 -653 173 711 -737 -476 -408 -834 -400 -714 146 -217 -839 -4 -778 453 -205 706 -29 254 154 104 -300 270 -114 -412 -99 274 -112 -203 -357 257 -524 207 352 82 -63 402 -309 -153 -133 29 140 137 184 -56 -154 -107 93 -162 215 -146 82 106 70 -141 -22 170 59 -202 117 74 -6 -59 -15 -119 99 -172 70 -77 -89 -99 -17 88 -124 -3 2 -154 6 184 109 50 -137 -132 236 -82 -140 -252 211 2 -273 -47 -26 -66 -39 22 -78 -54 72 177 -139 90 41 67 28 62 48 216 -126 -21 42 88 -66 141 -110 108 87 188 -41 53 39 -18 -13 -149 78 -80 -13 308 194 4 -61 -125 -83 -171 177 -10 147 -143 160 67 -121 129 41 217 -66 73 103 283 104 85 71 130 24 150 0]
[0 0 0 0 0 0 0 0 0 0 0 0 0 0 0 0 0 0 0 0 0 0 0 0 0 0 0 0 0 0 0 0 0 0 0 0 0 0 0 0 0 1777 0 0 0 0 0 0 0 0 0 0 0 0 0 0 0 0 0 0 0 0 0 0 0 0 0 0 0 0 0 0 0 0 0 0 0 0 0 0 0 0 0 0 0 0 0 0 0 0 0 0 0 0 0 0 0 0 0 0 0 0 0 0 0 0 0 0 0 0 0 0 0 0 0 0 0 0 0 0 0 0 0 0 0 0 0 0 0 0 0 0 0 0 0 0 0 0 0 0 0 0 0 0 0 0 0 0 0 0 0 0 0 0 0 0 0 0 0 0 0 0 0 0]
[0 0 0 0 0 0 0 0 0 0 0 0 0 0 0 0 0 0 0 0 0 0 0 0 0 0 0 0 0 0 0 0 0 0 1777 0 0 0 0 0 0 0 0 0 0 0 0 0 0 0 0 0 0 0 0 0 0 0 0 0 0 0 0 0 0 0 0 0 0 0 0 0 0 0 0 0 0 0 0 0 0 0 0 0 0 0 0 0 0 0 0 0 0 0 0 0 0 0 0 0 0 0 0 0 0 0 0 0 0 0 0 0 0 0 0 0 0 0 0 0 0 0 0 0 0 0 0 0 0 0 0 0 0 0 0 0 0 0 0 0 0 0 0 0 0 0 0 0 0 0 0 0 0 0 0 0 0 0 0 0 0 0 0 0]
[0 0 0 0 0 0 0 0 0 0 0 0 0 0 0 0 0 0 0 0 0 0 0 0 0 0 0 0 0 0 0 0 0 0 0 0 0 0 0 -1777 0 0 0 0 0 0 0 0 0 0 0 0 0 0 0 0 0 0 0 0 0 0 0 0 0 0 0 0 0 0 0 0 0 0 0 0 0 0 0 0 0 0 0 0 0 0 0 0 0 0 0 0 0 0 0 0 0 0 0 0 0 0 0 0 0 0 0 0 0 0 0 0 0 0 0 0 0 0 0 0 0 0 0 0 0 0 0 0 0 0 0 0 0 0 0 0 0 0 0 0 0 0 0 0 0 0 0 0 0 0 0 0 0 0 0 0 0 0 0 0 0 0 0 0]
[819 -739 508 600 790 -157 495 583 -313 157 -465 869 -196 -723 -29 -793 -829 -551 -526 801 453 855 -406 -355 585 51 334 -470 -14 777 -48 -429 -333 -230 616 -286 303 7 374 -487 -266 257 161 -863 34 13 -97 -6 -96 123 -17 77 136 -193 -19 4 -219 -83 367 136 -7 76 21 -12 -66 60 -125 79 -87 154 -126 -32 -75 102 -69 61 -126 149 -12 -134 -75 -160 133 -73 145 106 -21 28 168 -38 117 66 68 61 -204 -138 0 143 -8 -12 -63 -14 3 96 145 87 19 -69 233 -160 -12 -53 49 -45 43 37 125 -174 -6 20 14 -22 105 -92 218 34 122 -99 -187 -64 -193 -26 -92 157 106 186 61 107 53 102 70 10 -14 -55 -109 55 36 115 -49 -196 242 196 -90 95 151 38 199 18 89 -149 -4 5 -85 0]
[-2 -24 -748 723 -732 258 -682 109 -288 -818 582 -127 -257 613 -247 -838 -280 707 588 151 -146 538 -678 -701 258 -758 257 -295 372 -351 -307 -256 538 61 626 228 80 26 -387 753 412 536 -36 -598 -83 -334 351 -251 230 -47 -80 2 -308 -112 -76 3 -225 -70 -483 -16 27 116 -63 27 62 172 -24 -97 -243 -95 -99 -59 -135 -128 -65 -110 51 -45 -148 52 12 -46 -317 45 50 -72 115 98 25 108 -17 20 -123 -19 -10 35 -164 99 4 5 -8 -82 -6 1 88 -179 -2 -70 76 93 -119 -31 -82 17 132 2 119 147 -77 -78 37 52 87 141 -262 156 49 97 81 13 3 -64 -36 -150 -75 -125 -59 -123 112 25 75 -37 113 251 38 -82 -159 -17 134 44 -249 -73 -64 99 -30 -62 -172 178 29 79 -16 -85 4 0]
[108 671 682 -264 -882 491 -112 -877 -178 851 -49 -87 -513 -525 -567 277 114 -191 -615 -37 219 -127 -223 -9 421 -253 -673 -28 -43 741 -113 -464 -97 91 267 -76 394 132 -82 -907 69 -209 -56 349 -11 -31 203 -228 -111 76 -131 297 206 -255 -259 -357 -121 -111 -419 185 -193 -78 70 -83 -21 188 -63 -55 -282 63 -98 -47 -40 -166 -123 -51 -61 162 -103 3 -174 -56 -177 -69 151 125 13 153 115 133 144 92 26 151 -332 -89 -293 57 12 -35 -67 -80 -69 32 436 222 124 -175 137 53 -93 -122 177 -23 72 139 46 -11 206 162 36 -130 282 153 80 22 13 98 21 -4 -383 -111 99 162 28 -21 71 -86 56 1 150 -192 21 20 45 83 -127 -16 324 -49 99 96 -189 -25 -98 106 29 193 120 -60 204 157 42 -2]
[0 0 0 0 0 0 0 0 0 0 0 0 0 0 0 0 0 0 0 0 0 0 0 0 0 0 0 0 0 1777 0 0 0 0 0 0 0 0 0 0 0 0 0 0 0 0 0 0 0 0 0 0 0 0 0 0 0 0 0 0 0 0 0 0 0 0 0 0 0 0 0 0 0 0 0 0 0 0 0 0 0 0 0 0 0 0 0 0 0 0 0 0 0 0 0 0 0 0 0 0 0 0 0 0 0 0 0 0 0 0 0 0 0 0 0 0 0 0 0 0 0 0 0 0 0 0 0 0 0 0 0 0 0 0 0 0 0 0 0 0 0 0 0 0 0 0 0 0 0 0 0 0 0 0 0 0 0 0 0 0 0 0 0 0]
[427 -567 -566 -57 -187 -288 -153 28 -403 582 880 -513 -637 443 -789 177 183 663 530 452 -341 539 -107 -146 772 -333 517 -3 -18 679 351 504 -191 -282 -1018 100 106 -48 41 -53 280 468 171 -403 6 -164 360 -146 -281 -39 73 -42 -78 -282 181 126 71 181 270 142 -82 141 97 26 -9 -95 382 241 18 10 233 -90 88 18 -48 10 -126 -63 3 -247 113 -115 164 -183 -135 -44 -146 -63 -64 94 98 -271 -142 54 58 -23 -111 186 57 -180 56 -75 66 -43 -250 -140 -133 93 67 -163 152 146 -63 48 66 23 201 -98 -52 -18 132 98 -173 -248 58 69 132 -72 -105 139 -18 90 -177 -39 -109 -104 229 270 -76 30 -218 66 -46 188 116 307 -99 -210 -248 -104 124 144 269 103 225 -85 292 2 -45 63 101 62 172 2]
[-792 -769 847 838 772 -178 -767 -15 423 220 753 -667 585 269 339 324 450 -136 247 -119 -674 774 -347 192 499 408 466 -278 -60 -295 108 -149 -245 222 634 222 -249 156 -131 -669 17 124 -68 134 -168 -190 -217 254 199 -108 -160 -177 53 122 -120 123 -54 -18 -259 -209 23 -323 -226 9 13 174 -262 -80 23 -63 -90 -10 -40 -94 138 47 76 -182 -107 115 -54 69 -206 39 -2 -118 -217 39 -40 -135 4 238 197 -103 36 233 9 -302 120 177 -231 32 1 -59 94 35 -26 37 -120 37 -96 -92 -212 99 32 -115 -184 220 -31 146 -7 -71 3 158 -190 -7 -38 -63 24 -21 237 15 92 -14 39 -50 -157 -288 -212 130 193 -105 60 -46 -236 -270 45 104 212 -52 -111 -200 -169 -179 -132 -76 -85 -27 94 9 -132 52 147 -3]
[434 55 -245 593 -44 -344 -285 -133 -564 702 -265 -181 -762 -294 885 -282 726 161 501 -227 -880 589 854 23 -555 381 214 392 -183 909 121 464 -566 -42 -558 -61 262 261 19 468 23 -602 -65 207 -101 -40 -61 -63 7 87 -138 129 330 -69 -61 68 -120 -230 170 -43 -34 -94 55 -172 49 185 -289 -120 -169 179 -52 107 -44 -27 110 -34 16 -49 -27 -38 -167 -95 -76 26 17 -62 -191 166 55 -88 110 119 131 42 -92 179 100 45 -116 -8 -217 -65 122 68 208 56 15 -12 146 -112 -129 -82 -70 -12 76 -139 -65 140 32 102 12 23 159 -10 42 11 132 -99 -119 -39 -95 5 -88 142 86 -71 -94 -118 -82 161 181 -65 47 -39 -245 -72 73 15 108 -258 208 57 -199 -129 -40 -24 3 228 173 -94 -15 55 235 4]
[-694 874 236 -856 53 -20 -561 13 -446 -180 -44 -733 -154 -617 604 -201 -555 34 -594 -677 105 -425 -14 586 800 39 -842 28 -339 349 -426 -201 35 -103 110 -134 -51 127 -12 463 152 442 -343 647 -89 52 -146 -317 -35 232 259 271 79 -88 -3 -27 11 -186 232 -253 -70 196 171 -202 37 203 -181 -114 44 101 -79 31 -50 158 89 -141 84 209 217 109 -240 7 -148 71 34 23 293 183 -37 -165 -119 115 -43 -75 -133 43 125 78 26 103 80 143 56 63 114 172 106 -180 180 40 -259 -133 35 -201 46 -71 -115 67 36 -40 -168 56 117 96 106 97 -66 147 -23 81 -265 -128 -25 9 28 -66 -46 39 190 306 12 132 138 -201 39 47 91 -11 -24 -172 131 51 -219 1 18 53 -167 245 -32 -212 -109 -141 -260 5]
[630 812 884 82 -109 -228 -615 79 452 -371 -869 276 582 834 468 -438 618 -705 12 533 -472 368 -75 388 209 176 517 -232 236 314 -117 405 847 331 247 48 -33 59 -380 -692 -9 904 189 656 31 -20 72 236 224 -6 -325 25 -132 -216 -172 -15 -43 7 -363 -238 255 -284 -303 -24 -87 -62 113 24 -206 -228 10 -164 120 -44 74 -104 125 -100 -140 139 180 -55 -185 157 172 125 151 -141 -112 156 -32 -2 -19 -144 -23 40 -153 -81 115 60 -29 -42 -5 -12 156 32 121 81 -141 114 -58 -50 -46 103 147 -105 103 112 -114 194 78 -107 -63 184 -139 104 -46 183 77 22 -49 -17 231 -35 -104 12 -88 -267 -87 15 113 -146 64 -58 8 -51 -103 -138 56 201 -241 -73 -66 158 -125 -87 -226 -114 -71 -4 21 76 82 -7]
[407 -214 177 -845 171 -9 -13 -701 -674 325 -553 -383 626 160 575 187 -672 848 780 868 -659 737 -170 186 138 -78 -586 1140 -109 427 61 -735 12 -34 -31 3 208 98 -224 -153 272 -983 -158 -841 33 137 253 -311 -96 72 39 229 141 2 78 -59 153 -129 62 30 -50 153 260 -169 102 -49 98 -119 -105 88 164 149 71 -35 41 -142 66 -16 92 -19 -38 -4 -3 60 -126 -50 47 99 -73 85 -11 -185 -134 84 76 84 91 204 -228 -173 77 -83 118 31 -31 -66 22 20 33 11 -21 63 93 -66 1 -61 -6 94 69 -64 5 116 51 -76 14 -16 48 63 44 46 -139 16 -88 -1 -59 -207 2 63 77 -71 -82 30 1 62 100 143 -8 -204 -55 -10 77 61 60 -45 -59 14 -111 237 -10 46 121 -2 173 7]
[-407 214 -177 845 -171 9 13 701 674 -325 553 383 -626 -160 -575 -187 672 -848 -780 -868 659 -737 170 -186 -138 78 586 637 109 -427 -61 735 -12 34 31 -3 -208 -98 224 153 -272 983 158 841 -33 -137 -253 311 96 -72 -39 -229 -141 -2 -78 59 -153 129 -62 -30 50 -153 -260 169 -102 49 -98 119 105 -88 -164 -149 -71 35 -41 142 -66 16 -92 19 38 4 3 -60 126 50 -47 -99 73 -85 11 185 134 -84 -76 -84 -91 -204 228 173 -77 83 -118 -31 31 66 -22 -20 -33 -11 21 -63 -93 66 -1 61 6 -94 -69 64 -5 -116 -51 76 -14 16 -48 -63 -44 -46 139 -16 88 1 59 207 -2 -63 -77 71 82 -30 -1 -62 -100 -143 8 204 55 10 -77 -61 -60 45 59 -14 111 -237 10 -46 -121 2 -173 -7]
[614 -454 682 12 558 -551 -690 -536 -429 534 383 -203 -450 370 424 -839 385 356 660 236 -869 -696 856 -659 300 542 467 -679 43 -75 145 220 -70 90 -912 -162 20 -157 -202 -267 424 203 -66 782 49 -35 291 -89 -247 20 38 269 212 -193 -173 -267 248 76 -202 -243 -258 -29 177 -207 -216 -61 484 40 -183 -42 53 -68 197 -113 72 -15 106 46 30 -107 -156 103 17 -82 -115 -19 -243 -29 -107 100 -37 -49 -143 67 -39 19 -297 8 165 -222 -43 88 54 -159 232 90 26 -31 180 -94 19 147 25 63 242 -65 89 -151 137 306 -5 -245 -107 -101 119 -34 70 47 6 176 -80 -26 157 19 -116 -125 208 192 -40 191 -133 -148 -78 -140 6 327 -307 -142 -73 -174 113 58 -15 -47 -95 -69 100 -12 -21 -166 122 112 247 -8]
[778 600 -560 -54 809 573 -520 451 -519 389 167 -764 -849 -222 440 -780 190 -17 862 -672 590 -879 -432 611 -609 -413 -123 210 207 -34 61 111 -94 -208 435 -240 516 348 92 -829 -368 321 457 -6 187 184 288 -107 -265 -117 -202 169 404 37 -282 -236 -232 7 -391 175 -27 -92 -202 101 -313 92 -105 -81 -279 141 -186 -68 -213 4 -106 -66 -133 209 -131 -51 -102 -110 -59 -179 187 142 -53 164 178 56 148 104 132 271 -407 -299 -311 -14 -29 -98 -162 58 -160 178 428 169 29 46 262 66 -122 -164 -94 9 69 109 184 -117 -32 338 52 -105 288 192 53 44 67 64 -124 -20 -149 -47 -79 133 -73 97 174 65 137 2 162 -246 -238 13 -147 -109 -142 219 284 -39 140 -99 -35 106 191 119 206 135 91 47 88 -63 -228 4]
[-443 -265 -78 692 203 797 114 588 -148 327 130 239 806 188 667 872 -406 814 93 628 841 6 -571 -784 -584 -143 679 -228 -163 125 -109 -1032 -187 5 -158 -174 -154 -425 199 -591 143 -559 42 -139 -5 5 -173 -87 200 207 70 163 -255 167 -169 -15 191 -243 283 5 13 133 221 -79 66 -235 298 30 85 10 -159 -4 16 -14 -74 81 -26 82 96 59 -52 88 3 144 90 -79 155 -121 -45 -84 -159 -133 -194 32 278 -174 59 200 -99 -101 183 -10 -102 -60 -155 27 164 -257 -24 54 96 125 172 16 83 78 19 -132 230 -233 -25 -84 23 -114 104 25 1 38 73 86 -132 37 -85 -25 -33 170 82 24 120 -4 -139 -71 165 76 275 63 -108 -58 -63 34 -53 182 27 83 -138 -42 -235 -18 -38 -132 46 -85 91 0]
[-675 -710 398 -514 227 389 376 83 -14 775 188 -277 268 145 558 612 -705 -549 -421 -480 764 -414 455 -337 440 -655 718 -629 369 -194 -39 60 -307 28 -573 -152 -43 485 -171 -692 -100 -183 -107 129 -149 -91 -34 -116 -274 -26 -81 96 207 -499 199 198 13 -134 149 -496 110 -105 -117 -188 -1 161 -149 -70 -8 -64 113 -72 136 130 90 -323 143 -157 190 17 105 -195 -229 -22 12 61 80 105 -307 -90 32 207 101 -90 -215 213 60 32 195 179 -29 28 243 53 79 117 90 97 5 53 -245 -141 -152 -116 123 -117 -151 304 -186 256 -16 191 -54 -7 -131 177 -118 199 -255 42 -122 -115 144 -4 -71 -239 -153 -167 18 356 137 73 120 -218 -259 -20 101 -231 -111 -124 43 -15 -146 122 95 -185 -221 201 -104 -6 -100 -74 -41 7]
[-669 668 -773 -352 -316 -118 -728 413 -621 -459 325 -681 -18 414 847 571 383 -835 193 13 341 -759 378 -334 -103 -334 -317 70 -296 596 -235 26 226 53 -741 176 -198 271 -53 -286 268 -517 159 -339 -134 -72 -295 -87 555 43 -38 39 -34 295 -321 23 -23 -194 -225 182 14 -15 50 -6 102 153 -294 -81 -47 204 -43 179 -210 -5 42 212 -217 90 -144 239 -213 115 -137 132 71 -39 -95 208 150 -26 -57 136 43 -3 24 -20 -92 7 -44 2 -105 -152 1 209 95 57 12 7 -1 -6 -139 -266 -30 54 55 -151 24 96 38 -233 15 -26 192 150 88 72 107 167 79 99 -6 3 -82 40 -68 123 16 -191 -227 -113 130 -129 143 47 75 -297 160 282 435 -97 -49 -51 -131 -216 -151 180 -42 86 71 -105 -59 72 296 -2]
[-516 38 -769 -442 422 -340 333 -392 -644 -478 -547 458 -510 0 100 688 -75 471 -355 -822 12 -304 286 -33 -832 264 573 -475 -107 -606 203 74 -97 -66 -672 -183 -110 -293 -206 588 116 -582 147 84 33 151 -49 -37 -389 -189 -3 7 168 182 178 -16 9 -84 -42 -269 50 -67 35 -112 -204 -158 228 -67 152 15 43 -29 80 209 -71 -37 46 -162 254 -44 92 37 20 32 -22 52 57 -74 -253 -265 -95 81 4 134 226 49 89 -11 118 -213 123 265 146 -187 -81 66 201 76 -34 51 29 154 -181 -55 92 -23 -255 76 -85 -9 -21 61 -33 -84 -76 54 106 -5 87 92 155 170 43 -78 -162 -170 67 43 29 183 -176 -51 -43 -170 -52 -83 -131 -149 -238 75 66 -61 319 147 -35 -104 -221 8 -61 155 -68 -294 -7 10]
[-792 367 185 -449 -802 730 -74 662 737 -149 606 621 -595 616 196 784 -445 -176 -544 -175 -472 78 435 526 18 -433 -161 -26 52 194 -154 -520 -177 -54 -713 223 -101 71 435 -449 -29 -237 -93 736 -20 -35 -264 309 -98 222 -93 -225 -95 -624 -56 -248 50 -135 -380 105 -223 52 -86 -191 59 88 54 -55 41 -101 -215 -94 -24 -143 -105 23 26 -48 -19 -161 43 95 -58 -103 15 -113 -141 101 -216 -59 39 337 191 -150 -146 -87 -157 -222 45 192 55 -20 98 78 310 201 41 -313 -39 146 -57 99 -156 -16 -108 17 -169 -76 208 -11 -62 54 -34 139 -27 -208 -116 -57 -132 -7 -109 121 149 -41 -42 -79 -251 -74 11 -54 65 -35 144 -31 266 -197 -81 -208 186 104 -96 100 -208 194 -202 -25 -12 -95 47 -89 -52 69 -99 9]
[-836 790 497 -84 472 883 15 83 -684 117 -487 180 156 -412 673 -670 751 533 188 -838 798 -651 749 -677 -543 303 298 -227 -131 287 -244 489 19 -269 -733 -11 210 -118 -227 292 -151 568 102 617 127 -40 -100 -15 116 -39 -33 -140 -222 490 25 130 -328 -206 414 144 243 81 -156 166 -70 -148 -230 -59 -53 79 -148 140 -189 171 17 11 7 112 -106 53 75 5 276 280 253 182 154 -62 194 35 -78 -18 -48 82 86 -38 279 130 -242 -98 49 53 -126 65 -91 -192 12 132 173 -61 -36 37 -1 -133 -88 -51 188 -52 -120 -130 -1 121 219 52 59 -1 143 -45 71 -150 82 33 -359 39 122 217 12 151 69 -111 92 59 -33 88 -72 -115 151 326 -96 95 -14 18 148 5 112 127 49 148 42 18 -213 -135 -36 5]
[-323 -47 -872 -748 -565 403 -325 307 -331 464 -316 -403 101 -773 586 -378 -456 585 525 577 210 -58 20 158 -115 528 -710 -20 198 405 -293 -5 431 142 543 72 -130 202 -708 245 87 582 -155 -241 -32 96 161 30 -91 -327 -5 128 -66 230 -75 -102 149 -158 -584 -387 69 -7 145 -185 16 -101 45 -369 -43 -115 -98 108 17 -23 -131 -146 355 15 219 54 30 206 -22 193 -47 141 73 201 -305 96 -69 281 -41 93 -16 251 -69 -223 -144 -102 33 77 200 -89 284 4 97 61 14 123 -235 59 -127 -154 127 54 -225 102 65 114 -97 14 13 106 -202 -154 -61 207 121 -26 125 -119 309 -137 -99 -305 -142 -149 170 83 136 -147 40 -349 -231 -30 75 -179 42 279 -104 -208 -20 35 -258 -88 -305 148 -252 89 7 -82 57 11]
[-797 -288 -260 -118 -684 -169 28 108 645 558 559 -334 -582 185 -380 530 112 -568 -666 -268 151 359 -254 -690 -794 -245 258 -130 266 -241 -250 620 327 61 -293 116 124 -66 -73 611 132 -660 6 -149 91 -203 -197 195 459 -30 -44 -312 -138 196 34 104 -206 -50 -99 -45 88 -66 -186 114 -11 244 -264 -74 -139 -133 -53 163 -69 -148 171 130 16 -197 -206 136 36 101 -147 105 -118 -134 -171 -56 100 -121 -77 168 118 -114 53 158 74 -152 222 126 -178 33 -22 -36 222 -98 -51 91 121 36 3 79 -11 183 79 -240 -28 45 -124 -38 -50 -164 -32 54 -222 17 132 -170 116 -16 397 39 122 -7 100 -88 -190 88 37 -66 78 209 -80 3 -235 -401 -127 331 60 -85 -214 -180 -129 -167 -164 -24 -125 -36 104 49 -269 -162 89 -14]
[104 676 259 -101 -94 170 509 383 -547 50 -400 702 352 807 -483 237 -255 354 54 624 681 668 -259 -349 498 -813 111 30 214 -819 289 538 -432 137 -658 197 53 234 37 -486 -193 295 -287 530 11 348 -176 230 -30 -197 38 -118 235 166 57 60 142 -129 -251 104 -179 13 311 10 132 -25 -84 -250 149 6 -108 113 -61 -132 -95 -38 190 58 162 -102 -63 316 -9 0 -228 -106 -123 191 -158 -91 85 240 184 262 50 151 218 -330 -267 14 47 -9 88 -147 276 88 67 -7 9 174 22 96 -92 44 -39 90 -376 -35 395 -14 -102 -21 82 -59 -51 -348 33 -159 140 -105 247 139 203 -35 81 -224 -234 -34 145 -182 29 -102 -100 -108 -36 -263 84 -131 127 195 24 -221 32 -35 -181 -55 -119 100 23 144 5 -173 -14 12]
[-866 -787 236 -388 612 211 -209 386 -728 -102 371 -276 -632 567 -278 269 795 485 -336 -114 604 -864 -336 -540 682 536 703 -458 -430 -265 282 -692 -613 313 224 255 -125 113 -276 -377 257 -877 -117 229 -176 -397 71 -229 -294 26 -5 -61 159 -493 207 -102 -63 69 -260 101 -126 -28 -147 -23 45 170 13 17 -56 -142 151 -115 0 -122 49 -175 -25 -127 -48 -91 61 -133 -131 -152 -1 51 -101 3 -71 204 -21 -63 61 -64 -197 13 -192 19 21 84 98 -39 77 89 -16 141 -135 -122 -8 192 -49 -75 -71 -71 -120 48 -162 268 67 167 22 180 27 132 -101 -42 -141 -41 27 -56 -239 -51 -55 70 -51 -196 46 -64 7 17 74 -8 50 145 132 20 -2 -274 54 76 -9 -41 42 -51 35 15 -9 236 105 189 115 166 101 11]
[526 -679 549 461 -823 -300 -324 -660 431 777 419 -226 -839 -76 -247 268 -268 -60 808 530 342 548 -23 735 414 -755 91 343 -269 -333 232 -25 383 -72 -19 -272 -293 15 -342 158 -118 848 24 365 5 46 -270 157 -104 -159 -7 96 -179 393 -110 182 112 -208 313 -158 173 -158 127 -146 50 -192 -31 87 208 174 197 115 89 166 71 86 -62 -22 72 180 -12 -45 242 254 241 274 63 -24 -12 -59 -24 143 -40 38 214 208 257 23 43 -180 37 -58 77 -40 -231 2 186 142 -208 -224 8 -73 -124 -57 78 10 -27 43 -121 -164 -14 96 24 -94 153 94 190 151 105 171 -1 141 -26 -18 -22 235 166 -103 -381 49 61 -179 185 -206 -157 95 219 63 -98 -56 155 119 141 -48 12 79 -76 0 -122 -80 -93 51 290 6]
[42 471 -10 752 -769 -535 489 -672 202 -439 345 -612 -817 597 -480 236 368 30 -688 -460 -740 -110 -727 -830 281 -159 671 -626 -491 -222 -165 438 855 40 224 378 -119 -298 -315 -516 432 -930 -220 565 -248 -211 251 -418 -24 -183 158 -45 -130 50 286 15 -208 180 -31 141 -7 233 125 232 19 -73 41 -55 76 1 -29 10 -79 148 -189 -102 104 128 63 -133 73 46 67 38 -99 155 182 38 13 193 -9 -249 -185 101 171 30 32 134 -206 -121 211 91 71 -104 -272 -254 -111 128 113 34 -13 -17 117 -203 -46 133 2 101 20 -194 76 174 -19 -8 -60 -55 -60 85 79 -194 17 -146 -171 -125 55 -99 7 51 99 -9 -75 79 26 130 147 219 87 -134 -206 211 -80 -56 232 -8 156 -39 8 66 -53 145 89 -16 -39 -4]
[-4 74 826 96 441 371 -881 224 -69 415 -395 489 -794 -382 85 -617 597 87 -318 380 -255 22 17 -424 741 -226 470 227 -161 -369 470 131 347 123 977 69 -85 -148 -202 943 63 316 -94 -789 -43 9 45 92 -371 64 20 -35 107 -29 123 58 293 -4 276 -186 -16 0 103 -169 7 -165 351 23 145 -6 13 -163 182 -107 30 -147 164 -70 140 -111 118 -28 94 -1 -38 -33 -79 -128 -303 -40 -15 -73 -143 46 235 51 155 -88 -131 38 105 48 73 -139 -137 17 24 -73 -93 4 64 172 -73 -35 -113 54 -203 41 171 21 -185 99 -307 -116 -136 -164 -17 28 58 16 -81 97 85 -105 -116 -220 32 104 -67 168 32 -17 44 -55 226 186 -109 -293 -174 30 33 42 153 24 -80 -189 -63 7 15 6 48 80 156 -2]
[580 -431 -824 -622 -193 -837 -772 201 7 -352 547 35 -751 -685 -212 568 -302 211 -162 -837 -883 727 768 -452 707 -167 332 928 -45 402 -165 -168 -134 -76 -58 382 -70 311 -96 -497 -462 110 125 426 20 358 -278 296 -17 40 -83 -148 48 -103 138 212 -8 -111 200 5 149 -53 -55 -26 95 79 -284 -83 219 -34 -79 -131 -138 143 -36 55 168 31 205 -11 112 -45 -1 -45 39 -255 75 138 -154 -118 151 112 240 -28 -63 137 197 -197 -230 111 -102 111 48 86 80 61 52 87 -165 -8 -68 -160 -139 -76 -165 -206 -227 -19 -81 24 -54 57 35 119 -121 -55 39 -69 -164 19 69 65 -15 36 -42 -184 -197 -169 26 160 71 96 -85 -109 -32 -192 267 -47 61 29 158 -130 121 103 -15 2 57 54 19 0 -98 -24 -252 -4]
[119 537 -483 289 -315 -672 -62 630 -565 265 226 -438 718 -362 -751 -218 -237 -460 371 -85 -708 380 -810 -794 647 -304 25 -363 -113 -238 47 311 -377 -233 536 -91 -360 341 257 -556 -342 -271 93 733 -102 249 -216 222 -267 133 9 306 408 35 -103 -22 34 174 173 -243 46 -370 -197 -17 -59 -70 -11 -1 148 141 -42 -157 44 317 42 -94 -40 121 284 -3 -225 -86 -37 -67 84 87 281 -68 -95 -393 -52 -86 80 -93 -222 -230 -7 -104 162 201 -34 244 -24 22 -74 446 143 -89 -104 77 -233 -149 -29 -111 -109 10 -71 80 -36 283 3 98 93 133 201 155 -283 102 -119 5 -289 -93 -52 247 10 62 12 -233 -85 285 -92 -64 6 -303 56 87 120 -155 70 99 193 57 -65 11 85 66 43 -2 -30 -53 -13 -10 -306 5]
[-466 -458 -91 -290 -588 727 679 -748 -140 482 -377 -852 -186 -209 -449 818 860 -336 76 -614 -693 843 -107 -829 36 828 -639 7 553 517 -49 4 602 -326 527 199 384 348 -41 571 110 -323 306 -6 258 100 394 -90 25 -108 52 24 -106 182 -133 -134 164 366 -631 239 35 -68 -189 -61 -161 96 155 110 -124 -15 64 -95 3 -49 -206 209 -213 12 -187 38 42 63 16 -282 4 22 -60 97 -12 81 54 -66 18 17 -166 -24 -480 -182 58 -66 -71 -80 -91 141 1 -50 -232 -46 -99 5 -40 109 -172 122 -19 199 233 -162 -100 169 128 -137 -50 149 -151 21 -63 -17 164 154 148 -5 -28 -70 -177 -284 180 116 -18 -88 22 21 -51 170 -66 18 -62 31 272 159 -4 -40 -20 -3 -5 93 364 -110 -152 128 269 129 19 21]
[-267 -510 166 723 829 752 -452 -209 126 -617 7 399 36 519 -113 695 -405 -410 -788 -648 -509 39 -839 510 268 112 -353 -605 552 558 318 -30 -51 134 622 -321 523 -75 71 -77 -355 753 345 -885 43 -13 343 -85 -160 -139 -95 -148 227 289 47 26 -225 -5 179 23 149 0 -221 124 60 105 -362 -28 -130 -54 189 169 -106 -132 201 -65 -149 -210 -101 46 128 -216 54 41 -83 61 -86 -34 257 79 49 -41 97 -54 -168 25 57 16 -38 51 -234 -69 -143 107 61 5 -187 130 100 15 112 -28 -13 24 -103 7 -85 223 -184 -5 -44 22 61 47 -23 10 64 -231 -2 -133 -22 -9 7 80 48 125 99 94 254 -139 84 87 -273 -28 -291 -156 96 196 -74 -138 43 -212 16 -72 112 44 -7 78 63 227 -22 -49 -176 10]
[-687 715 443 -399 583 605 -604 110 -167 -887 -753 -509 507 314 699 729 179 -191 841 -265 -437 -218 -363 -640 806 -846 337 -513 -9 -361 -4 404 -516 -79 178 -418 701 1 199 -407 -401 -474 370 883 164 218 -293 280 115 72 -64 0 -15 103 -159 110 75 -231 193 -116 278 140 96 -161 70 32 -159 -187 -33 137 -127 217 8 -22 100 44 24 90 60 86 74 -93 79 84 -2 197 5 108 6 -15 18 220 90 -115 -18 47 249 -200 -229 26 -19 -28 136 169 243 12 -23 -80 54 53 -135 11 -107 -82 49 -29 -173 -44 -45 -120 -72 19 -207 -23 69 -171 162 -77 -76 -83 -7 92 294 -44 40 135 -176 20 45 27 258 -62 -73 -420 -297 -215 201 -65 -116 16 133 40 -303 231 -50 -60 -229 -154 -107 -155 -10 -82 -155 10]
[-563 -273 -698 499 -511 -582 -349 -278 266 152 -253 437 -717 582 536 -220 -23 103 700 -275 633 887 -123 -189 549 797 -58 -359 258 -1006 453 -81 400 34 357 1 201 -155 -158 -517 -109 -977 144 -53 224 597 104 222 -137 -19 -31 100 309 12 85 -111 36 348 -70 161 16 119 0 2 -213 -97 344 -32 51 176 236 5 127 114 48 -26 145 61 49 -112 11 -96 139 -297 -160 75 -131 -86 -57 3 35 -190 -22 104 167 -28 168 -116 -30 -146 166 69 298 14 -80 -65 -76 217 -106 -30 73 23 -213 62 -96 -132 16 -181 -115 57 -21 70 -235 -52 -37 -163 223 -42 102 -6 124 300 113 -79 -50 -83 -69 190 -339 -110 -124 -103 -150 60 108 141 -271 -232 -188 151 147 45 236 140 172 84 170 -191 99 61 108 -102 -79 -4]
[-27 106 32 709 102 368 369 -84 -172 -129 -14 -735 -361 -839 8 -236 722 -842 -312 843 276 -380 -651 -106 -163 695 -383 367 -202 -269 -224 278 40 151 -376 -61 454 -110 353 644 -7 137 27 346 -46 -301 -55 -6 297 355 -54 -99 -71 -403 286 16 -413 29 67 29 264 60 -103 54 0 121 -85 1 -334 -16 -205 -177 54 30 26 -5 -74 -120 -125 -146 177 -225 -70 110 116 111 328 -274 108 92 29 -59 -47 -191 27 -158 28 204 -4 199 65 -74 64 68 86 -208 36 -206 199 -17 102 79 121 125 47 -33 132 -84 -170 -275 46 -5 -201 -120 -44 145 35 -217 11 -270 -72 -156 73 11 113 54 -193 10 169 49 -33 200 136 17 -48 -55 -69 -18 -241 14 -171 138 -230 239 -9 -87 -100 -204 111 -52 -5 -81 -113 4]
[-243 786 453 82 291 -151 -504 225 -779 -175 413 621 738 -603 -739 -758 739 -133 446 490 -296 -288 -588 -141 645 389 -429 590 -89 64 38 467 -485 -24 250 211 34 171 194 -437 76 66 -110 248 146 52 47 83 179 64 -116 -148 311 -197 64 -46 -238 -6 -414 122 -215 2 -69 -133 50 204 -199 23 -253 -21 -64 -166 -61 -112 58 -195 -71 -36 -180 -76 -67 12 -167 25 78 -56 66 57 110 9 33 81 138 -54 -147 -101 26 12 -226 173 19 -117 -72 78 200 148 -26 -156 13 180 -31 -30 -39 13 -185 -74 -55 104 144 5 -73 82 77 98 50 -76 -34 -80 167 -146 -92 72 46 41 -14 -118 -275 -220 124 -138 25 82 -10 113 218 -287 53 -16 217 -30 -57 -86 -176 56 -127 21 65 80 152 64 42 -4 -77 9]
[-743 -572 362 -626 -378 -115 436 29 -324 387 616 593 -55 516 -123 -252 382 716 -43 -835 -741 676 269 -323 -398 -436 21 -351 -301 -472 304 432 -434 48 -231 -152 -35 274 359 -227 -259 -157 -397 170 -177 6 -405 142 -24 121 151 -64 -27 126 259 317 45 -160 647 -177 142 -94 153 -145 196 -31 -280 38 222 13 -16 -27 1 135 99 138 -56 -33 108 -23 12 77 81 162 -11 33 189 -31 39 -222 22 1 144 -124 33 282 290 -114 -55 148 -63 68 60 -98 -99 70 38 -156 -109 -192 5 38 4 -27 -65 40 -166 37 72 -99 -72 90 16 -41 126 -157 -38 -273 -55 -45 67 -24 -163 93 142 -30 -117 -50 25 184 24 133 165 -237 -151 1 412 -109 -184 -38 231 -11 -79 -199 10 -25 -30 -16 -12 -57 -145 117 51 5]
[95 -601 564 -226 -157 -76 -86 59 626 -394 302 292 70 169 418 -35 -107 -30 -268 758 -348 422 796 92 -568 130 132 -202 -239 135 213 463 29 106 -204 93 1 77 125 -899 240 -239 98 -336 -113 -171 121 229 5 -4 -36 18 -39 -270 -72 -85 -117 109 -339 -15 -87 -173 178 -43 -60 -22 268 81 -186 -3 84 -134 -29 -52 -19 36 -119 -92 -94 -130 -60 15 -39 92 -63 71 121 -62 125 124 76 -80 -36 93 -127 -52 -284 -1 78 -108 -12 -43 171 -114 182 35 106 -19 70 -180 53 -41 -59 184 183 67 158 -59 -14 27 144 -28 -30 -16 201 2 72 -5 35 -25 -30 27 40 45 -68 37 99 -98 -126 -45 -95 -157 16 -127 68 72 -82 -301 60 198 -25 -14 14 156 39 5 3 -89 30 -36 -43 152 186 -29]
[810 449 -502 -81 -617 -660 -731 801 -686 643 675 -537 -656 855 -652 -210 576 -229 223 225 782 361 651 289 -463 -4 -286 -239 40 593 36 -380 591 42 87 10 37 99 -142 405 -84 476 89 770 -28 31 -119 116 -66 140 -92 54 197 2 -52 19 -175 -13 40 151 -129 -3 313 86 6 -9 4 -45 -170 224 -83 -106 -33 168 -30 235 -44 171 122 -126 -83 4 119 -47 26 -157 -118 -70 132 -34 51 -6 -70 115 -60 -190 16 181 37 -183 -136 86 -9 -136 78 -126 184 39 83 -196 135 -8 -21 -1 41 -194 209 -167 -93 -10 106 -6 142 -134 250 222 295 -221 -173 -33 -83 0 -149 194 -10 174 243 4 -96 -56 -133 -144 -244 -93 -65 -41 66 228 130 -181 118 70 167 46 -136 122 254 30 170 -89 -44 -10 95 5]
[-565 122 469 523 -438 -848 -738 101 113 307 835 -329 547 -434 60 670 -672 610 -133 -437 359 -535 -266 441 -575 110 -367 38 -19 212 -169 -613 561 26 491 118 336 -150 -73 266 98 -24 -225 11 -15 -66 -190 108 -156 159 100 37 71 -196 2 -283 8 44 -195 -1 -33 -233 -7 -163 -81 274 -121 -34 -70 123 76 -16 159 -207 87 13 66 -227 -76 106 -112 -87 -144 -2 -42 -65 14 -3 -104 -118 106 191 46 -127 -5 216 -27 -99 215 102 -132 -21 68 60 210 44 -48 -77 42 -145 10 48 21 152 41 -37 -180 -20 -174 -16 -73 -230 -81 98 -107 62 -31 -6 93 109 35 30 197 27 94 -272 -59 67 -166 130 90 69 146 -38 -135 -29 -255 -84 -31 -73 32 152 -235 -63 -130 50 -60 -39 145 -153 38 167 84 -16]
[-146 -400 -790 -338 -16 -605 -192 -278 740 416 90 413 744 429 198 -51 228 826 -451 100 -485 -238 -672 726 206 112 74 140 167 -19 -18 -357 102 84 142 -253 86 -191 455 -708 -275 546 153 314 -192 -180 -356 208 188 47 -226 46 17 39 -110 188 -84 -91 429 -331 274 -204 -238 92 -63 -11 -82 -16 28 -92 -279 -151 83 11 107 127 26 -65 35 14 37 -30 -157 55 51 -70 -116 -206 -88 -344 -34 -41 116 -136 62 62 122 -152 223 253 -184 130 -126 -64 141 72 16 -117 -26 -35 17 36 -31 172 186 -134 0 -1 11 144 47 -269 43 16 -55 131 39 -231 -176 54 229 -69 -7 107 105 141 -98 -52 -37 327 15 -135 97 -81 -417 -131 -66 38 -106 -155 34 -32 -244 -73 9 -97 -132 -125 -77 -82 -122 -60 27 8]
[331 -829 715 -518 674 432 196 826 -460 -110 433 -839 -64 -658 -300 -66 -134 -422 311 252 793 266 -346 884 -745 -346 -683 -297 66 -122 -187 -501 -528 287 -621 -11 -323 -21 -141 -312 -207 85 -217 512 -190 -198 -411 369 230 -89 145 -198 -285 343 83 5 -5 86 -85 -250 28 -96 -84 10 165 -110 -55 -119 209 -144 -48 -7 88 7 -74 214 173 -81 57 44 66 154 162 32 -33 -20 -240 -188 -11 25 -86 350 44 -303 40 158 17 -214 94 265 -21 -48 83 -92 -174 -49 -173 -70 -202 -33 -21 197 47 -119 -162 -48 -221 -105 -20 -15 -107 24 -205 -171 68 -167 -189 -215 -102 -254 226 -173 284 19 79 96 -291 -263 -121 22 -18 31 170 -232 -269 -35 319 177 -164 94 -64 -15 -136 -133 -294 4 58 -381 -31 -24 -135 140 25 17]
[327 868 383 -584 446 -678 138 271 -887 -618 785 -453 -31 50 176 -417 -274 -163 -137 -739 -561 215 15 375 -459 -56 743 -398 -105 444 -616 337 -217 72 732 -354 16 -163 -467 608 -173 -325 -68 -357 -20 337 -160 -156 -51 19 -49 393 25 216 -54 -272 -131 -144 -196 -250 230 77 26 -133 -54 -79 -226 -248 80 37 -30 59 49 207 -141 -67 168 247 291 221 -71 55 -80 101 172 149 148 142 -30 -43 -157 124 -129 -28 -59 70 140 88 -39 -57 41 121 -20 -6 41 99 151 -29 -116 81 -228 -58 87 -366 16 -29 -99 96 -70 61 -98 62 257 161 13 156 -53 218 17 -73 -173 -74 138 36 0 101 -57 -180 97 79 121 -86 40 -197 -139 38 61 82 -44 121 4 78 -56 -19 -146 122 -327 63 -181 -18 55 -123 -221 12]
[-828 -533 172 307 -771 743 571 -71 848 489 -445 260 218 192 -463 -827 -255 446 343 -57 -657 -439 -692 515 -746 648 -877 305 107 -168 178 -260 298 -183 -144 -79 -19 -76 -96 -807 147 -241 146 672 266 181 -121 126 -172 47 -58 -69 -182 174 69 -172 -34 -52 56 311 -87 67 170 -47 -2 -230 283 110 -21 0 285 78 35 -75 -27 121 -185 -119 -107 20 151 -24 227 112 -1 212 -62 -154 101 109 -78 -123 -94 17 87 -121 13 223 47 -212 173 -46 -18 -7 -73 67 139 62 -89 -3 134 170 152 -66 -55 -14 114 -144 -12 -82 41 127 -7 -68 182 -99 168 45 52 84 -114 199 -11 146 -127 68 124 148 -87 -363 -124 23 -102 -129 262 -48 -45 23 -105 144 -44 132 363 52 -207 170 35 18 -47 121 -60 77 314 -51]
[124 436 -424 22 -100 -660 13 606 294 787 -222 303 -311 -389 876 695 347 18 832 -146 468 -311 -597 -874 82 -381 -606 368 92 -825 -119 19 422 -268 -776 86 -90 251 45 -348 287 385 39 -469 -95 -327 455 -120 151 -179 126 79 -238 46 118 86 -44 389 -338 161 63 184 73 85 137 89 68 48 -141 16 -70 30 -32 -115 -198 88 -68 66 -101 -217 -55 -35 67 -217 -120 27 -111 96 121 143 50 -210 -185 54 57 -32 -179 34 85 -46 -136 -186 93 60 -115 -262 -238 -76 80 -155 14 62 -14 106 103 210 372 -76 -100 -174 -22 26 -175 -125 -241 69 18 -1 41 -69 114 -194 -17 -148 33 -60 133 89 -1 -49 90 55 112 177 -185 158 -114 63 78 51 -16 -5 -193 -185 110 -8 113 -114 -137 168 114 67 93 32]
[-420 -760 -838 -578 -516 -445 102 540 750 18 239 -604 -143 -620 90 -484 218 258 782 -435 522 273 -686 707 -851 -251 177 -64 -552 -891 383 95 136 -156 -362 71 -323 -293 -224 -595 42 -757 118 146 -8 214 -137 514 -13 -231 83 -53 -245 424 -139 129 30 19 137 -328 -26 -249 -33 10 36 -301 234 63 271 -124 109 -81 21 9 195 31 124 -72 122 -20 -128 149 125 161 1 -15 -38 -112 -148 -139 -70 15 -54 -163 262 149 152 -265 48 -97 -3 75 -84 -256 -229 168 -16 15 -166 5 23 129 -215 -65 48 -90 -165 -29 101 41 -85 -13 -79 -23 195 -121 38 -97 121 88 127 249 -39 21 34 226 26 -69 -220 89 -214 -274 42 -162 85 56 39 -168 -319 146 104 -127 169 -29 39 -26 -39 -179 -65 6 -237 -57 12 5]
[697 -81 357 41 -700 259 -549 -774 -101 -886 882 169 404 71 310 -467 -503 775 -110 -572 -79 -99 -553 304 -206 736 817 -279 -115 41 -114 -186 -229 271 -623 155 -177 -123 -195 516 651 366 -92 -698 -126 -245 234 -162 -240 65 -73 49 -211 -394 -158 -194 188 116 -605 -100 -245 51 -22 -218 -3 180 309 110 77 -135 -16 -175 43 -244 -25 98 1 -257 -8 19 -57 -34 -350 -146 -106 -337 -187 82 -159 -144 -29 77 -78 -129 98 -15 -234 -162 184 -13 -47 42 23 -99 14 -2 111 -218 -255 0 -32 33 -186 10 52 -60 -182 230 13 -102 -7 -27 -68 74 -130 72 50 108 -39 247 -24 185 170 -229 -299 -119 158 -227 -206 210 -36 -238 10 134 227 -52 -273 -245 188 -117 -68 -63 21 180 -192 -48 -260 -110 39 5 -83 85 -100 -23]
[-867 291 62 -733 694 36 815 414 -823 650 -675 595 833 -378 323 194 -821 832 847 357 -305 -766 -132 456 -333 652 -818 185 34 -227 -439 305 320 406 688 -349 -207 -520 252 -14 12 964 -60 -570 -71 359 -210 -54 125 81 21 135 108 -228 -22 -423 -64 139 -277 132 -103 103 -45 -87 -147 57 -31 70 4 -60 -88 22 55 193 -211 169 21 290 -153 29 50 64 76 -73 73 439 79 63 209 147 -16 144 190 -84 -139 -31 -249 -41 299 13 69 163 170 23 328 237 106 -59 -27 32 32 -80 273 -92 10 149 -16 -185 49 68 -31 -254 -19 204 138 -261 -94 56 -11 -84 -208 -122 368 -2 72 163 -80 -82 8 -18 157 53 138 -346 28 97 -22 110 53 68 83 89 -260 -62 -133 125 -14 -416 13 -185 138 132 -95 -1]
[-681 -716 -9 139 206 268 -152 410 69 -481 314 -283 24 788 -616 -825 -762 799 586 559 -241 37 666 -79 544 -328 85 280 55 564 386 -94 -204 -21 -32 17 317 162 94 -376 -117 -257 -168 -190 223 390 291 116 -376 168 -103 187 327 -151 -21 -238 119 177 -268 -119 -219 -167 -14 -313 -45 -133 176 -4 -120 -8 142 -90 249 -74 296 -96 259 -132 22 -156 6 0 45 -149 -141 -175 -103 -11 -68 166 155 -115 25 -112 102 119 149 -70 -150 -115 -110 -5 -27 -51 41 -9 39 -76 -256 62 84 81 -76 -51 -22 -179 -50 -7 99 234 126 -84 -104 -11 47 -112 -20 -226 -86 -8 -140 95 174 35 -54 -5 -115 -157 -139 -30 -129 -134 -141 -97 -44 262 -9 -225 -133 -69 117 35 -106 31 -106 4 131 -200 4 -27 178 186 -126 1]
[768 352 -564 -304 -794 490 472 -305 24 394 -97 454 -53 -263 -830 443 -144 180 -700 316 773 -703 -792 -498 -838 -766 -633 -207 -341 877 -280 225 56 -244 -895 -275 247 32 5 12 -264 -846 268 166 279 480 -188 214 -232 25 -137 112 210 227 -3 -341 -27 22 -120 66 46 -205 -209 -19 -267 -113 -99 5 19 85 -27 -65 115 179 31 12 -105 122 -130 124 19 -4 157 140 277 208 59 -23 118 -36 -1 -100 124 -64 -83 -103 86 -104 -173 -109 4 151 -185 94 42 91 66 161 -201 -14 3 -16 74 -185 -234 -131 40 -37 -216 154 0 -7 91 157 308 -78 -43 68 -23 -88 20 140 -80 107 -47 198 50 -40 -220 -79 -30 -140 -194 -131 54 -111 96 86 -25 112 176 -53 -75 9 98 251 35 -283 -2 -102 -65 100 -198 -3]
[279 -280 -626 847 -127 -852 -263 -194 -545 58 -585 253 -477 438 371 96 -281 -240 -734 196 217 -263 736 19 -434 392 -398 181 -442 438 58 18 -201 58 133 -29 -117 185 45 401 -172 -663 -3 136 -70 -31 -158 192 82 -63 -157 102 182 134 -137 -18 32 -3 72 44 -6 -95 -33 60 -26 -304 144 -18 -33 -48 -132 -17 108 91 -101 -13 131 165 70 -145 39 283 190 6 -29 117 -185 -75 -118 -55 -57 -230 -61 129 -39 -118 52 -23 -119 -47 -23 4 -86 -46 71 208 -22 13 54 219 -17 135 19 -68 33 -53 89 36 272 274 83 -101 175 57 161 -144 -109 -51 -47 -155 -47 11 -46 204 -24 88 48 -2 111 -152 28 -177 -57 -31 16 -85 67 -177 101 236 28 -77 -26 -61 -81 54 -65 56 -65 118 84 107 168 32]
[-637 -778 -463 -417 -626 129 395 -460 -177 -406 90 519 314 -315 151 -340 -612 -742 132 130 17 -61 -104 -41 -101 343 -515 -368 -199 -333 209 33 -201 24 -281 368 -380 -351 14 -464 245 -133 -132 225 -187 -18 118 136 -148 73 307 -105 67 -101 248 91 120 622 201 11 -1 -103 109 -57 -14 109 43 278 306 4 204 -59 49 -15 81 55 87 -89 46 -110 -71 -140 88 -113 -210 -162 3 -55 172 -19 51 -314 -60 -151 255 166 33 -153 10 -47 -170 169 134 -132 -421 -68 -258 92 -69 -272 142 23 13 25 -132 91 -42 16 -236 -52 -133 41 -366 -44 -61 -64 -131 -70 35 25 -22 -36 -7 -117 93 -176 72 58 -92 244 -2 256 -99 -86 68 383 -66 -240 -331 -54 210 44 38 -152 138 -119 133 -292 15 -49 108 212 -76 -48]
[-430 -553 35 125 -742 363 -803 608 196 -706 248 375 -856 42 721 397 497 -534 408 -787 364 -775 436 540 -140 618 -482 50 237 -621 -48 -397 520 -31 -338 110 63 221 -428 -691 172 162 39 -379 127 -82 117 35 119 -12 142 199 122 -41 -271 -29 169 49 -35 -11 -72 -41 47 -4 -110 159 177 117 -109 46 37 1 -4 -176 54 -119 57 205 -101 27 -147 12 -103 -228 31 -32 -91 88 28 60 75 35 -62 140 -218 -61 -248 20 148 -1 -74 -63 -31 45 263 214 -44 111 197 17 -169 -80 107 63 108 -82 170 -234 -10 308 -49 -165 -57 -2 46 -21 -10 200 -11 197 -11 -71 164 95 -51 -179 73 247 -80 250 96 -1 -42 -38 -10 104 -229 52 131 -142 147 121 -166 -151 115 64 199 136 122 -146 61 84 223 -50]
[-777 885 -648 26 -297 -477 -258 -603 34 767 553 -745 -287 130 -763 -332 -184 -60 -713 770 471 -79 -340 314 -815 -413 433 287 33 -256 -50 -166 377 -132 172 35 5 33 -348 -373 193 -632 205 361 185 -344 37 -200 -9 -120 -332 28 -19 162 -298 -129 76 24 -457 121 110 -230 -192 91 -218 80 115 107 -184 -5 -51 15 28 -100 -104 -35 -133 138 -314 318 110 -131 -239 27 269 187 -65 -103 127 -30 -38 23 -39 132 22 -166 -168 40 341 -25 39 62 -204 39 31 14 132 139 -95 185 -158 -1 114 9 94 43 270 75 -64 196 78 -17 125 183 -247 301 84 251 47 303 39 -96 -30 -58 -158 -34 157 -34 -209 -70 206 -112 -15 107 -63 -93 -249 307 264 -12 -204 61 8 -126 -82 48 -119 76 -69 168 16 26 289 -12]
[445 76 -425 -662 379 478 -671 143 553 265 660 447 403 888 457 420 339 -249 246 575 542 -589 -577 270 -523 750 -149 604 94 47 -30 884 392 -29 836 282 -219 -205 -349 130 -135 -177 -7 -662 -4 210 153 357 78 -54 -216 -201 -94 249 -160 7 -192 -65 -285 -58 127 58 -124 -45 53 -38 -156 -68 51 -23 -150 -50 -82 32 54 6 282 75 15 24 96 89 60 159 155 137 28 44 16 12 69 126 45 -17 239 174 325 -255 -174 17 -78 123 -70 -73 75 -130 55 86 -53 111 9 20 -361 -164 -33 -106 -127 39 -39 -113 -139 46 -40 234 -236 -118 249 -15 212 -66 120 171 126 -191 -39 57 -212 -114 -24 16 130 -101 64 -133 -40 -115 41 17 -12 73 -75 -244 -4 149 -97 -18 -87 -78 -51 50 -77 -69 -164 20]
[826 49 -607 -676 764 -378 -347 288 694 218 98 -817 -660 -179 -875 533 -855 66 -545 679 178 -225 -545 818 -700 636 857 488 -191 187 -244 -387 545 35 -252 -4 -165 -96 -335 299 -188 -931 108 -645 241 146 60 27 -249 -63 -152 -97 60 200 99 -243 -45 89 -226 101 -22 -53 -280 96 -190 -159 151 -9 51 -93 -69 -168 -18 94 -104 -11 30 110 3 -6 125 44 207 -53 210 3 -54 -134 -16 27 -150 -194 -75 22 -60 -229 -38 -86 -140 -31 41 172 -206 -5 -118 44 37 33 -192 53 83 45 144 -105 -320 -99 72 47 -68 68 -90 -8 111 149 -12 -30 -87 99 91 -95 -39 51 -131 11 -173 56 111 21 -31 -127 -85 -3 -228 175 290 -76 -80 157 113 155 -22 -143 217 -65 -75 204 112 -54 31 148 43 10 -295 20]
[-799 854 -198 -22 680 621 -275 -194 -755 -99 -758 -387 -235 -537 214 820 419 -265 -101 739 -683 -98 310 -393 9 -198 148 58 -189 -22 115 32 -111 -378 -213 -56 153 40 337 397 79 492 81 203 -100 -182 273 -54 -36 91 127 115 285 -65 104 59 -330 318 372 85 -201 -142 23 -119 -20 179 -129 162 -208 196 109 -54 102 31 62 57 -135 -16 -99 -262 -109 -194 262 -140 -108 -74 -223 -73 215 46 170 -180 -41 -62 -152 61 -110 219 87 -72 -320 -91 136 -49 -56 -44 -280 111 292 -384 83 102 14 38 61 -53 269 -115 -126 180 68 -88 -12 -170 283 147 57 -365 -204 -137 -213 -165 -148 279 190 7 106 172 24 146 -47 206 -117 33 -252 323 23 45 -111 -338 262 247 -126 -167 158 -38 603 -31 125 -83 80 197 253 -15]
[554 789 -316 673 -540 102 414 -808 -808 -264 886 -79 19 -854 307 -403 275 571 -37 -672 515 -67 -817 -270 250 11 -199 751 117 -636 79 -112 -41 -28 -40 -26 130 426 470 526 -170 543 1 838 -81 345 -266 47 -1 218 4 -2 334 -161 48 147 235 -41 314 2 -93 -270 -13 27 51 -126 -149 104 86 74 255 33 194 202 188 -41 -145 47 74 47 59 189 94 58 -155 31 13 33 -44 45 59 -88 95 17 -146 38 101 -13 52 120 -104 -86 -17 -40 -11 146 24 238 -71 106 23 -91 39 -3 51 -149 -17 91 37 109 164 35 -31 -86 309 101 -213 75 -121 -108 -186 -39 175 145 -9 97 -54 -64 -59 -189 -76 192 -141 -213 114 -59 356 -29 177 25 -39 -9 -81 -10 77 21 85 -89 -48 -139 31 87 -17 -11]
[375 541 -393 -815 855 29 45 682 229 -248 91 345 -688 -156 -546 -209 372 667 518 116 775 371 -494 509 821 -407 285 263 -410 337 221 14 -162 15 -425 139 -142 -274 136 562 106 -461 -42 -234 -106 -151 -126 147 -130 97 -68 1 167 -55 -63 -181 -183 285 -157 -95 -97 -295 -133 39 -84 149 116 111 92 -22 133 -127 152 114 34 154 -83 -77 67 59 14 -65 -85 -258 24 38 -23 -250 118 -150 -9 15 151 -62 -76 -62 -73 -135 385 172 34 181 62 -205 -80 108 153 -64 -278 -6 2 -134 86 39 -159 -64 -22 9 -13 175 152 -20 -74 52 44 100 -52 -73 64 -24 -27 -3 153 142 11 50 -60 -221 -445 131 -145 -48 16 -140 -46 92 -23 8 119 24 69 102 -39 -89 -127 95 237 -233 69 19 50 117 -6 -3]
[-870 734 -517 -668 -332 -574 190 445 -790 512 -297 139 477 -654 340 730 55 -40 190 818 -736 -492 -205 -499 255 169 272 -653 401 810 212 -9 39 223 73 -310 266 26 42 -505 -384 735 292 -240 -29 362 -110 262 67 -291 -190 124 316 421 -148 60 154 284 133 -74 108 -217 36 260 -79 -179 182 -48 73 48 22 -59 182 -18 -185 242 15 49 20 25 -45 40 52 -92 -142 102 -341 -217 4 -199 30 -93 23 134 -80 -24 -114 -228 152 105 -108 22 1 -206 37 59 -37 213 -165 -141 69 90 261 148 -14 119 78 -125 -8 246 -38 -169 -66 -199 69 -51 -6 -49 -113 -67 150 -107 207 193 57 8 3 -104 -122 -65 -3 -159 -192 -207 -270 49 22 108 124 19 154 -69 117 -140 -182 16 127 -232 -73 35 120 117 165 -35]
[168 -510 348 74 96 35 -234 859 128 165 497 -533 -674 -96 -842 -58 782 124 748 420 -732 653 -453 -215 78 -659 828 321 -424 -725 -423 -408 238 -40 -84 227 137 65 -213 25 116 346 -417 -165 20 109 -159 -163 76 206 -117 96 85 134 -16 -175 161 -235 -170 18 -37 -154 -23 -170 117 47 -215 -260 -163 67 -80 170 89 -4 97 -190 240 121 10 193 68 143 -80 277 52 39 276 109 -88 139 -75 13 87 -153 48 23 245 91 -241 41 17 145 -46 71 59 -60 71 -66 -186 236 -108 112 185 -244 -258 -128 -50 263 96 76 49 135 142 241 3 -22 -233 148 -40 -168 -240 -89 -111 -14 116 -120 -371 -307 97 -157 147 63 135 -81 131 -81 244 35 205 177 -46 1 -268 -79 -332 47 -280 81 42 -68 37 135 6 36]
[601 -166 -750 -698 -453 -886 -4 -191 -853 243 -843 -727 180 179 315 872 505 -261 421 -428 141 251 23 -399 646 -824 340 4 -60 -62 -12 -146 -8 -303 -413 263 -265 120 26 16 112 -227 246 -251 -38 -35 -2 74 507 -129 74 -30 -335 223 109 388 237 -15 13 8 119 -144 7 71 323 -101 130 -20 193 -18 178 154 46 -2 -17 7 -164 -224 63 46 71 122 -204 13 -228 -159 120 25 -155 -56 35 -209 -66 10 276 124 73 22 -9 -52 29 -176 106 -17 -353 -105 -62 43 -242 122 48 17 40 145 46 8 -37 33 -44 -221 196 173 -142 -171 -219 94 -121 156 31 53 219 -33 69 -102 -24 -232 -300 -107 -119 -115 -223 186 125 171 54 -14 62 -208 -22 206 -178 46 31 -55 6 -162 -89 -60 -138 76 104 -59 135 8]
[-818 -845 239 -356 -294 476 -118 322 620 875 695 537 -475 -278 205 29 189 -98 -203 761 99 123 -776 -800 -843 287 842 179 12 120 165 631 -236 -91 242 -270 -23 -134 45 275 -6 182 111 531 -7 48 247 -419 -313 -176 55 93 367 -238 172 1 -101 -11 140 -170 1 187 19 11 -251 -94 148 41 -13 90 171 4 14 352 40 -204 39 43 243 -109 32 -158 161 -10 -44 101 79 -4 -72 72 -21 94 -32 129 20 -68 34 257 96 -200 135 128 220 84 -78 -117 14 249 327 -100 83 -82 -120 16 188 -86 62 1 -191 -109 30 67 -14 -269 179 229 151 125 -77 117 -21 32 -110 -160 -134 25 116 147 38 119 -342 8 -68 4 -45 206 -119 45 -408 -258 88 50 247 218 302 -122 89 31 -72 -45 68 -381 -191 40]
[-770 -434 177 -18 180 -297 -821 43 -878 -831 -98 875 379 -210 -413 -875 -767 -288 -432 863 334 -592 468 -828 -509 69 -443 -533 265 -65 121 517 -530 -3 256 120 -153 95 82 -487 -284 -446 284 879 -130 -135 -107 357 -111 -127 -51 -218 -224 -416 135 161 -46 162 -189 -68 119 -34 -260 114 179 -69 -30 14 151 -164 90 -114 -58 122 -70 34 27 -171 106 -114 139 -113 -83 -173 -254 -60 -92 28 -140 -105 51 85 54 -252 -100 98 -103 -140 203 146 -34 26 86 47 -185 26 -217 -28 -131 117 -113 0 -266 -101 52 82 -248 127 -260 93 143 122 -262 108 -181 38 -149 -222 -206 0 128 72 145 -55 -36 -58 -62 -226 25 49 16 87 -67 -121 -142 -60 101 -339 -132 168 -168 -37 102 248 143 -241 -44 -164 -90 138 57 9 -284 -6]
[445 652 488 -252 -738 866 164 -21 -763 -70 -96 432 -102 -806 491 -625 212 -588 857 94 -385 -698 555 688 791 86 -93 -398 -257 326 25 -22 -119 -42 691 -123 376 -67 -53 264 -163 -560 -175 673 79 202 129 -135 -279 -62 15 122 146 198 -85 1 40 -27 -77 90 -249 -21 283 100 60 191 -23 -74 -38 201 67 -70 22 -85 -94 -71 -60 67 136 82 -109 -126 -93 -129 4 2 110 57 35 -158 74 16 87 225 -202 -49 125 6 -27 77 0 36 -128 -146 91 39 113 -41 -70 37 50 -53 87 54 -131 139 -71 -10 14 78 20 -39 196 -106 24 143 62 45 77 45 -95 -57 131 72 98 -60 23 -6 35 19 -63 -39 -203 -12 -117 -26 4 104 176 -176 120 65 -12 92 -59 166 132 246 21 22 137 -99 -249 -21]
[-192 227 160 287 436 76 -719 -201 44 -650 167 325 -588 -830 -713 -801 384 -509 665 -507 637 191 -490 -395 567 640 707 58 -452 -424 -184 -268 -190 24 -754 191 -393 70 -198 -459 256 627 -264 -763 -126 -121 -112 -30 195 -254 -27 -7 -314 -158 -242 73 173 -92 -106 116 -283 -129 50 161 245 -34 125 166 129 -49 91 122 33 -171 -10 -133 46 1 -30 109 -119 130 -94 122 -5 62 62 13 -171 79 -8 185 -95 73 19 17 26 13 300 16 146 -130 31 -92 -46 88 103 22 -36 95 43 -104 193 59 91 120 86 66 185 -153 36 -1 177 -44 75 92 -121 430 68 167 -185 -16 69 -48 147 109 -50 -133 -239 -180 -23 -129 187 150 252 24 -75 -66 256 76 -147 198 -5 -50 -54 -42 -70 111 -80 -67 -22 50 88 -3]
[-824 293 -766 20 161 14 297 615 577 496 -525 -302 -737 -521 -841 -85 356 381 -884 15 761 -634 -740 223 -311 59 621 -400 -22 -66 -159 -62 -370 -98 359 -113 127 140 -313 635 151 248 143 -842 -63 -84 -152 -89 108 -144 -244 -33 -150 340 -150 -22 -108 -344 -199 72 1 137 74 -51 191 0 -100 -242 -130 148 -127 189 -106 -72 -225 -17 -74 0 -60 191 -32 27 -252 -15 126 224 -91 92 -77 -49 -114 236 -109 60 56 97 90 114 35 33 77 -145 80 100 -64 74 -36 -153 -66 182 -205 -39 -50 -217 34 55 11 213 28 -131 7 257 137 142 -196 -16 97 220 86 -151 -36 22 53 -15 -10 -164 -201 -141 -120 -150 241 -148 248 28 -49 -377 25 78 249 119 -128 119 -111 -74 -317 -56 -132 282 -28 12 134 31 310 34]
[676 433 -703 581 -132 -647 152 229 -823 -749 -710 210 126 605 -301 149 172 685 215 -753 -99 -210 -462 501 -854 840 -179 -239 -432 -70 -150 -305 -512 -122 770 -40 55 -161 255 202 14 174 -24 -561 -136 -395 -166 -206 -28 121 -47 -98 -166 -263 -15 79 -129 -356 208 -207 -11 257 -14 -103 -119 59 -13 -16 37 47 -193 -159 -244 -29 22 -292 47 75 -60 -15 26 -141 -236 146 99 -54 49 144 -1 -38 -44 161 -17 42 9 -85 148 216 -139 170 111 46 -1 85 66 -41 -4 -167 169 36 -210 -181 -112 -155 36 -51 -99 52 76 -111 -139 126 -14 61 -91 -6 -5 149 -298 39 -83 0 -139 -254 -76 100 -177 -52 84 331 216 -13 241 131 126 -27 -59 -96 -100 -195 -50 91 -106 218 235 -110 -267 131 79 -161 -233 -60 -285 -21]
[67 -551 808 -470 202 -560 426 334 -301 -85 -180 661 -52 708 -825 524 278 89 -55 843 -855 569 446 -773 230 -224 237 -793 -17 -1093 49 554 244 7 -591 355 -1 -173 -47 766 -5 -636 176 541 -70 112 221 85 4 49 -347 -69 62 -161 -171 -11 -114 -100 -189 -147 -13 -83 -231 -243 -83 89 28 -30 -38 -63 -197 -146 -1 8 169 -77 289 -240 2 -128 201 -79 -54 47 72 -94 -111 80 -230 47 170 104 152 32 243 175 153 -188 -126 -14 -145 134 149 -40 212 -178 146 -27 -93 30 128 -117 -474 47 49 -193 -98 121 -16 -12 96 -58 -89 225 -270 -29 214 -86 -49 27 17 186 26 -238 -102 -78 -225 -168 -214 228 129 -232 90 20 -84 -20 -180 -294 98 -32 -29 -60 -148 232 -26 -169 -17 -85 38 -100 -25 -90 -74 24]
[-424 -862 -856 -795 -780 -631 398 30 797 -641 -250 424 -762 204 -438 239 -836 -187 -780 -9 47 710 -334 786 303 785 -44 392 219 216 157 -123 79 498 639 -172 -147 -253 -323 717 133 -125 -248 195 -141 -128 -60 -194 -78 109 75 234 414 99 32 -227 -38 244 -87 -342 -49 -186 -172 -34 -203 32 76 30 -66 -132 152 -149 250 59 153 -12 118 95 91 72 -147 126 51 -103 5 148 -123 -227 51 102 -179 -6 -31 50 -96 64 -33 -70 299 118 -3 139 11 -191 54 190 -26 -96 63 24 -12 -118 74 24 18 -113 -61 24 171 260 -154 -178 -29 -4 -3 42 -112 -38 219 -174 -209 -169 289 91 70 25 120 -50 -111 175 8 12 44 -68 -27 227 -37 151 53 -59 59 -4 -9 -256 -111 92 50 -29 118 -16 102 127 -42 58]
[578 -46 337 337 -869 845 350 -300 189 -448 -38 755 -350 -368 739 -390 -793 184 -117 106 -541 431 50 872 -14 -885 -541 227 6 -710 -75 619 291 121 -258 148 -117 -175 -94 -518 -164 -696 -357 501 -55 -189 -330 13 79 49 200 144 161 50 -1 106 -125 113 313 -130 19 -121 -6 15 123 226 -242 71 42 -61 41 -62 68 126 236 -141 192 217 91 66 -178 -79 159 -8 56 270 286 -42 106 40 -97 -101 61 -76 -248 200 184 -138 122 237 72 88 -19 23 69 252 -73 -146 86 85 -102 -217 59 -40 22 18 -40 14 53 118 -72 -180 71 167 124 109 -132 -196 232 -79 -260 -257 48 172 289 114 51 -33 43 202 101 175 128 -255 -273 105 256 -39 1 40 183 52 -307 -204 127 220 46 217 -54 -18 41 52 -194 26]
[-30 -836 -672 671 242 272 301 -299 764 -398 -342 799 -686 599 -260 -10 -121 566 49 -539 -652 695 453 762 165 583 -541 -657 -475 -156 178 298 -144 -155 655 197 -163 -38 227 -169 202 152 -22 -283 -193 -169 -112 72 94 -26 46 30 85 -132 55 185 -168 399 17 95 80 -105 -222 234 14 138 -103 264 212 28 21 -97 -10 99 19 93 -143 36 10 -154 -116 -60 21 -248 -82 143 -72 23 170 -126 112 -26 151 -173 52 -4 118 -154 75 158 -2 16 -57 -39 -302 35 -166 -4 0 64 -109 -72 -125 -107 -41 48 -59 62 -66 -16 117 58 -128 -53 111 20 -61 -130 -66 -95 26 110 45 -5 123 140 -57 -148 -282 257 -26 -69 63 -35 -83 80 132 -40 -121 -70 183 83 -97 9 207 -2 174 -231 28 18 13 9 -190 -16]
[-73 -321 -375 2 402 -89 205 -524 -308 -121 -99 -528 434 745 -708 853 632 408 529 262 -122 -578 -462 619 628 -242 627 134 -349 492 319 -273 -285 211 385 -93 236 422 120 -163 -220 416 -308 500 -119 147 -69 -290 -363 108 209 90 456 65 224 2 251 135 251 -108 -7 -61 152 -166 -127 -57 -72 -68 142 47 117 -28 181 -26 219 -195 128 22 96 59 76 59 0 -21 -147 73 38 -6 -80 120 -90 -229 2 -38 -111 166 163 -88 -276 129 75 92 3 61 -118 6 -161 55 -2 11 -45 12 106 -134 -65 62 -243 171 134 252 -13 -10 -38 40 135 -258 -255 -89 -90 -106 -23 -162 -2 73 -20 -222 -45 90 185 89 69 91 -117 -179 -130 98 298 -349 -196 49 130 -91 -108 -123 37 1 18 97 -146 33 255 251 -24 -31]
[-800 -49 -204 -835 451 -404 -176 252 -537 -23 879 518 -640 -132 -698 449 -852 -526 592 -191 148 763 674 -410 128 231 304 234 365 199 -19 -569 56 -6 546 -102 52 -351 230 -107 140 64 181 -575 137 11 107 -111 106 50 -65 -75 -12 36 -215 -2 34 -77 13 293 -41 282 -40 1 -199 77 50 59 -79 132 -159 -1 -153 -173 -25 117 -139 60 -199 -55 -71 5 10 -184 75 -342 -263 2 214 29 -20 11 35 157 89 -229 -77 140 -142 -162 -81 -124 -82 113 -26 -210 -196 -9 91 -217 160 73 -197 281 -52 -98 296 -295 -127 -69 -50 -162 121 23 13 59 177 -117 -8 127 168 181 -299 -120 -59 110 84 260 53 -82 54 -81 -106 518 38 -156 -286 277 265 -274 84 94 53 33 145 91 313 0 214 -109 48 -56 60 -25]
[-307 -728 -513 -820 885 -815 218 264 804 -164 -380 442 788 659 -451 -514 5 467 -257 -182 -4 -809 -168 -775 -322 419 -90 388 213 -402 96 -202 -231 447 -570 -54 -165 99 -442 -351 1 138 -182 159 -171 -157 -261 -18 -159 -93 -40 -37 168 38 -142 78 65 -134 -229 -192 -61 -7 -176 -167 16 182 -153 -150 -13 -25 -148 -160 -18 -166 145 -25 43 -109 111 120 -132 94 -188 -31 130 -18 -183 23 -205 -55 -181 404 79 -121 -168 31 22 -259 83 208 6 4 -4 80 149 149 -38 -223 -47 21 -122 -70 -351 -27 -99 -56 -295 196 29 65 -131 61 159 169 49 0 22 36 67 -18 19 38 119 27 -99 -93 -31 -145 -136 116 153 -287 68 -77 -178 -404 178 53 343 -10 64 -141 -106 15 -293 102 30 252 58 -62 -77 46 -13 55]
[-340 775 294 568 -391 -351 499 -264 489 72 719 -465 -318 -530 -317 854 -597 -590 -784 -818 599 158 496 291 -562 -93 620 -582 -639 70 183 -216 -521 -308 -310 49 16 316 366 804 -436 750 451 293 25 143 -197 374 43 -108 -83 -160 167 83 -46 270 194 42 487 124 190 -24 -106 225 -49 -162 88 19 226 74 -83 128 -2 82 -70 189 -73 3 105 -36 117 38 117 -217 -213 -3 -227 16 -169 -205 63 -45 142 16 -42 -53 71 -204 58 60 -24 24 140 119 -83 -9 -92 239 95 -65 -58 -10 -117 19 44 -60 -31 -97 84 -12 112 76 -200 -183 -64 -186 10 37 -252 -63 281 76 67 30 51 -51 -92 170 -162 -32 16 40 -76 -94 20 -128 101 -50 -49 77 54 86 120 10 106 -114 191 -159 -128 -86 -2 104 108 -23]
[-847 -459 -532 -484 -416 669 -127 509 -556 -316 -390 -686 560 -829 185 -476 650 -746 462 777 307 -587 499 885 -669 -359 -316 -171 97 -415 10 -223 2 -262 -718 -65 -40 -43 -149 -736 189 -42 -35 725 176 -326 -165 233 113 -89 172 -149 -267 474 -7 111 125 152 -47 63 -14 132 119 -2 4 -108 130 11 -83 114 -247 123 4 -57 -80 360 -103 102 -126 -109 -82 186 275 -9 -66 33 -255 -42 200 -104 -60 74 -80 -12 131 -126 4 -157 -34 -136 -77 92 -13 -80 -130 -175 -138 -223 19 -169 -57 214 24 -26 -174 51 241 -259 26 -89 -59 8 -201 -102 -88 -239 65 -169 28 -24 289 38 -74 -15 44 -9 123 235 -212 -81 149 9 -98 -72 -81 5 43 313 52 -39 65 136 -8 -298 -139 -2 266 -170 75 -37 -52 160 206 36]
[459 810 -740 -335 624 723 -259 -866 61 650 52 -831 -317 -409 618 -550 -417 -877 -79 333 -777 -271 603 -449 593 289 -576 305 -280 -920 167 -44 126 -95 -550 26 -514 -235 39 -614 -189 -27 -1 -114 163 20 -32 236 -387 -245 57 -232 0 -51 -2 -10 239 193 20 -352 -34 -210 -263 1 -170 -60 88 124 272 -171 120 -22 151 -129 221 -223 203 -229 -23 42 139 -17 35 81 -86 -18 -24 -74 -233 -85 57 150 67 -119 145 20 111 -266 253 98 -14 156 -87 -25 -59 122 53 201 -132 80 82 30 -67 108 -12 -73 -231 -1 -82 147 -184 -149 -255 65 -178 -84 -147 240 -85 251 147 44 208 -153 -113 8 -15 67 -76 103 28 85 -20 -166 -42 42 -158 -31 -232 -73 -69 -199 120 34 111 -121 -141 -243 -154 101 -271 -23 -278 -21]
[636 -663 860 -780 -350 84 4 694 717 279 798 566 517 -32 754 -844 624 516 -786 -670 -733 -480 -640 -404 652 -683 524 120 -100 -411 224 570 -305 -191 -181 -156 214 -266 175 -635 -166 -916 247 866 157 116 285 172 -280 2 -135 67 -1 189 -191 -125 6 224 -115 115 47 -152 -223 -72 -124 -56 163 114 -24 18 -37 -15 39 80 -62 -6 -52 122 -177 88 79 -190 131 -16 137 179 133 -166 246 4 99 -198 7 -9 24 -36 -44 -179 -23 -96 3 135 -9 -62 -50 54 -37 35 -105 35 -62 41 -86 4 -44 211 133 -46 -90 101 -2 30 -107 129 -52 -5 -14 -23 113 -41 -182 45 62 -62 -95 71 111 -38 -89 -33 91 -57 -88 -48 43 149 -79 -109 66 291 15 65 -2 140 112 -53 61 -190 21 -1 50 24 -226 4]
[869 -245 419 -119 606 118 -861 676 269 -65 521 -248 -709 718 791 539 171 330 116 633 394 222 -33 -628 -247 -150 306 -574 321 192 171 -433 393 142 495 54 284 298 -246 -491 44 -772 169 -580 -159 -299 227 -173 -54 -262 -216 -173 68 -172 1 22 -51 -77 -229 128 61 -102 -165 91 119 83 -52 -76 -40 -93 177 91 43 5 -108 15 -112 -78 -110 12 277 -9 -93 -114 -122 -10 -276 47 -46 98 181 -14 51 89 -140 145 -245 -101 48 -77 -71 -180 54 72 62 -43 -146 262 -14 84 -49 -92 61 45 -10 -31 -19 185 -78 93 134 55 42 56 -188 24 -38 27 -37 26 14 -69 91 -9 -235 -247 19 -7 -54 -157 23 -23 -109 129 -97 -55 81 -74 88 43 -57 -93 57 -108 -21 -109 98 78 -7 202 189 142 262 11]
[402 675 -122 -228 238 823 -316 -345 390 99 -352 748 297 -470 377 485 291 -696 -310 -88 -223 -431 257 505 -206 90 875 -77 144 126 -118 453 819 147 479 17 -363 -52 -197 483 42 58 269 -265 -60 334 -113 -76 -14 -194 54 108 158 467 -107 -52 152 -14 -292 -67 -1 -159 -16 104 6 -261 124 -132 220 64 51 61 -76 170 -39 18 9 -143 233 103 -67 118 -71 76 -79 -105 185 -24 -161 -259 -106 -55 -41 50 180 -180 26 -53 -53 -93 135 124 -8 -7 -269 227 161 72 -193 343 -46 -37 -7 -161 -43 -66 -335 209 -90 -197 70 113 109 30 35 44 -180 102 86 -15 30 52 91 29 -212 7 43 -244 25 -98 -284 -124 -92 -179 126 -236 98 -149 32 287 0 -152 216 74 -70 91 -340 -11 -37 194 -10 -216 -209 -1]
[-858 65 -374 734 814 -620 447 885 71 418 191 884 505 669 -743 -420 -228 -233 154 -238 -29 -786 763 748 -667 505 879 587 295 -7 -408 -244 509 4 -569 204 81 308 -268 -648 287 -794 -69 -57 -103 39 -28 -262 324 173 221 107 -97 254 314 287 -156 139 15 -197 152 -6 -69 33 76 215 -182 -123 -148 -42 -1 -105 -96 160 69 -69 48 -107 111 80 -79 -130 -214 39 -11 -140 286 -25 16 -163 -117 -51 -21 -119 -24 -15 127 60 43 314 -13 19 128 -6 -145 -103 -45 -94 71 129 -182 -36 -112 10 -64 -148 21 138 -191 -41 -56 182 4 -23 -274 244 -50 -78 125 -78 4 -156 -35 -33 5 -243 -142 -111 118 139 0 253 9 -25 -150 -179 38 83 -23 84 -166 -145 -95 -1 -49 24 -156 189 50 109 -215 -366 -211 8]
[-100 -630 551 620 -84 -366 -694 -559 -683 666 -349 331 583 -535 -689 829 70 -658 -524 436 147 -584 630 -543 -745 322 459 -779 -559 -200 36 -612 171 -295 361 -265 376 -86 93 736 -70 400 -12 854 331 37 40 -35 -28 166 -131 304 -30 -162 -230 -117 56 -126 244 64 7 -65 -16 -198 -205 -60 323 113 -198 64 55 117 79 60 12 -114 -53 90 -105 50 60 -161 80 44 235 402 169 -72 12 32 -8 -32 -94 189 -162 -73 -49 93 144 -160 186 54 91 81 152 167 302 -117 134 15 -114 -21 87 -62 176 110 255 -142 196 229 204 -81 59 97 117 11 56 215 5 108 -261 73 -82 86 29 92 68 179 -157 60 102 -61 150 -150 -66 291 -236 -159 -19 83 173 260 -87 175 116 -20 -46 115 -113 -137 72 31 146 -9]
[-819 -181 856 825 -158 142 -131 -70 390 -423 655 -779 -706 737 449 713 -666 -863 -602 616 -467 -140 574 620 194 -744 -743 144 -26 685 -123 -793 -118 106 598 93 18 298 -56 460 -11 -182 148 770 -134 -136 164 -380 -353 155 170 56 11 -150 -68 35 144 156 -72 47 -73 18 -94 147 -61 -16 111 22 -22 38 -156 -183 -94 55 -176 -140 -26 150 53 11 63 -81 -58 -222 195 -34 145 66 -81 76 -26 55 -93 212 -222 -338 -291 36 14 231 108 7 -75 83 -21 23 128 -112 31 207 -81 -158 -48 -33 -86 259 119 -17 70 186 17 121 64 35 -103 101 -220 216 -107 -56 -313 -251 -23 -46 -147 -41 269 -27 79 100 168 -104 16 88 137 90 21 88 263 145 -88 15 6 205 72 4 97 147 -42 -9 18 -98 -250 17]
[516 -562 613 -672 -442 -154 158 757 -158 -539 -50 34 750 -101 698 -164 564 -629 163 866 631 -793 -132 -147 -268 -201 -749 880 7 282 213 -320 105 -27 -113 103 -227 -105 -206 -641 147 -217 21 -363 -71 -244 51 -152 -137 -223 -5 41 41 357 -57 146 172 52 154 -85 -45 -145 275 262 74 -33 82 76 134 101 233 74 64 61 10 29 -97 -95 143 183 -136 -26 -42 55 -97 -179 -41 -129 24 -90 -57 -143 -144 217 171 -16 100 186 100 -133 82 -5 -151 -184 -394 -225 128 272 -139 -196 103 -120 189 78 45 -15 29 112 -84 -112 125 81 94 -311 86 403 75 81 12 134 184 -117 -188 33 10 155 328 -128 -248 -39 -277 -102 -91 133 -133 90 117 188 72 -89 -39 10 332 -114 32 80 -37 140 -69 129 -110 -33 146 6]
[535 -77 -626 -600 161 585 -219 -596 649 561 548 -417 -88 240 866 413 -535 -187 -276 251 -332 237 -356 -368 -144 -259 808 -198 11 623 183 509 -316 -42 10 -500 226 136 306 -336 -257 -738 164 721 -15 70 -167 385 183 240 -107 -73 247 -217 35 233 160 -56 560 -220 73 -62 -189 -206 156 -224 -4 0 -121 84 211 247 273 38 282 55 49 -218 -33 -97 58 112 51 -38 -300 -196 -496 -66 -35 -131 -11 -41 -61 -268 -10 84 168 93 129 104 -289 -95 232 31 8 7 -161 111 -16 -110 54 244 -37 41 72 -323 90 67 -138 197 99 154 -85 -296 100 -105 2 -203 -392 -96 133 106 115 133 40 18 -256 24 -181 -128 -48 148 -15 -62 -243 -47 105 -70 -222 -140 56 240 -217 -90 -133 -153 4 -166 104 -152 -71 102 285 52]
[313 -121 -685 -350 -545 879 506 142 -860 -638 -245 633 828 395 -882 886 -737 -627 316 -452 802 -146 -341 878 296 -701 594 271 200 610 -98 105 462 -249 419 166 189 78 260 88 22 -288 250 -78 42 115 179 -148 9 -60 218 -206 28 422 -44 112 -5 59 211 200 61 313 78 239 -106 -128 -14 -50 69 65 -42 205 -313 79 24 101 -30 128 62 -90 31 134 318 91 -293 -138 -52 101 149 129 -1 -11 -82 217 33 -252 57 -7 -268 -115 -116 -19 -85 166 -9 -256 -187 262 408 -65 -52 19 -126 -81 87 -22 128 -155 26 -230 -27 34 -21 -121 173 -58 85 -9 -85 -61 252 -11 -232 -95 -99 172 169 354 273 -213 -50 132 -309 -71 -33 -173 155 347 -14 55 -71 -244 234 87 176 24 153 1 -60 31 -284 -195 -149 1]
[505 -596 99 863 829 -523 240 420 368 -228 317 -428 -362 -791 -768 -878 61 780 -729 -415 877 416 170 69 560 654 -453 70 -463 268 347 -264 -312 -192 -936 125 93 53 -173 31 49 -456 419 -278 30 -56 201 119 113 -48 -193 33 42 238 -83 196 -71 147 16 -20 118 43 -65 -24 -54 -75 119 -51 -149 78 -11 -125 11 -60 79 18 -35 -47 -72 -36 -39 -215 62 -9 62 -47 -372 -68 47 2 -19 -194 -155 -56 205 76 9 -17 -223 -96 -126 -91 -13 108 -149 -197 -289 91 7 28 -53 106 -393 10 82 -70 145 12 -177 91 24 136 -184 -80 -145 144 204 -170 40 42 94 34 -85 -44 -108 -10 121 23 -102 11 16 -122 -188 95 -186 64 -112 25 -146 -108 -75 -64 66 73 129 -92 147 74 -72 27 61 -41 269 14]
[-217 857 592 549 -110 309 -53 -538 489 591 313 -785 482 -488 -234 42 273 -319 798 23 -342 472 -478 161 -135 217 105 84 317 486 153 -107 -227 -77 -393 -181 -80 422 -57 178 -234 -842 -119 -579 146 534 -87 213 -216 9 -64 343 419 -185 -3 6 282 106 77 -192 -56 -262 -47 -257 -44 -269 135 -33 -31 35 61 -7 252 209 21 -120 228 20 212 -61 -236 15 163 -46 35 72 50 -9 -223 -151 -30 -48 51 -28 -164 55 15 -159 -187 -7 52 52 167 65 -27 300 69 -19 -99 34 -179 -20 12 -68 -66 18 -45 91 86 369 45 20 78 -38 188 -141 -211 40 66 -43 -158 38 67 237 2 -150 3 -194 -117 43 -46 -100 -118 -208 17 137 118 -311 33 140 230 81 -70 44 -67 -8 72 122 -73 -87 219 33 24 -4]
[-708 548 -697 -576 585 230 -533 139 429 -144 -154 -586 -421 152 741 749 -142 11 874 875 -250 -14 80 516 -257 -211 783 202 -224 35 89 -16 82 235 -598 432 -302 353 -278 702 337 870 -247 -344 -107 -34 -93 -14 -26 38 19 -57 -125 -406 127 -136 362 -159 -291 -210 23 -199 115 -151 74 -63 251 69 186 -313 293 -16 137 -161 144 -49 75 -189 157 44 160 213 -122 191 -169 63 153 -32 -363 220 21 42 77 -37 -20 262 -93 -128 144 -38 181 69 97 -95 121 165 130 45 -93 176 2 9 33 -41 82 -97 -215 87 145 62 59 26 -72 116 -3 -78 -109 141 61 248 -40 5 152 -29 -120 -353 -113 40 44 24 -162 94 28 -296 203 121 61 -429 -130 156 -144 -107 133 -26 -144 -68 -212 48 -246 58 10 196 264 -49]
[678 -404 48 -202 734 423 -838 -816 -230 810 680 -718 -773 -161 -480 856 -765 5 493 -652 749 -257 28 -652 -855 286 -523 312 240 334 82 -219 -27 -44 25 -124 136 -160 47 -513 -6 20 308 -170 84 -225 -43 124 -127 37 -98 8 -412 -569 -59 100 -254 -204 -45 108 92 193 41 -20 38 -195 222 25 -180 -178 -180 -237 -167 -64 2 -40 -15 125 -98 -194 59 -68 -10 65 176 94 149 30 109 356 -1 -131 -51 40 -68 -112 -72 136 -238 -223 169 -76 -22 99 234 -43 24 -239 167 26 -21 -84 -169 5 196 110 236 -188 24 23 92 137 93 69 79 -63 172 -99 -30 -23 -182 6 -52 7 -33 192 66 8 156 -55 34 -245 -36 15 140 92 -16 -261 -172 194 -11 160 26 329 130 -29 1 111 -137 -134 13 22 -63 -67]
[-589 -386 -545 138 -26 -698 -389 -463 -129 -176 -200 432 -529 -791 136 -885 626 -292 856 178 205 165 -158 -140 -439 -493 347 364 394 453 17 503 318 551 -594 -292 109 9 -264 607 33 -322 107 162 -43 17 279 -291 -41 -5 -39 114 346 133 -101 -226 129 87 -337 43 -117 110 4 -10 15 -142 112 -63 -234 99 135 18 172 49 14 134 -120 -33 1 97 165 146 10 -40 -236 25 -125 -85 81 163 -93 -115 -146 -25 -213 -229 -285 201 22 -44 -1 -63 18 29 -44 -155 -81 88 -82 -15 129 -23 223 -78 -119 -42 49 139 -48 81 178 -46 53 -65 228 -55 -94 2 -79 -103 -77 -92 126 149 -193 -1 150 -43 -32 -298 -143 -74 -285 3 86 -24 132 95 188 -57 -186 26 81 -114 -203 51 200 -175 21 50 258 251 156 -25]
[427 59 -543 393 505 -43 278 -565 120 -796 716 598 -78 -325 866 -239 24 -854 407 -92 -539 -155 -865 500 183 257 845 76 -156 525 198 75 177 -271 372 84 27 28 402 -485 -156 -84 360 272 -103 -265 124 -7 178 -169 221 46 -174 308 -280 248 -32 104 203 183 61 -9 126 369 100 126 -71 -26 33 85 -101 47 -274 -117 75 5 -242 190 -4 -59 -215 -111 -1 60 -53 15 105 68 185 29 29 -101 -23 103 -73 -297 -89 -26 -61 19 -105 -67 -291 86 10 -36 -152 -65 201 -113 81 -135 -56 166 123 220 139 -50 129 -163 91 -48 7 -88 203 187 8 -106 -67 23 74 -81 -238 -25 202 400 248 129 162 2 -67 -163 -29 69 -131 45 65 175 98 -33 52 -158 -45 55 347 13 78 80 -72 39 -33 -145 -172 18]
[504 660 -775 881 181 10 -500 -110 -601 -730 360 520 -596 -443 1 -608 -392 -739 -239 -266 -789 388 -466 -414 370 -642 774 -545 11 83 115 -770 292 -199 141 -321 394 -35 162 513 162 593 22 -768 229 -1 154 -6 -151 217 104 130 -11 -314 -8 21 -127 51 257 226 -97 263 73 -223 -142 1 340 134 -326 75 -94 -107 23 -135 -98 49 -66 40 -160 -182 -86 -149 34 -185 2 83 -25 -135 10 -106 -54 -149 -162 79 -66 -124 -78 166 74 -75 63 -117 167 80 159 20 -110 -251 369 -216 -53 181 -47 59 194 89 251 -248 123 1 -54 -83 -64 -106 39 -158 227 -191 67 -11 -99 104 -113 59 61 -198 100 388 76 10 69 15 30 187 135 26 -355 -205 -133 -28 126 329 -31 148 8 -86 188 113 156 -142 58 65 197 30]
[-413 -867 -192 -688 84 526 257 132 -859 569 -833 464 793 512 -256 626 -395 -196 312 -316 461 -501 -410 -722 -863 -274 -503 -193 263 696 280 271 -24 -142 -441 -45 219 -275 228 597 -295 -141 190 666 -112 136 276 -335 -101 -198 50 -111 109 612 -206 -15 220 -133 236 3 -222 -5 52 38 75 -88 -61 -128 113 146 12 164 -159 -78 -109 -139 -41 -107 47 127 -70 15 -27 12 -39 -235 -59 68 -47 -144 -5 203 -35 270 82 -39 22 90 -123 29 21 -95 -152 1 -221 69 -88 -74 -78 68 78 -24 75 -28 -228 253 -211 166 207 -11 -33 60 204 1 -58 -10 -176 -37 -45 3 -42 -57 -181 -88 36 23 134 -56 157 -136 -21 -37 -20 282 -42 -15 103 206 199 -66 -22 -42 56 -53 3 -62 62 223 61 132 77 -71 -104 63]
[-525 639 -655 429 -697 484 637 180 134 -410 843 156 -218 370 540 -586 129 667 9 338 -769 106 795 -48 -456 -95 284 -244 296 -348 359 -419 61 -9 -324 81 -365 238 -228 554 127 478 -14 381 -1 -84 323 176 12 -453 -33 -168 -119 559 23 259 -112 76 -205 -57 97 -30 71 143 149 -106 -164 -75 85 69 -64 89 -196 -150 -39 -73 13 -113 -120 -38 -67 84 -99 47 -149 -118 0 90 82 -43 65 -55 -100 67 367 157 179 -57 -198 -143 -143 -127 -58 -140 -109 -136 -76 165 -57 -76 -15 20 -156 115 48 107 -72 163 -3 -154 -66 116 -140 -46 -326 -104 49 105 213 -100 292 28 134 -200 60 -103 -104 -154 40 -44 135 -39 -84 56 18 -79 -33 112 -16 47 -184 -168 214 -219 -1 -250 -23 -42 -4 161 27 -13 130 -35]
[224 -374 143 735 -871 -715 552 748 -508 298 861 727 -625 -307 -72 -670 465 145 -777 -593 -214 853 -865 -272 346 410 360 -544 -272 1016 -96 43 -197 -249 -25 16 156 -152 197 -810 228 614 -320 -281 85 -117 132 8 -119 35 11 12 -13 -155 -60 -288 -215 150 -195 122 -239 -30 -80 -160 65 358 -197 12 -165 -10 210 169 124 -131 119 0 106 -24 -245 28 -118 -28 54 -21 -191 218 -104 137 142 -83 60 57 139 -184 -120 338 58 -162 342 64 -169 16 43 26 232 143 -136 -82 84 -7 -20 120 -30 59 89 26 -5 140 2 116 -64 -278 65 305 -105 -87 36 -214 180 146 -130 124 124 42 219 -85 8 120 59 -119 81 159 144 -21 -147 37 -216 13 34 -164 13 -22 -298 -164 -80 116 30 95 9 30 79 71 38 5]
[-210 384 551 -663 122 -639 249 -10 -633 -545 -481 -670 -66 -447 92 -389 373 167 -827 -852 -574 424 -259 -787 19 887 -277 455 -254 -95 -221 -241 -520 -148 -111 -124 394 18 256 -38 -152 -603 -342 -870 75 197 -395 208 -127 81 158 40 -145 66 -35 -147 -28 -224 -83 -46 -61 62 280 -243 90 224 -284 -150 142 111 -79 81 -50 -174 38 -35 103 123 39 150 -125 51 -124 116 -2 21 122 182 83 -157 63 294 164 -13 -68 233 287 -238 -15 136 -33 77 81 -41 439 194 65 -200 -75 27 -135 -22 16 -64 -44 29 -219 -137 91 -112 -255 -75 53 164 -9 -159 58 -48 81 93 38 100 292 -15 113 -59 -238 13 56 60 187 37 89 -313 -202 -157 19 -40 17 46 140 -32 -323 -80 -112 118 -226 9 -71 -102 -143 -55 -238 -22]
[710 369 -627 199 -287 39 -330 -11 200 429 -7 -25 -522 -818 34 615 846 -822 856 -607 105 -118 232 -382 781 503 246 531 -84 471 226 -509 -315 -267 -158 -4 -333 -408 3 172 144 -684 148 -779 -84 -275 -167 -78 -280 -66 176 81 -299 -280 6 2 166 154 -162 253 -82 -91 255 -14 4 -116 312 200 232 65 228 -15 130 62 -229 140 -152 114 12 28 63 -110 -23 -91 8 197 41 30 61 84 69 -88 -54 72 122 -43 -178 170 343 -252 147 57 79 -119 -301 1 51 -3 -154 -32 120 98 67 -5 248 268 3 -150 17 -42 207 31 -72 -165 80 164 64 30 -117 289 -132 -39 27 -30 -5 51 199 21 -143 -14 -85 -19 137 -10 66 337 -56 -247 -194 30 83 330 178 95 117 -47 14 -175 -172 52 249 138 192 2]
[-730 813 -562 640 -808 746 -510 92 -500 -575 -12 -535 -34 430 183 231 172 -410 -223 378 289 134 -354 -307 219 -215 -560 245 -202 -493 321 95 -14 -114 -915 162 60 -65 28 192 371 588 178 -616 -61 -284 176 -151 -158 -157 174 -227 -13 8 131 84 -31 397 -73 292 -121 -28 -106 293 -73 34 3 219 50 57 120 21 -52 -6 59 46 -185 -105 -241 -99 -66 -19 38 -161 -157 -174 -273 -8 190 55 -30 -321 -92 -58 106 -68 -149 51 18 -232 -35 28 -126 -23 -435 -235 -276 172 4 -63 109 41 -36 38 -66 163 163 179 -245 34 207 96 -55 -70 15 50 -111 -160 -73 -24 85 92 -368 -29 13 103 325 41 -144 -170 -99 7 -246 300 88 71 -33 18 -61 23 -31 -22 210 -73 211 -64 205 -53 98 106 58 83 20 -4]
[-667 -800 -786 865 410 98 830 -593 323 390 570 -748 676 -759 -261 249 355 -741 704 604 878 819 -101 39 615 571 568 -231 201 414 35 127 -15 158 156 150 -145 -127 -21 189 14 -191 198 434 37 -287 224 44 -38 -5 -177 -190 -218 -43 -39 -212 -122 59 -513 63 -24 -19 -116 73 -55 78 186 106 -51 -152 -20 -243 -82 -143 20 -38 -41 -52 -199 51 193 -177 -80 73 115 78 214 -176 103 188 69 16 5 8 -15 -162 -111 -63 111 93 50 67 -85 -37 84 -23 91 -51 -83 135 138 -111 -125 129 -47 76 1 65 -157 -145 -59 -124 -116 276 -171 25 68 -48 120 82 -24 80 60 -195 -194 83 121 2 40 -44 -27 -84 -32 42 202 -82 -248 -37 120 94 -225 -208 36 177 73 90 -101 -121 67 92 -37 -41 -196 -21]
[-872 346 -103 419 -596 133 -408 -491 204 -695 256 823 -613 -237 -841 -711 -705 -661 607 9 694 -107 634 -791 727 -811 -46 -531 -642 57 -289 364 -412 -66 -301 -169 -19 35 -88 -182 -113 56 -294 496 -160 15 65 -38 -210 -177 79 92 15 -98 105 -81 40 24 99 -225 -202 207 118 37 93 -117 -11 -159 43 -43 -121 120 65 210 -243 -206 261 188 161 -179 -39 46 61 -95 -92 299 -29 96 -6 -76 36 116 1 18 -196 89 78 -84 36 53 42 90 218 -118 -34 79 -56 32 61 114 -157 9 155 -297 -124 70 -63 76 -16 144 -80 270 -19 -87 76 -287 -236 122 -347 -258 -86 -214 120 7 127 -38 -219 -48 63 124 39 38 -49 -213 -55 169 162 -159 -174 30 125 8 -175 33 173 -28 -59 -74 -19 -50 -76 -5 -319 9]
[-390 581 143 612 -74 590 -69 643 287 -396 -820 513 -875 -743 879 97 -527 -73 -337 -412 111 172 372 536 875 2 -746 -1056 68 -301 40 -370 190 300 -609 -171 23 192 308 -520 -69 202 -238 580 -131 -73 -250 76 -6 134 -32 117 206 -186 -201 -257 223 34 -132 -155 -82 -174 202 -281 -91 154 -105 137 -66 23 -118 -25 111 -85 -33 142 -7 70 19 101 -195 156 -52 -122 38 -57 -83 55 -20 121 -14 175 103 -64 -138 159 -242 10 129 -31 -153 2 -38 34 154 106 -52 -211 -5 -162 118 -93 -28 85 123 154 87 -69 93 166 15 -284 56 -10 201 45 -87 17 -19 -36 -74 -125 63 51 65 53 177 -74 -48 141 166 -148 129 -127 -170 -12 60 56 177 -151 37 153 -379 -102 -202 10 31 -86 -56 -303 183 338 252 -9]
[216 713 -582 244 -432 -843 340 318 265 -91 -250 -762 715 412 628 -785 488 -96 544 -725 -369 223 728 -99 -707 620 -727 -65 -122 615 171 -527 -61 -3 -201 -250 -174 165 -62 -110 -8 -574 168 154 -48 -32 -388 49 -108 -107 -133 -39 92 66 -27 195 39 -72 230 -173 110 -362 -203 43 -251 -14 -70 146 12 107 32 -74 102 231 127 49 -208 -52 -50 199 25 -45 -249 -38 135 275 48 -51 -72 -203 -102 41 78 -14 37 45 18 8 592 -50 -32 190 12 -38 -86 154 180 183 -109 -35 -85 -181 -63 21 219 -117 24 150 -178 136 107 48 6 26 -6 171 38 324 -113 115 126 -16 85 23 -13 85 128 -28 -402 161 78 -98 66 -132 -67 -213 -19 215 -30 -143 -12 47 26 -99 126 -38 -117 -90 -18 -124 -95 83 152 -35]
[-652 -239 -14 15 555 -57 -276 -821 193 622 -774 788 768 -603 -78 639 -124 118 -476 -113 701 -27 -14 -72 457 -351 547 198 70 223 -69 329 -208 78 314 -128 -113 -47 234 116 -19 672 123 648 80 141 -205 -260 176 -139 427 -123 296 437 63 24 194 300 120 -230 -107 140 -41 116 -371 162 -98 -85 242 141 -27 254 -35 202 198 180 125 -26 15 120 -202 129 106 -414 -252 -282 -306 86 64 -32 -95 57 72 133 145 32 -10 -143 73 -75 -56 243 124 134 -174 -165 -277 267 62 -21 2 -170 -62 95 -13 -162 -17 -69 -289 152 -70 -195 -270 -70 -104 -50 -82 45 -76 -8 430 -130 -7 -105 -32 42 90 292 -58 124 -58 206 -226 -54 -323 -104 -22 462 -9 -242 91 -262 -47 -261 262 48 171 -170 65 -64 -103 -155 -163 -1]
[-238 -53 117 -684 -10 -57 -747 -410 -585 392 262 -489 -561 -58 57 -216 -40 -531 -21 -116 -448 -230 -860 484 -865 -56 -801 303 -389 -274 216 -50 -414 -127 278 -256 322 -170 475 -60 -261 -440 177 -492 84 260 -145 -356 -49 149 169 93 60 156 175 152 2 47 619 214 143 201 27 219 -103 -41 26 -51 165 103 -10 167 29 205 -111 39 -90 50 87 -1 65 -140 185 -189 -130 87 90 -102 -65 -60 -19 -187 -45 144 123 -46 201 140 -96 -55 205 27 6 144 -386 -99 -109 46 201 175 19 116 21 -35 84 204 -5 -55 -74 -45 74 -28 -51 -125 -35 25 -44 -180 -80 -102 -62 8 -259 84 60 91 212 361 260 -86 -82 214 -90 114 -119 -23 -55 46 -265 74 -58 69 183 134 251 -57 -66 147 22 126 30 -298 -137 26]
[-616 382 -621 -436 -683 -598 -161 -242 -646 505 -870 -161 -812 564 -597 159 576 -667 -741 741 -580 130 35 -373 -361 555 -152 103 -39 277 279 47 -130 113 53 228 -282 115 -203 -610 106 320 -77 -802 -55 94 -20 -21 -212 -172 8 0 50 268 -1 11 304 328 -241 -69 79 -260 -119 98 -42 -276 225 12 250 -4 206 81 227 73 93 -29 48 -215 145 69 122 204 50 37 -189 98 107 -89 -325 -159 -97 -165 -63 88 213 3 97 -213 75 13 138 175 -74 -121 -180 38 102 61 -310 228 72 6 -108 90 -74 115 -106 222 23 115 179 10 -95 181 -166 -39 -199 136 234 107 172 115 61 -59 -131 -197 168 1 -184 -110 -47 -116 -113 -119 54 41 -4 -258 87 341 -194 -135 236 -67 -87 -25 -119 -10 -211 244 134 -14 68 -13]
[-726 -103 -776 -760 348 -630 -127 465 -733 514 -110 859 840 -405 -99 -437 725 200 652 -762 -760 -34 -851 733 481 200 -628 42 36 -306 311 -219 -515 -131 188 256 57 13 -185 -176 -5 -775 190 -650 28 -309 -15 48 -67 -81 4 -75 -117 11 236 114 -196 -6 107 418 136 25 62 51 52 20 45 76 18 -62 119 13 -123 -230 -117 21 -66 -203 -119 -138 94 -161 87 -141 4 -28 -248 -5 121 199 130 -100 -8 205 75 170 -3 194 -28 -97 -19 -225 58 152 -18 -100 -143 69 99 -161 182 96 -10 121 171 94 26 -179 -64 -37 168 -7 35 -216 -71 -49 290 -278 0 11 300 100 -173 50 59 -220 10 114 -115 -8 -7 -1 121 220 -347 -17 -146 -32 -262 60 107 93 152 -114 93 -31 94 145 71 202 93 53 467 17]
[178 -105 -166 737 -759 85 209 113 22 376 -39 -529 -724 -310 686 -860 648 -146 761 457 243 698 98 343 -266 -683 -440 -35 -255 -85 -182 641 171 153 -393 -106 -166 161 263 -565 32 235 6 679 -260 -30 -231 59 -60 189 24 16 42 -376 115 55 -36 -213 272 -146 156 -48 125 -58 159 108 -144 88 124 58 232 -12 97 48 95 -160 -200 -53 183 73 71 -56 -104 296 -24 220 463 -19 -126 -91 4 57 22 -46 -108 -1 134 108 185 194 107 -61 82 103 241 250 197 48 81 -36 2 -83 41 20 81 -90 -106 61 -27 -201 -65 21 46 72 204 190 -20 242 19 138 -279 -36 154 3 -19 4 -26 33 123 123 -83 87 184 -328 57 -57 113 -241 -109 -19 9 23 -45 173 -22 9 -273 114 -151 -59 -122 -37 -21 8]
[570 -867 -681 845 229 -465 527 -629 -220 864 280 556 -512 -837 -229 626 -741 -316 -496 146 838 331 -346 390 281 781 723 148 -165 -543 77 -260 -528 -47 71 -39 -103 270 -154 243 267 -97 4 841 -177 22 380 -324 -135 -110 -198 246 320 -73 -135 40 203 -152 127 -143 -224 -83 151 -239 178 -61 58 -53 -161 70 68 -35 195 34 -66 -134 79 10 79 -96 -1 39 95 5 -63 -167 -201 143 -260 100 138 -113 -54 51 3 168 -134 227 -197 -165 -156 -126 84 -9 38 44 -34 166 -39 -68 84 29 5 6 48 -109 136 186 73 206 138 -35 215 -60 109 162 12 40 -166 125 -247 -147 -121 121 -148 -222 122 -58 0 75 -93 -117 -15 108 -58 203 138 -109 211 -303 142 129 21 -163 -146 -97 281 349 -94 -13 241 141 527 80]
[686 826 464 -507 -735 -91 -509 1 -121 -785 792 -185 518 58 -680 -521 790 -35 81 -60 -205 -502 -16 -241 -65 -225 295 111 504 310 -374 624 101 -287 703 -9 -75 299 -257 -772 243 -188 -22 -681 92 102 266 -123 55 122 -8 177 -167 -156 192 84 5 62 114 -373 196 106 -227 -170 -72 -80 288 -172 -208 -49 145 24 118 93 131 -228 177 -276 103 -54 135 -53 -102 31 -158 -136 184 -22 -315 -19 -177 -5 -146 -164 123 8 34 320 241 6 67 35 243 132 -134 -212 50 82 73 -84 -72 147 -155 52 119 -318 259 -58 -445 74 54 124 -132 -3 -145 207 -58 205 -264 92 118 -5 -123 -107 -118 -272 -172 136 45 152 -185 122 184 58 -70 50 -253 -101 -213 43 -108 77 58 191 18 -28 -75 95 -102 -12 -197 -251 -12 -2]
[-345 -123 561 306 -372 150 304 -582 -70 143 818 -534 479 -80 -386 -218 -654 -879 688 -647 -262 7 76 -789 -19 831 349 -122 -190 -140 -179 -93 227 -458 598 405 306 181 -21 470 304 -545 -18 -22 -179 -246 244 -187 79 -65 171 -50 -20 151 28 230 -194 3 93 103 -201 48 158 174 278 295 -292 -57 -124 244 -9 -13 -158 -93 -18 45 -79 122 92 -56 -175 -9 -106 -168 -208 -351 -105 219 54 -40 209 77 6 75 -80 49 28 133 41 74 -202 -65 -62 -107 41 -205 -164 120 220 -167 -61 -44 21 -79 21 -50 12 1 -38 -83 75 79 56 -181 27 233 72 -126 -138 -52 85 -143 -140 93 187 -101 1 52 21 143 -66 107 -115 106 -142 -24 166 304 167 -189 61 13 -86 -184 150 -38 362 161 149 -9 -44 -81 77 -5]
[282 -360 866 -7 658 155 705 -310 345 -328 105 -403 -658 379 472 111 -873 -825 687 849 -570 -590 846 776 551 -813 -808 -527 -27 -326 209 -664 -295 -4 -12 -208 8 280 350 394 -823 -540 -79 747 -32 238 17 477 -442 53 -278 -88 229 -148 78 -132 52 -50 49 -78 110 -213 -201 -119 77 -128 -252 -66 131 66 24 14 0 12 -59 134 40 -232 198 -181 42 -148 107 -62 27 33 -62 -7 -13 -200 171 209 261 -45 -176 55 13 -196 38 170 -269 108 35 3 46 144 85 -35 -218 -167 44 28 -72 -91 -206 73 -245 9 -225 27 -69 92 51 52 -33 -119 -75 -154 -230 -105 21 31 98 132 76 18 -202 -132 13 126 52 -43 -10 -219 -239 23 106 -81 10 -86 248 -33 -33 77 14 73 69 -125 32 19 63 148 -266 -12]
[-438 856 -505 -824 683 -269 -61 125 559 -31 658 559 660 54 -415 30 -532 559 -761 -106 471 11 453 729 26 -664 549 -335 363 -497 -101 -429 -156 -37 -294 -137 -191 461 369 787 -517 859 88 -847 -47 76 -39 174 95 64 -321 159 -121 165 -218 -130 152 -397 -118 -65 252 -77 -18 25 72 -358 -56 -248 -55 -118 -223 163 -188 -140 -80 -174 76 -42 93 -33 20 -30 70 202 163 11 34 57 2 129 -36 65 82 92 -61 -189 16 97 -285 70 -67 -115 -112 190 99 128 162 -135 17 177 -90 -80 73 0 35 78 95 -60 103 27 1 82 143 44 -75 -41 -251 230 -269 -131 -108 -118 -39 45 5 274 -165 -234 210 -159 150 -239 119 -48 -64 -135 36 38 160 251 -147 -13 -140 12 -67 81 -344 177 -134 95 13 -37 -42 18]
[-534 134 672 -251 596 -234 136 299 -128 -791 30 199 565 -457 -616 337 341 699 436 -268 -168 -143 -732 -869 197 636 -419 -28 96 10 -292 -165 -184 -164 508 11 398 70 -137 -524 343 324 237 -298 -136 -34 -16 -234 54 174 -184 208 74 -185 -18 -239 -174 -125 -196 7 52 -33 -56 -201 19 169 -24 -90 -152 232 16 27 14 162 -151 89 -161 106 -30 65 -80 -65 -100 51 117 65 -54 156 -70 -50 72 54 19 -59 -97 38 -164 147 116 -48 -47 25 197 105 193 18 129 -49 -61 -140 -154 -42 70 -99 -12 -136 18 125 -70 -76 132 95 164 92 108 202 187 93 -114 122 -209 -59 -189 116 -110 -17 59 -153 -364 128 20 -78 176 -8 14 44 69 -29 185 -21 125 143 -135 -80 -125 190 9 2 48 -43 -35 82 247 53]
[259 834 208 -577 -141 551 -311 -210 33 -466 -698 -855 862 321 23 -636 -663 -160 600 -390 -187 381 -506 -182 -98 -868 538 -423 93 215 -77 213 -323 -171 271 133 266 95 239 700 74 104 120 -605 25 -16 330 -34 35 134 -48 79 -65 -64 -121 -39 -48 109 72 279 -30 142 -107 0 -11 -99 139 42 -171 -79 -155 -37 -55 -98 -29 -5 43 27 -79 -192 59 86 19 -91 -38 -248 -119 -19 -30 -42 -13 -285 -32 22 70 -145 -60 113 -178 -66 -21 -88 -174 55 16 -56 -176 -146 111 39 86 157 -84 154 -4 20 336 -106 237 133 143 -146 206 1 -40 6 -40 -337 -15 51 -45 78 -262 11 43 -41 49 207 273 -115 -41 -122 -1 496 107 59 -230 -108 31 65 -7 214 -70 35 47 -57 188 57 -35 85 117 -37 45 15]
[334 -180 656 -879 371 -497 -757 -747 -730 535 866 -128 862 -102 -250 -687 189 33 -202 -819 822 -586 409 192 -843 318 419 194 -32 -472 -10 409 70 226 -379 320 -55 -9 7 591 -10 850 -372 1 102 -9 98 -14 156 -39 -36 -194 -52 216 117 -54 5 -116 -212 122 -125 84 71 -4 222 131 -270 -141 -92 -267 -6 145 -211 -419 213 -35 173 -211 -49 -33 -4 59 -135 -9 -253 -310 -140 151 124 140 41 -83 112 -137 39 212 126 -98 -207 71 -169 -33 -173 10 98 70 -116 -125 -122 196 39 36 59 -8 -123 -61 -179 117 179 -81 -93 -30 141 135 -300 -211 -43 -249 37 -85 125 -41 26 -6 70 -158 -252 -23 265 -194 54 126 -102 76 -55 -159 23 121 34 -18 -111 -176 -43 -339 -220 65 -146 260 91 183 -37 -3 -52 -62]
[-514 -69 -812 -51 -333 -192 682 113 709 807 763 269 -192 -769 -247 -757 863 831 244 -783 -163 718 -170 -421 -93 -591 778 36 680 -637 -132 -421 558 -54 577 -96 -98 -260 127 10 -300 -248 -71 857 24 9 269 -174 13 -171 -39 -110 0 286 136 -103 -305 256 -117 215 -52 164 -104 260 82 -67 -161 121 20 -53 -62 -146 -88 -36 -334 93 -126 -44 10 -27 48 -15 -8 -185 -33 -102 78 -100 224 -66 117 -14 -107 15 -158 -263 -27 214 -95 132 17 19 -266 -31 -293 -81 -141 -76 -53 60 104 109 214 -171 -259 219 14 -91 -85 -69 -29 100 211 -26 -8 -15 -89 -76 -49 -231 45 -105 -141 104 0 33 2 -34 286 -170 -147 122 -148 280 80 -22 51 232 -9 42 -118 19 287 50 14 60 228 0 43 221 70 -2 -328 -68]
[303 295 -609 469 664 206 -494 141 399 -244 -545 -498 -459 389 236 605 -774 -838 -246 -729 680 594 -14 483 -404 -61 -625 -871 305 -615 286 -619 50 -4 -224 -338 253 -96 145 148 -150 216 282 538 10 15 272 109 -132 -96 -208 92 336 121 -40 -11 -194 167 133 -255 237 -209 -334 51 -260 -107 -43 0 -242 108 13 -6 73 -130 227 -270 26 -239 -169 -101 56 -135 30 72 11 109 -70 -24 52 74 89 -169 -53 33 113 -44 80 99 -132 -41 -235 -35 -148 182 36 -47 -102 175 133 -81 -21 14 -85 58 79 -50 183 91 -263 311 63 -64 -96 23 5 -20 -78 151 -124 -225 74 -19 20 74 39 137 -1 64 -77 122 144 -152 -67 -59 -290 75 -196 54 -191 -35 47 -10 -171 -13 205 -84 -6 -105 29 -24 -21 97 98 -29]
[-728 -46 121 -9 330 527 606 -699 673 -762 163 323 417 -644 -264 -491 -787 562 387 645 -832 649 405 276 -828 883 -431 556 172 -210 -261 296 119 87 360 -44 -242 -189 165 -333 -250 -421 -53 713 103 71 -367 144 251 -21 152 -56 -364 85 78 -102 18 226 -271 -23 230 241 -14 26 115 116 -260 -96 278 -118 80 145 82 39 -52 132 40 65 99 213 44 -97 43 -57 -23 155 122 16 2 -49 -101 128 92 -236 160 70 228 -228 7 222 218 -8 10 142 -261 -11 -140 -144 -328 226 -121 -115 -14 -183 -169 93 -297 94 -73 -270 -120 27 -270 112 -138 -109 -125 -7 137 -54 165 33 260 -129 131 245 -89 -140 -32 -130 95 80 52 -151 -94 -146 168 18 -116 122 -164 -89 -135 40 55 118 -314 -284 -205 182 25 -104 -321 -21]
[-112 325 -747 -506 -68 377 -513 530 -224 -774 787 241 304 -651 -103 -343 8 686 -884 -661 -807 -240 -613 -145 253 80 -17 78 327 272 -281 -219 86 -232 328 -33 398 -298 123 -788 201 -123 294 635 158 -157 122 -156 261 -88 207 -1 -228 423 -75 -35 -420 39 -100 77 62 411 31 250 -189 127 107 -263 -170 66 -167 178 -290 140 20 98 -74 203 -110 -43 46 -3 -11 60 -88 144 106 -13 197 -60 -131 -71 -76 70 39 -253 -46 9 39 -110 179 229 47 31 269 -163 20 -89 264 129 -115 4 -115 19 102 -27 182 -144 -2 -188 58 -17 -103 62 -106 23 203 -135 95 -41 170 -29 -70 -118 31 182 25 314 191 -76 -81 41 -84 -89 -120 -101 -222 229 -68 104 -141 -131 34 111 182 54 -86 -17 -27 56 -206 -422 -224 14]
[-520 6 -805 -211 -509 -460 -839 -173 -833 -485 872 -82 867 182 -33 359 -519 -170 -552 608 -700 105 -516 -780 -120 651 -570 160 -5 -180 -47 154 -230 11 486 -131 52 97 299 -424 -111 -362 -45 -11 6 23 -487 42 -166 186 -135 -101 213 -164 47 10 272 -236 47 -260 200 -80 -127 -122 -112 -72 -75 -165 76 161 -100 127 135 64 92 -3 18 -150 188 116 120 -32 38 98 -34 99 -49 14 -303 -135 -76 267 94 -95 101 -30 213 -156 22 114 33 95 198 156 -119 -101 98 39 -49 106 -178 -17 -169 -122 -41 -86 -232 225 -89 -153 7 143 -204 -21 -110 60 -140 230 -179 -41 39 30 81 -116 -73 13 -100 -67 -207 -28 141 -3 22 -268 -20 -247 115 49 -3 -38 -167 -10 -105 41 -90 -87 -258 -110 -125 -95 -110 -53 15 0]
[-174 666 -153 537 -829 481 131 -683 -438 408 37 -341 401 -220 505 -422 -746 30 470 628 483 -804 -273 269 -319 -256 -84 -736 665 338 -176 -101 -481 -156 71 -176 61 -13 -3 -96 -241 350 223 753 99 250 245 37 -24 -261 -67 106 39 263 -151 -222 35 29 -168 33 -199 69 44 12 14 -155 0 -47 -122 11 31 97 -15 -178 -198 155 63 -96 17 -61 -89 160 170 -157 -133 -216 -499 148 42 154 136 96 -62 88 -149 -38 -254 169 -31 -137 -244 -116 -85 81 32 -123 -91 110 -7 -167 162 14 181 -52 5 51 126 -184 -20 123 72 -127 178 -167 72 -119 -5 84 -289 -66 173 -72 -38 184 -42 124 126 -69 -25 -187 -49 -126 -115 35 -245 30 4 253 110 -79 15 -45 30 -107 -112 106 236 -53 -40 14 66 227 198 -8]
[-305 328 617 841 417 92 548 -811 -799 572 -151 -102 336 -494 612 30 -596 -701 -46 441 -134 -27 -492 37 871 -147 -546 -143 -222 -549 -223 -296 668 73 -727 -186 123 161 -35 651 -24 598 236 168 3 237 193 -195 165 218 -38 143 173 -14 -4 -84 -132 -115 150 48 125 89 -20 76 23 93 -156 -116 -263 69 57 -2 -201 32 31 152 -111 -42 -14 87 -172 -156 -121 -47 -21 -300 58 26 143 33 3 -116 -68 -100 -132 -196 -253 339 -81 -18 -228 -132 -46 256 91 -1 -106 56 215 -170 -13 -122 135 86 -20 -270 172 5 -321 -1 -76 -127 110 123 59 178 74 55 -89 26 -163 -70 -188 122 -83 -74 89 16 210 -81 -150 43 -96 108 99 -69 -62 237 36 -178 166 -68 100 -82 -131 122 119 180 260 -49 28 -5 -56 46]
[-194 -269 -407 -824 660 -389 59 -22 853 69 -486 -670 -545 -649 730 292 556 353 -628 283 176 323 -230 -111 287 675 326 -40 -352 -754 298 568 -886 4 -60 305 -108 31 -136 -594 -122 659 144 -794 -17 -186 -196 297 -98 -184 96 -248 -279 112 132 180 124 6 -107 277 -102 -160 164 124 269 -237 154 94 208 -161 246 -7 43 -196 -73 42 36 -144 57 -16 124 113 58 -38 -92 -309 -152 -99 -3 154 60 -74 70 179 126 66 66 58 -4 -111 -13 -228 -88 -157 -172 80 -61 75 -273 65 268 90 102 144 -39 23 -95 -67 143 -43 128 38 4 -300 24 9 2 -190 51 29 147 57 136 105 21 -36 -34 -123 -31 -310 -175 -36 -65 194 81 -82 156 -76 -24 189 -18 4 237 -46 -123 -6 19 -23 -51 216 107 81 224 14]
[477 -531 577 -440 800 -558 73 524 -339 -867 145 411 -721 -466 31 -304 -20 -591 208 721 -13 879 885 665 -744 -268 -258 -126 155 -627 -258 -222 710 -47 44 333 31 32 -237 -211 14 -606 215 731 50 116 246 -208 192 125 65 40 -51 48 -90 21 294 298 142 -15 239 111 -89 37 -193 -8 242 -3 98 -40 169 40 41 38 63 -149 191 141 -10 162 227 24 -143 -5 -191 -83 166 -27 -140 118 -72 -268 -196 -58 166 -76 -35 65 46 -17 109 68 -2 131 -173 -220 -99 317 5 86 -91 24 75 -39 27 -114 105 -30 -141 106 26 -79 -205 180 -186 55 -103 175 -126 199 69 -80 -62 -224 -208 -193 48 236 149 -43 32 177 -29 91 50 146 -180 -78 -97 134 -158 -123 72 108 111 -43 -161 -104 -93 15 -15 2 -118 -7]
[-119 -321 320 186 -157 421 167 -729 245 -39 -688 -176 -36 -548 545 -84 -879 -855 544 -231 -648 -155 -190 432 736 258 509 -519 -245 639 236 -369 -322 244 852 -217 103 -219 -52 326 307 464 -90 124 -186 98 37 -1 -82 4 -168 72 43 -421 -51 154 -16 -34 239 -315 -28 -287 106 -93 128 65 87 283 -11 -152 226 -104 179 153 -50 -56 -103 -88 60 22 41 55 -107 33 -54 230 301 -30 -57 -64 127 64 5 -45 -71 163 -76 40 389 -42 18 -22 98 -346 84 231 351 60 -69 -15 35 -68 162 -48 215 117 -110 200 0 48 177 -52 -74 2 244 143 58 120 77 30 -321 46 291 62 -66 -1 120 -253 -155 129 -20 -32 38 -393 69 39 152 -306 12 75 98 60 -34 139 -143 -144 -164 -116 -7 -122 -64 73 100 30]
[-474 -250 -559 528 94 -697 425 -275 -33 -757 -93 -588 -412 -837 -300 378 -747 -529 -812 -827 751 74 770 -335 266 -614 880 -296 197 -337 -307 97 453 157 -417 -419 88 -59 255 778 -458 399 217 274 -218 -78 -276 -20 48 22 -52 -50 50 -171 194 172 -425 102 203 -67 240 -62 -447 351 -40 -71 -195 -85 24 76 -149 -191 -40 333 -90 -78 -29 63 -16 -21 92 -173 -159 -50 112 13 142 -163 128 -213 -8 31 -18 -72 -129 -298 71 87 129 357 -13 64 -17 101 -117 -9 -57 17 -5 73 -16 -100 80 -18 -90 -63 65 76 -330 17 71 101 78 0 -32 234 -139 -14 -196 -232 5 -162 -72 65 28 197 -200 -174 -18 3 -48 19 2 128 -134 -104 13 151 -172 49 -83 28 -45 103 290 -42 0 -179 122 9 -47 -241 -456 38]
[-352 474 -756 -286 -779 -361 -477 -333 -100 -383 -148 8 410 552 -497 571 -642 710 -512 778 122 -432 323 -66 669 652 522 -495 -131 -405 -16 -189 676 32 -283 323 -67 184 -269 -1051 391 494 31 696 -45 -183 260 -8 -192 -120 -108 -121 192 -87 -177 -379 -100 168 -401 64 -270 -101 -189 -12 -68 195 121 159 -87 37 238 -70 28 -127 186 -23 -116 13 -171 -14 15 68 9 -68 -49 31 -169 -2 -3 116 46 96 -13 -11 -229 -32 -229 -89 338 121 -50 27 -48 85 294 176 -18 91 -53 -82 25 -79 -33 22 -127 -225 179 76 -8 89 -5 -22 86 211 208 99 107 196 42 203 -79 -1 30 36 -172 -45 140 118 -358 -40 -126 -81 -52 31 218 -32 -97 161 273 -135 -15 10 5 -190 -82 270 384 14 19 44 -85 260 179 -24]
[623 430 -287 863 244 51 178 -90 391 270 170 206 -223 -89 -335 -747 -72 51 -139 11 584 595 -623 406 842 -366 745 -389 -59 -399 -9 -24 -24 331 -423 30 480 4 3 200 -239 -806 0 -703 -19 -59 -85 -252 155 61 -294 134 166 -29 -20 -53 -128 -105 260 28 126 -275 -103 -20 55 171 -365 -51 -153 -134 110 162 60 -77 43 66 -45 -202 -63 209 130 -143 -200 -21 34 24 15 -67 90 175 80 -43 141 43 -144 248 -55 176 39 20 -102 -81 -3 -1 97 32 98 59 -205 -21 -1 -305 390 30 59 -19 -101 201 54 156 306 -161 256 113 4 58 -56 -103 -154 -74 -104 -281 63 280 255 -5 -12 -270 -22 57 188 15 -67 5 -400 -74 239 77 211 -41 26 54 -57 -154 -152 68 -20 151 49 11 176 264 243 -32]
[647 -259 229 -858 376 205 135 687 -743 260 503 -135 -118 -489 327 -887 812 -363 314 -594 749 610 -751 619 -280 -754 861 391 64 -14 273 300 -307 161 304 -59 -447 194 -239 -492 47 32 -16 -754 -195 9 -58 86 48 -77 -73 -1 -198 200 -88 188 320 -83 162 -472 193 -76 8 -69 125 -187 81 -196 201 -104 118 287 85 -66 275 37 283 -270 61 143 15 25 16 62 -76 -83 -227 29 -191 88 -143 16 26 -237 311 292 55 -84 129 -125 -109 -13 217 -17 -246 -200 -22 175 -223 -38 -78 9 -201 12 128 -148 38 177 -213 71 -36 175 -190 26 -250 13 -86 97 -226 137 33 -98 -35 -132 11 97 -44 -192 -144 -7 57 -204 142 -217 -210 57 156 -27 -157 32 -55 -119 -36 -156 -163 -70 -258 3 -192 40 -161 81 353 34]
[387 -452 -573 679 72 -857 -527 -607 -145 288 -140 736 813 83 -351 371 -603 -24 740 -1 715 479 -768 -41 -159 676 -526 61 102 171 9 152 386 -100 -555 334 128 241 30 544 68 -873 -128 816 18 -116 164 116 -17 -53 -227 -185 -384 -204 -127 111 28 122 -399 47 -5 36 -189 120 -62 -49 41 -21 -26 -93 -184 -137 -104 -161 -84 11 5 -35 -167 -66 66 50 -102 -94 3 -265 -239 96 -43 73 4 17 23 -88 8 -28 -135 -225 -157 66 -105 -104 -33 -32 -40 -333 -156 62 -151 -21 -80 71 -260 68 -70 -60 187 -104 -101 65 46 153 -33 103 -121 -76 22 76 -204 -22 276 52 -142 -161 -80 8 -135 -117 -241 -36 75 -183 -139 285 62 -71 -3 -52 171 48 -181 -120 40 151 108 7 169 -144 -15 18 -109 60 -163 -24]
[-685 74 -577 427 272 689 283 -431 -108 263 -139 239 -490 479 474 723 752 -504 -212 442 149 -222 542 177 -132 -872 -679 -112 -237 -160 133 -287 183 166 444 107 -178 -2 -281 359 100 -684 -267 547 13 288 -186 94 -274 148 -281 153 488 -252 -28 -194 -2 -176 -193 -182 -71 -335 -64 -105 -135 -30 21 -137 14 104 -3 -125 240 117 153 -258 195 28 71 130 -41 79 -234 123 87 -87 141 -103 -295 -228 -33 -119 24 -12 85 71 205 -6 -15 -73 96 205 -45 -149 84 177 322 115 -164 171 -103 -39 130 -67 20 -276 -277 237 131 247 29 -58 98 220 -11 127 -79 165 104 123 -185 114 5 179 -54 -152 -161 -269 -153 86 -89 -97 -48 -71 297 -38 -58 -305 98 34 -17 -23 147 -27 -193 -66 -185 107 99 37 92 86 85 3]
[-787 402 711 -578 -760 581 491 -805 106 626 -825 699 206 560 875 723 691 -774 350 585 -728 566 70 -879 104 879 584 229 253 -525 64 327 56 19 803 -283 -100 -275 21 -628 -369 372 -223 218 240 -10 -78 247 -146 -5 154 -113 -135 101 280 -194 116 -40 28 42 -27 53 71 135 185 -105 41 -26 76 -140 147 68 157 -83 0 73 -44 -107 127 54 123 -81 114 -94 -110 -78 139 -302 78 -67 -104 -47 -87 -106 -25 -175 87 73 175 3 147 37 -22 -165 -153 -84 62 3 -276 22 151 103 356 -90 -344 21 -124 -135 -187 -253 -167 140 -195 -144 -70 -63 -152 -155 69 -134 134 16 211 54 65 41 -91 116 49 -243 -260 296 -192 -58 163 85 -7 69 -106 146 -82 109 191 -134 -18 95 -52 -198 93 160 -58 1 -280 -20]]