50
147
2503
0.005
[[27 716 78 -103 744 -501 -403 255 335 -765 -372 -108 229 99 11 -312 312 -227 -636 -287 -19 -220 318 -82 211 88 -273 22 -139 60 213 191 1 79 99 72 161 182 -88 -198 96 -202 -74 -177 7 -57 -81 -146 29 -282 -171 -89 -136 45 9 -26 230 109 -102 -161 156 124 353 425 -6 -175 -117 43 -98 170 -164 149 40 57 101 28 3 51 170 428 186 -15 21 -187 -66 -247 -223 32 79 259 -23 -107 235 -253 -25 135 110 74 57 -15 244 294 58 -314 26 -126 23 -53 -221 -95 35 -135 -105 133 110 80 169 283 248 -51 -86 -174 -26 218 52 25 -160 -68 -21 210 191 -117 191 -53 39 215 71 -68 -115 15 -2 -98 -33 179 81 159 -128 0]
[0 0 0 0 0 0 0 0 0 2503 0 0 0 0 0 0 0 0 0 0 0 0 0 0 0 0 0 0 0 0 0 0 0 0 0 0 0 0 0 0 0 0 0 0 0 0 0 0 0 0 0 0 0 0 0 0 0 0 0 0 0 0 0 0 0 0 0 0 0 0 0 0 0 0 0 0 0 0 0 0 0 0 0 0 0 0 0 0 0 0 0 0 0 0 0 0 0 0 0 0 0 0 0 0 0 0 0 0 0 0 0 0 0 0 0 0 0 0 0 0 0 0 0 0 0 0 0 0 0 0 0 0 0 0 0 0 0 0 0 0 0 0 0 0 0 0 0 0]
[0 2503 0 0 0 0 0 0 0 0 0 0 0 0 0 0 0 0 0 0 0 0 0 0 0 0 0 0 0 0 0 0 0 0 0 0 0 0 0 0 0 0 0 0 0 0 0 0 0 0 0 0 0 0 0 0 0 0 0 0 0 0 0 0 0 0 0 0 0 0 0 0 0 0 0 0 0 0 0 0 0 0 0 0 0 0 0 0 0 0 0 0 0 0 0 0 0 0 0 0 0 0 0 0 0 0 0 0 0 0 0 0 0 0 0 0 0 0 0 0 0 0 0 0 0 0 0 0 0 0 0 0 0 0 0 0 0 0 0 0 0 0 0 0 0 0 0 0]
[0 0 0 0 2503 0 0 0 0 0 0 0 0 0 0 0 0 0 0 0 0 0 0 0 0 0 0 0 0 0 0 0 0 0 0 0 0 0 0 0 0 0 0 0 0 0 0 0 0 0 0 0 0 0 0 0 0 0 0 0 0 0 0 0 0 0 0 0 0 0 0 0 0 0 0 0 0 0 0 0 0 0 0 0 0 0 0 0 0 0 0 0 0 0 0 0 0 0 0 0 0 0 0 0 0 0 0 0 0 0 0 0 0 0 0 0 0 0 0 0 0 0 0 0 0 0 0 0 0 0 0 0 0 0 0 0 0 0 0 0 0 0 0 0 0 0 0 0]
[-193 1137 457 -254 -971 16 313 -659 -554 894 -409 235 412 -585 3 387 110 -226 -258 -37 -99 73 173 14 241 170 181 314 -268 -221 378 247 125 59 -214 -167 157 92 176 -277 -210 121 174 113 -234 -94 77 14 -79 -36 -113 52 392 -69 109 83 -446 33 122 87 -44 183 184 -6 319 14 -145 -94 23 193 -71 464 -13 37 -23 -134 267 80 101 80 -239 33 -147 229 -280 -145 -29 -42 -105 101 -184 2 -37 -176 -266 273 -38 -89 418 82 4 151 -161 61 -128 187 118 -87 -202 89 61 56 -156 -114 -14 80 -95 -64 267 -3 -63 -53 -225 -190 79 186 -56 299 -24 -108 47 -160 -158 -85 -59 14 39 226 -124 -107 -19 109 210 24 -32 -78 103 0]
[-160 1362 -215 59 -18 -89 -77 1086 -118 -630 221 -593 -78 -30 560 -337 -196 402 -211 -197 14 280 -168 -136 -115 -22 98 178 -164 8 -82 -295 -207 -106 296 13 -98 170 -15 54 464 -17 -154 -301 -44 96 -159 139 154 -131 54 100 -131 -46 -3 -377 136 253 -411 28 95 45 14 75 -216 53 -95 124 300 -98 -108 55 -271 -5 50 199 -132 10 300 -8 399 -7 -144 -193 -268 -192 -348 234 167 -200 148 -22 -166 19 -183 176 157 -132 131 -36 -120 303 362 -354 -219 -173 284 80 170 59 120 -206 15 8 41 -53 -57 153 -97 -13 23 6 198 162 -92 234 -33 -69 73 96 239 58 165 265 49 185 212 -142 -166 53 -28 -35 -147 3 -26 367 -96 0]
[0 0 0 0 0 0 0 2503 0 0 0 0 0 0 0 0 0 0 0 0 0 0 0 0 0 0 0 0 0 0 0 0 0 0 0 0 0 0 0 0 0 0 0 0 0 0 0 0 0 0 0 0 0 0 0 0 0 0 0 0 0 0 0 0 0 0 0 0 0 0 0 0 0 0 0 0 0 0 0 0 0 0 0 0 0 0 0 0 0 0 0 0 0 0 0 0 0 0 0 0 0 0 0 0 0 0 0 0 0 0 0 0 0 0 0 0 0 0 0 0 0 0 0 0 0 0 0 0 0 0 0 0 0 0 0 0 0 0 0 0 0 0 0 0 0 0 0 0]
[458 -516 65 -457 -108 -22 -334 -795 -477 -476 -611 -579 -375 -289 672 -211 365 -317 -864 -304 168 -151 -19 -90 140 -2 62 -57 -166 76 82 177 -73 109 121 7 24 61 -290 -104 -121 -256 -215 15 116 -42 -157 9 141 -313 -329 -33 -102 100 244 103 598 134 -61 44 -163 -152 0 353 -192 -94 -289 -109 -56 -49 -508 223 -75 -130 66 299 36 193 74 290 144 -252 31 -346 103 -185 85 35 189 276 -88 158 -85 -42 51 -57 82 53 -152 19 412 149 291 1 -23 -273 110 -97 -192 -38 178 -134 256 -2 206 41 291 247 5 -144 102 -181 25 166 127 -89 -63 -200 5 223 109 -97 434 -354 -101 264 -1 -64 145 147 -29 -57 -72 317 176 -121 -181 0]
[-208 25 -180 85 -780 -47 549 -43 -350 -163 75 -107 21 552 -335 178 -48 401 846 394 -257 -122 174 182 -271 -79 -108 -3 188 82 -77 129 13 -79 70 127 -322 -200 64 233 154 -57 -177 36 -95 251 -260 -220 -13 -39 364 -15 -220 -63 -305 -38 -181 167 -138 -142 461 0 92 195 -187 -50 491 198 -205 266 265 -350 254 187 64 66 31 -123 -17 -69 147 80 138 -26 203 -35 -151 -177 -111 -263 214 20 82 -147 -23 -1 -208 -18 -149 -141 -186 -296 -140 -53 -31 233 28 187 256 155 -174 257 -336 176 -163 -10 7 -121 101 271 58 73 187 -73 -271 56 152 129 -82 45 91 -54 -195 323 -130 -284 -93 -60 64 -73 -99 -216 -149 -299 2 147 164 0]
[266 89 305 -289 -612 141 -62 -289 415 -1197 538 -498 -296 209 -10 296 -535 526 -224 -85 -203 -122 321 50 88 -115 10 13 147 345 -115 -84 5 -315 395 266 -204 29 -140 221 475 -144 -200 -266 70 221 -300 -77 -24 229 122 -193 -431 64 -231 -175 251 256 -297 -195 261 169 160 27 -220 -238 290 149 -63 166 16 -130 0 74 9 226 46 -208 134 126 486 170 88 -193 182 64 -150 126 97 -275 228 -106 201 184 -85 -74 -121 89 -56 -180 -142 44 84 -367 -56 8 -281 253 268 -236 10 -6 35 179 -18 282 -109 43 51 146 170 80 111 -55 47 -21 30 -179 35 37 157 148 323 294 287 -149 159 -233 56 -82 156 -234 -282 103 -97 549 -8 0]
[-43 47 542 40 -55 274 -354 -222 394 588 -189 -529 -515 245 -178 464 117 -120 -517 -353 -119 -586 368 441 88 -252 -546 -471 199 14 -93 113 135 160 35 216 -3 32 -362 228 -20 -383 -96 -155 33 43 -132 -6 131 -174 -74 -14 -344 88 -154 47 690 -19 154 -184 108 2 23 -53 -35 -259 128 18 -302 -31 -28 -140 90 -71 -140 -18 10 -122 95 263 86 -53 216 -254 351 317 76 -54 46 170 -91 -105 85 67 383 -50 42 126 -533 -26 188 205 88 -83 303 -257 -278 -87 -256 -53 -77 30 134 252 156 148 341 130 14 148 136 -69 -154 184 -111 -342 18 -372 -160 -77 -136 44 192 -105 239 24 -114 -265 -7 -98 135 -156 -27 317 67 218 -20 0]
[433 -1221 -884 192 273 -77 -370 919 211 -82 418 509 -478 48 -326 -33 -113 13 239 286 -192 34 -186 -40 11 -170 168 -197 162 93 -15 -291 34 -238 89 -98 -97 -305 14 4 -225 138 70 221 269 -86 324 19 -140 405 -181 -133 -56 57 183 126 -93 -277 -120 74 -197 -204 -383 -421 6 318 -167 12 45 -312 39 -62 -186 -172 19 70 -186 -213 -521 -346 -267 -139 143 142 102 244 286 362 211 28 150 192 -86 326 -31 -162 -238 29 158 56 -59 -315 25 290 18 -151 -273 85 196 -142 4 347 352 -119 176 54 -92 -230 -213 -154 1 -24 62 -213 220 92 211 -48 58 -139 -345 289 275 -56 -99 -111 82 139 -68 174 -41 93 34 -167 112 -325 -87 0]
[39 -975 138 -216 -382 -671 -58 993 -47 1032 -153 95 -61 301 -308 384 51 127 -547 241 48 -58 -257 90 167 -171 212 8 -35 188 43 12 -278 -143 -100 -154 -29 128 118 -259 -27 73 96 129 42 -185 264 69 -262 218 -135 -64 -107 305 -25 -54 -314 87 108 -68 32 239 278 44 44 132 -50 51 -51 87 102 105 -58 169 112 -25 -108 55 -155 66 -87 119 166 -111 3 -177 -227 191 36 1 -34 37 155 -56 -166 158 25 -114 174 -81 64 -107 -244 -202 -102 -8 -166 -109 0 -4 -161 108 -103 -109 -47 163 -109 164 411 -144 57 -12 -54 -8 286 139 69 -42 32 -98 130 331 236 106 -15 -51 21 88 -12 11 -20 -5 -118 -52 -75 93 176 0]
[277 510 -226 443 463 143 198 342 615 -621 613 116 49 358 -156 259 -165 245 923 480 268 86 -492 -92 -219 -310 96 -299 570 168 -613 194 145 75 -203 73 -248 -71 237 98 -567 133 180 199 222 -38 401 172 -337 410 193 -252 36 210 -123 203 -301 -239 294 -5 -35 -15 -286 -401 27 -58 246 123 -212 3 20 -326 130 -161 18 11 -79 -157 -309 -315 -141 49 -122 217 402 425 226 -252 -165 -250 48 -282 87 193 290 -542 -34 37 -278 -82 -231 -590 -531 280 335 292 -61 -89 407 -69 -223 139 184 123 -411 -248 -270 -151 -323 174 175 351 34 -156 91 -276 350 83 52 -104 -268 115 -264 -196 77 -392 39 -81 335 -165 31 -87 12 -204 -294 -156 360 3]
[429 87 384 18 1223 -196 -291 -527 418 752 -148 -128 -20 -76 216 -169 374 -133 -608 16 80 -251 -42 183 -14 -21 -649 -469 250 194 -271 175 -171 316 91 -48 42 188 38 -209 -186 -194 -98 -151 325 -221 349 135 7 -60 -237 89 -211 368 -35 242 360 -116 64 -264 -178 124 261 219 -207 -188 -84 58 -142 -44 -62 -141 13 -58 177 77 -219 -56 -149 197 111 -170 15 -291 154 123 9 75 228 299 -19 -285 292 13 277 -114 289 2 -233 -75 90 -183 -173 -310 611 -133 -32 -330 21 -169 98 -254 7 97 -62 -127 235 212 -122 -175 -87 -143 191 279 171 -105 162 -280 2 292 -9 85 315 -86 105 227 180 -384 -15 174 -21 41 -134 139 101 35 7 3]
[183 807 -175 -66 -1145 316 469 348 -83 868 28 96 78 131 112 -110 -337 36 775 235 171 -101 370 -29 72 17 443 152 377 282 -255 329 323 50 -40 356 -221 -362 100 -16 -434 328 18 178 126 155 76 -172 -395 345 255 -421 9 -145 27 207 -34 -45 -17 -65 173 -268 179 338 -128 -377 112 66 -358 306 -247 -324 107 -372 -247 -137 343 66 -331 95 172 113 36 -2 491 268 337 -404 -252 -65 50 -32 266 -25 207 -477 -148 210 -229 -215 212 -396 -302 301 59 341 -30 230 180 -185 -75 168 167 201 -220 -182 12 -311 37 -30 223 259 -22 -295 122 -295 7 200 -107 97 -110 -220 -207 -242 44 -214 -189 22 402 -87 -98 -197 -33 123 -126 -85 121 0]
[-495 770 597 -441 226 -102 72 111 -799 -61 111 -758 -302 80 21 424 83 244 -412 -3 48 256 3 200 250 -22 335 254 -401 -42 250 78 47 -183 -116 -240 -69 127 -108 131 123 -274 -98 201 -279 214 -350 22 172 -174 -41 397 248 68 52 -9 83 253 -26 107 67 215 -83 -75 19 210 133 3 167 245 -137 452 135 269 147 258 301 129 268 -56 -69 -16 155 246 -93 -336 -56 -54 -10 -95 -120 190 -323 -95 -252 380 -243 -2 74 29 22 154 157 -154 -377 65 136 81 78 218 -89 31 -117 -103 1 297 -54 19 93 66 194 -10 -90 -119 -8 9 114 161 -15 -231 38 -158 -50 96 -157 -66 -170 77 157 -190 160 151 -6 -19 42 66 149 0]
[4 -598 192 -75 1036 -311 -175 741 7 -804 349 398 242 164 79 -128 -305 234 97 15 134 125 -171 -94 -298 154 -13 -129 157 -78 -188 -79 -120 174 130 -24 41 138 -19 180 584 -13 58 -126 -190 -228 -225 -19 190 49 165 -89 -239 99 -256 -358 -112 157 -114 141 29 83 -205 -298 157 105 -46 -181 22 -162 196 -268 -164 134 -99 141 -207 -5 92 -176 56 -5 -160 -79 -134 -8 -149 64 -190 -142 251 -9 3 218 87 54 36 -131 -126 -50 -125 -69 43 -10 -80 -82 -226 -145 -41 197 54 -220 -98 -93 83 133 -88 48 61 370 -139 69 46 67 -226 60 47 -399 151 -130 143 92 99 125 94 -116 101 161 -110 -36 -81 -175 -56 -149 -31 84 -49 0]
[-108 -286 -582 494 183 303 -434 -88 355 -648 274 -198 -750 180 262 -8 -305 -167 -16 63 -301 -172 153 133 56 -295 -131 -276 222 96 -151 -257 53 -71 -218 127 62 -247 -194 30 -432 -74 68 -227 380 -131 436 71 -146 100 -297 -199 51 92 64 244 117 -215 -22 -118 31 -218 159 -151 -125 -75 -15 176 -26 -271 -222 -14 -61 -127 -14 -163 -119 -231 -189 184 -143 -100 57 82 251 329 -116 53 43 -15 -87 -155 162 16 235 -59 -18 154 91 92 70 121 -132 312 187 -227 128 20 40 -175 94 137 307 346 150 -235 -7 -130 -358 -116 -89 123 -80 84 164 -172 59 92 116 38 -272 39 71 -211 67 197 -34 -55 -143 -16 20 56 73 208 -74 8 113 0]
[-16 -649 -193 187 -1206 141 -226 -166 14 768 -18 -184 77 -388 -9 257 -242 123 175 -266 -239 171 64 -124 -47 -129 -76 33 543 -81 28 -20 480 154 244 171 -81 48 -14 63 42 -50 103 -146 -158 131 -143 -78 36 93 -35 0 51 -76 264 -136 340 9 -352 185 18 -129 -515 -71 75 18 -216 -116 -81 -75 -161 -42 -330 -271 -210 38 -25 -139 -83 -148 133 -65 -40 -136 17 363 240 251 137 -50 185 -268 -265 238 132 -188 -184 -84 -323 24 -40 88 132 -86 -117 -132 -249 256 65 21 4 256 89 70 302 58 -32 -187 18 173 126 42 56 -189 76 -168 28 134 -198 -176 -24 145 11 143 125 -65 151 112 -178 -124 -118 -118 26 16 3 189 0 0]
[-533 425 -384 -87 -466 70 147 -776 -300 1273 -95 -138 -110 164 -276 149 117 57 295 50 -316 172 -107 -18 297 -276 395 54 -10 171 -10 -78 109 -496 -33 138 -112 -98 -112 -159 -392 -105 -20 255 93 175 281 -4 -227 209 -111 -177 219 262 226 506 -73 -94 -48 88 -191 -8 -166 30 -6 149 26 -44 -86 0 -138 246 -4 -146 157 58 -58 -74 4 -82 -300 -32 271 303 99 -31 119 -69 -16 22 67 0 -224 169 -374 -137 -335 101 154 -20 93 -146 -13 220 -198 87 1 169 127 20 -45 415 28 -66 158 354 -183 -114 229 -19 264 41 -158 -228 190 -122 -48 203 -218 -194 -239 210 61 -105 -130 33 -104 136 13 -221 -17 230 194 62 -77 -216 320 0]
[-159 -986 -2 223 32 -96 1 93 -126 960 -6 -233 579 132 -257 1007 46 151 -281 -135 -450 -198 -39 155 69 -25 -185 214 -2 -201 317 117 122 -60 -152 -39 72 96 110 -6 284 -19 115 -125 -229 36 -9 -36 57 -269 -161 321 -24 -82 -69 -311 -269 124 25 -152 469 294 3 -148 268 -2 -20 133 14 168 330 335 -80 131 85 -241 123 17 310 266 -189 43 -106 -41 -330 67 -276 105 159 -162 -181 -47 27 -213 -78 328 91 -150 323 78 -316 493 9 -377 -242 -69 83 -122 -121 88 -147 264 76 6 -10 -55 117 189 178 38 -59 -92 -73 127 -126 332 56 294 41 146 322 -36 -136 158 -14 -12 10 -18 -380 -138 200 -14 11 -168 -9 213 -11 -2]
[626 -197 -57 151 -51 -68 64 222 1038 566 324 -143 252 -713 266 -452 14 125 -195 -269 -238 293 -123 -516 -133 301 -411 90 160 82 -53 -254 -69 126 441 85 90 128 107 -32 590 -85 24 -308 -74 66 -5 -73 86 -265 -60 101 -111 -152 154 -387 276 -20 -331 -51 139 73 -70 287 -95 -114 -194 -46 371 14 214 -226 -25 0 118 -172 -256 181 150 91 351 275 39 -283 -253 -132 -183 123 208 80 208 -185 145 -68 88 -270 124 72 -61 -133 -92 283 372 -457 -100 -173 -126 231 55 -323 27 -276 115 -27 -6 -18 74 13 -230 -69 -259 -109 316 238 139 93 -224 -47 57 444 242 22 102 296 268 260 287 -328 -133 151 -67 -163 -236 -78 7 298 -525 0]
[284 678 650 -366 448 808 -5 353 -532 499 128 -349 340 -410 789 684 -531 149 252 -5 -152 302 -90 33 155 64 165 15 163 -127 32 155 249 189 -88 -162 231 193 -142 1 -164 54 112 -156 -18 -89 63 487 141 270 -192 181 312 165 155 -13 18 51 166 263 -369 91 -487 -552 116 -47 -119 -176 -28 -141 -168 288 -233 -142 -139 306 70 -28 -19 -358 -70 -227 -402 217 -140 384 327 163 79 -341 -117 -412 -260 310 24 -157 164 -239 23 96 -271 130 -167 162 239 81 -17 -205 96 -124 333 -178 246 -90 23 -9 -250 -215 -275 58 148 374 -42 -192 140 -230 280 201 196 14 -76 89 114 -13 250 -23 25 -92 38 -72 134 105 127 112 -77 28 219 0]
[-533 766 -211 491 -103 -339 -28 1148 -172 -505 304 283 742 176 242 -399 137 133 390 82 -187 4 322 -3 179 9 246 112 167 -11 -30 122 47 253 -187 -70 357 275 77 -66 -51 145 102 -160 -108 -218 244 156 39 -5 95 -29 158 -19 -118 -240 -402 12 63 184 281 30 185 107 -33 -26 -144 -54 -109 68 -53 -88 -217 -121 -180 -154 -19 -60 68 -51 -2 -113 -311 49 -88 -75 -173 -131 -281 -160 8 -52 153 -216 60 86 212 -97 -119 -101 39 101 -269 32 100 74 201 -233 127 166 -103 2 -164 31 -105 -278 -119 -5 219 55 -139 180 94 94 -142 102 315 165 108 211 -35 -144 -154 33 71 171 -104 -139 -142 -132 -118 -118 126 -114 -52 136 234 0]
[-302 -760 69 -235 798 -54 256 -602 596 -1061 -319 94 6 -87 -403 361 -239 383 589 -85 -136 -156 185 300 31 -243 -222 -192 -205 -75 -15 185 -115 -116 108 166 -200 -175 9 73 -137 1 -90 194 -156 -141 166 149 -103 124 127 -292 -256 -40 -87 3 -121 108 44 61 -212 286 -45 -424 295 -59 -24 -76 -284 38 221 -122 -24 -318 -263 -16 157 -103 22 -17 -100 155 70 -116 91 359 131 -158 -109 153 0 -34 -74 205 -79 8 22 -17 115 -31 11 -121 -85 106 193 106 -150 -236 -233 70 -50 179 247 59 83 280 173 -185 245 280 283 50 -310 -340 16 6 -2 -415 -307 -404 -127 148 204 4 261 -251 39 -45 -165 -47 42 -150 53 157 129 6 157 0]
[174 997 -664 -143 853 -692 -482 -539 -192 -171 214 185 173 453 397 -369 307 163 228 -2 2 31 45 -314 -20 -233 -28 -105 167 355 -385 186 -158 -170 21 -132 -146 -48 -209 79 -34 -262 -247 9 183 -51 70 -198 218 -158 -96 -119 -234 67 28 -38 221 8 -191 183 50 -46 -179 106 -355 170 -200 -27 -88 -100 -282 -127 -168 -339 110 249 -32 -158 125 46 -101 -304 -90 -109 222 -223 28 -196 118 -36 152 186 -105 145 97 -1 0 132 -132 -42 245 -136 88 -94 -82 -71 397 -172 374 316 -113 103 277 202 83 -315 274 139 19 37 150 -100 309 135 -72 23 275 -320 40 207 134 -203 137 -472 -303 72 -118 -76 -24 -14 180 -106 -84 2 260 -228 214 1]
[588 1415 -342 203 174 -281 -541 1057 681 565 309 -23 183 603 -362 -187 100 -19 -359 46 347 -63 -318 -78 167 -121 347 63 -31 32 133 -126 -348 -231 36 80 -35 -175 -243 0 94 275 45 -129 321 -15 -183 69 -149 -53 -55 -59 -216 -29 -226 -115 56 23 208 -273 178 188 8 -83 -42 -191 17 271 -74 -17 16 154 118 83 133 120 -113 141 -66 168 104 68 -14 -226 -82 -29 78 455 393 -214 -55 84 180 -40 5 -135 170 -5 263 -46 -242 465 105 -431 84 -137 -130 -23 92 -485 119 -40 380 56 -213 -31 -17 288 -40 -209 98 48 19 231 81 -25 -150 9 325 330 23 220 198 -179 7 -12 117 -155 -109 161 146 -60 -32 -34 137 -21 -332 0]
[530 -1198 -370 370 -975 -732 263 -480 544 32 -138 -166 337 456 -182 58 549 51 202 211 379 80 -507 -227 -123 -183 -27 63 -94 203 -278 337 -279 93 -32 136 -504 -390 129 -66 -347 155 122 147 142 -125 181 -23 -443 -260 104 63 -75 45 -161 48 33 -101 190 -91 198 104 115 349 -84 -100 67 296 -35 191 72 -364 304 41 229 -83 -16 319 -195 63 -155 159 184 -347 327 -162 171 -336 77 167 73 57 141 -265 331 -368 51 94 -202 -113 57 -249 -134 -284 35 140 65 -73 200 27 -229 -108 138 20 -379 -380 167 117 -91 -126 183 -43 197 143 258 -135 -58 -117 -13 144 -39 72 -123 -502 -311 -80 84 -106 288 105 -164 -223 -118 -196 156 -392 -152 3]
[-528 584 -276 311 -430 313 6 1324 718 -190 411 -155 133 -184 102 188 63 -302 -223 -161 -275 247 -404 -373 -178 73 -79 9 109 106 -122 -13 -38 144 -34 90 289 416 130 209 133 -204 -41 -126 -220 -112 96 6 156 -253 -172 254 123 71 54 -45 114 119 250 352 -113 -18 -45 1 175 59 -63 -331 244 -113 125 15 62 410 38 -287 22 50 442 256 -244 -29 -210 -114 -64 79 -172 -358 -380 254 -227 -1 -118 -36 188 5 25 42 -297 212 51 71 -243 46 -263 -175 -70 -165 -118 213 -204 -112 -125 -136 -96 -119 -31 167 -75 44 -74 30 -52 168 101 -46 -109 76 -74 126 262 77 -39 -64 84 220 20 -77 256 -244 31 14 -93 -75 -218 -44 -173 0]
[-145 840 268 -253 1406 124 -146 112 406 153 -310 -356 -438 441 401 485 -299 -268 -581 -172 300 -196 291 -83 197 -187 -54 -358 0 258 -510 174 -80 182 -54 28 65 -36 -80 -139 -164 2 69 182 57 -87 293 230 -164 205 -138 -334 -33 130 91 41 533 -58 161 -40 -245 -111 221 -92 -51 -82 -181 113 -4 27 -228 -153 -1 -240 -96 45 255 145 -120 201 -13 20 81 0 303 47 56 -220 -171 316 -51 -158 101 202 224 -151 93 33 -240 -128 545 -89 28 71 12 -111 -11 -11 -6 -68 -38 -394 470 -51 -131 97 226 7 -34 -46 268 215 -221 169 224 -281 -22 -386 -190 -144 -103 75 306 -411 311 133 39 -172 535 -204 -73 -35 -114 241 -97 -121 -135 0]
[-251 183 528 452 125 25 99 126 810 -417 223 162 -50 78 -753 343 -114 -472 -173 -266 244 -273 412 1 354 152 31 -67 -250 -97 188 -80 112 -40 -298 -88 173 -144 251 17 -143 263 290 347 -85 103 128 17 -186 200 312 68 58 -272 96 -136 -50 -224 343 -145 26 -64 285 -104 288 51 18 133 100 186 297 -98 -8 -80 -141 -477 412 102 -168 0 -50 267 185 244 145 44 101 -132 -181 384 -157 224 113 -191 142 205 24 0 -171 -90 334 41 -48 -21 -22 78 -255 79 -275 -146 -405 -90 18 -214 -218 60 54 -70 299 -174 42 83 -376 158 -40 59 -165 -29 -230 -303 -137 26 -100 143 134 -120 -99 -23 398 -122 -125 97 -81 4 -81 -74 -305 -1]
[322 -856 433 -249 -1239 157 1067 -21 139 72 -185 48 107 -360 51 475 27 466 -86 62 -45 40 116 23 -83 103 -144 151 -413 -22 75 18 -155 -163 234 -25 -255 30 152 -57 -62 -36 65 146 -13 186 -47 68 -196 -235 182 -160 62 14 -193 -23 -409 46 -25 -132 -6 339 199 -114 -14 -173 356 283 253 157 244 130 280 325 229 141 -57 112 -3 -208 245 370 10 156 -235 -244 -153 -92 111 33 80 -61 52 -239 -432 -146 70 186 398 -148 -254 -107 114 -273 108 304 -1 100 84 -156 63 -231 -101 -68 -243 274 -266 -108 -10 113 -82 -31 164 -180 -53 200 -77 -50 87 -69 -42 64 -99 169 146 -255 352 -128 -6 60 94 -56 -14 -59 -34 221 -30 2]
[7 -431 -48 -195 -213 143 566 -526 -473 792 -622 -183 -267 137 241 -87 355 147 359 210 606 173 -876 71 -539 -139 238 -201 366 37 -319 -296 -346 149 143 97 -450 153 33 46 -150 -41 -92 192 207 163 -37 -108 24 -208 39 0 40 77 36 238 315 13 153 -51 -352 -132 -200 311 -452 -67 179 -108 -63 -204 135 -253 299 -16 -20 -124 -351 376 -107 -22 130 139 329 -356 65 74 153 -31 23 47 -23 62 -218 -67 137 -524 30 161 -426 -161 -13 -163 175 87 -64 21 108 254 -57 84 -35 64 13 -21 -77 68 182 -13 -16 16 30 46 157 17 -49 -325 -280 114 -205 50 -20 250 -333 134 -46 30 -125 47 55 223 -77 29 -59 133 56 -28 40 0]
[54 -1250 -335 -88 150 -129 -204 236 -289 -490 354 314 58 532 -575 101 -523 -76 676 337 61 55 -120 169 97 67 190 152 77 104 222 287 201 -279 -242 92 -368 -687 -37 49 -546 63 150 205 9 -71 44 -78 -469 198 -59 31 131 82 -90 315 -411 79 57 29 189 -21 -68 -251 258 -67 278 117 -238 125 -199 78 96 192 121 -20 216 5 -496 -93 -350 19 -4 190 330 257 321 -152 22 -95 -92 62 -34 -50 118 5 -334 177 163 121 -125 -409 -564 274 -54 202 -115 -122 46 126 1 401 105 64 -2 -105 -73 -440 56 79 29 56 -152 -340 182 -218 150 127 169 -239 -10 66 -98 -267 -328 -491 -136 434 79 -123 -11 40 43 -76 11 -326 361 2]
[-32 267 530 289 403 -321 133 -957 168 -481 450 196 94 513 -4 555 -256 175 -110 -84 0 -202 -77 128 -163 -81 -404 -383 221 -59 -636 -281 -196 -241 -344 193 13 -142 -38 182 389 -149 372 24 217 -91 157 4 60 67 194 -263 -195 369 -287 -17 15 -224 101 -272 171 267 148 -207 70 -30 187 171 -37 -143 554 -330 -85 23 118 -184 -151 -81 244 82 -194 125 236 -8 235 123 -236 -299 -176 -171 266 -66 277 177 224 -9 185 -85 -58 -152 -43 27 19 -61 134 72 -105 -154 -16 -13 -228 -184 120 8 34 108 -28 264 167 286 149 -14 -43 331 -313 31 -96 -386 32 -126 -87 160 -103 -240 55 72 21 29 -175 -267 -77 -54 15 41 -105 59 148 -2]
[313 -634 319 -412 -787 6 -289 -568 -408 762 12 9 -42 79 335 -417 -127 33 -372 -31 664 660 -372 -221 -279 62 310 81 -111 29 -468 -206 -229 90 337 -70 -271 286 -100 111 378 229 74 -158 -45 111 -410 170 221 69 4 154 39 -97 -35 -268 585 95 -116 313 -305 -102 -278 -94 -212 245 -311 -74 193 -274 -319 97 -262 68 -226 352 56 27 5 -175 236 -276 -75 -130 -101 -114 194 337 80 -201 138 98 -484 432 -13 13 58 -250 -101 68 -59 197 291 -244 -307 -176 111 208 186 154 187 -331 17 -164 -42 -111 14 189 -141 -87 447 -72 145 -36 12 -94 -161 -123 -107 -174 6 171 175 -208 -96 149 185 91 130 19 -19 60 29 65 34 -16 -337 0]
[-657 -382 183 308 52 -384 -496 -302 -200 -987 -231 102 311 127 -50 -461 94 -321 -12 42 -80 -170 435 362 286 175 -377 -63 -16 -236 285 -121 285 198 -30 -156 563 228 106 -454 165 -101 198 -257 -148 -309 239 113 118 335 -222 103 287 18 43 72 -115 -262 -219 -25 -69 -7 256 213 121 194 -43 -3 -36 -42 161 -68 -156 90 -20 -102 -224 -178 -173 -78 -240 -70 -13 113 -265 -109 -215 406 -31 179 118 -378 226 -84 -33 373 -29 -209 52 152 22 31 -92 96 220 -14 -36 -54 -213 20 81 -55 -574 -106 438 85 -121 -44 211 -135 -415 -132 -26 73 54 -13 165 61 27 -240 -251 67 -154 387 145 235 -103 238 -480 74 -314 79 291 62 7 66 347 0]
[-190 717 467 165 548 324 -49 37 323 99 372 46 -51 212 -476 211 -647 389 83 14 -106 -229 88 376 334 -208 324 -51 79 50 -130 -203 -323 -226 -329 56 365 -96 -190 161 345 244 212 113 -59 -258 254 459 58 422 134 -89 -25 74 -187 -10 -278 -9 361 -13 -95 147 9 -622 152 97 114 -146 -70 -101 479 -353 -78 -153 -211 -192 -152 30 46 -154 -324 273 153 -174 51 321 14 21 -33 -383 -78 108 70 296 57 118 93 -107 -82 -94 -212 111 -54 210 108 -20 -309 -293 -83 -25 -120 38 283 -250 21 226 -76 -17 195 178 87 128 -318 27 -50 -155 59 -411 85 -291 -153 393 18 10 446 -45 -290 -86 -259 -160 85 131 89 104 -66 111 355 -2]
[347 -420 511 -180 78 481 142 524 -187 1336 -70 561 250 -554 337 627 -119 -374 -182 119 -489 -119 377 120 282 119 93 -241 220 73 -13 320 319 246 82 -152 -53 315 19 -398 -377 9 269 -151 -31 -191 565 210 -6 375 -381 -283 122 43 -65 196 -274 -91 109 95 -214 23 59 -499 227 -58 -180 -69 -164 -121 -156 371 -116 -235 -37 98 -96 -299 -159 25 -311 -213 -280 443 -180 266 -153 331 39 135 0 -273 -74 150 -144 90 -208 -20 357 -90 -132 104 -306 292 159 -38 -5 -38 -267 -76 280 214 134 54 46 193 -55 -251 -2 223 -21 80 -240 -299 216 -93 234 -58 171 -103 -265 249 270 -41 350 19 191 82 -342 -155 146 43 394 264 -208 -17 107 5]
[259 -306 -255 45 357 9 153 944 -27 -924 -175 -478 -335 -101 -53 399 316 69 -311 -1 -249 -387 77 -89 310 -397 173 -194 -193 63 141 64 -249 -525 -149 46 201 -52 -344 -82 -261 -452 -163 374 149 -3 -33 -50 -154 -400 -327 -340 -337 226 45 286 -304 -1 80 -136 253 -19 78 129 93 36 63 29 -179 72 -170 235 21 54 325 198 -40 -54 -49 333 28 0 106 17 186 -414 -289 -167 -27 59 -38 300 191 -161 -411 -129 -89 150 85 -66 262 -192 153 333 -116 -212 17 -82 -64 -7 -57 416 135 -81 189 324 -72 365 259 115 -137 -147 -33 223 -78 213 81 -144 24 219 17 -9 591 -93 -128 79 1 -185 141 -18 -34 29 29 -57 -108 -225 92 -1]
[18 -115 102 388 1232 -264 -420 622 382 404 286 -626 -198 -552 188 1 -248 242 -420 -434 -258 -142 272 -35 -78 -190 -113 47 -71 -170 77 -90 55 20 -42 111 -75 11 -52 195 242 -49 -111 -456 39 -116 -94 -92 191 -223 78 -166 -53 -38 -101 -25 72 88 -391 -255 190 230 115 -220 1 39 -113 52 13 36 -221 93 -45 -189 51 83 -83 -345 410 151 111 -39 -31 -230 -141 147 -215 265 124 -145 162 -122 125 65 -19 353 -123 -36 411 44 -229 446 192 -260 122 -118 112 -33 85 -54 64 8 36 256 175 15 28 151 -146 365 -113 -134 -130 187 -176 292 40 8 -21 -76 49 -234 28 -9 64 39 275 -1 -481 63 -24 -41 -52 43 214 164 -10 1]
[410 -1403 225 172 617 -77 179 -1100 285 472 -48 -244 -608 -112 368 -338 -129 -231 271 261 -76 136 -486 155 -97 -239 -305 -448 137 150 -510 -315 -525 42 -139 -96 -204 -291 -154 31 -519 -57 170 -85 202 -302 551 431 -2 130 -78 -26 103 160 -51 162 385 -210 446 245 -352 -173 -15 -149 -155 70 54 -9 114 -494 27 -444 55 -31 64 -120 -404 -39 -268 -240 -188 -117 209 -247 467 116 77 39 74 50 40 -42 -259 83 519 -103 80 -100 -425 85 73 -191 -286 313 420 -162 100 -166 7 122 15 -91 107 -32 22 -363 233 -190 -181 -39 94 -55 126 209 284 -416 17 -444 87 -70 -279 575 210 -309 -38 150 -137 -187 107 111 -273 12 107 209 43 -301 204 2]
[297 -605 444 -282 -31 -513 159 -217 -250 -1276 261 349 510 -336 333 -282 -19 -87 -24 175 -110 146 641 114 254 471 22 243 78 114 328 32 276 96 -47 -177 25 9 51 -158 13 -61 -40 -151 153 79 -56 -376 246 -97 -16 147 98 -149 139 -35 34 108 -289 -190 166 24 334 355 -79 -231 -208 -84 19 98 -122 290 -149 -191 -18 2 204 -15 -31 149 231 -137 -119 135 -159 -167 -10 207 273 148 46 72 186 -274 26 253 -43 165 319 -198 42 146 -6 -326 120 131 268 61 -53 -226 205 145 -141 223 101 -98 65 -235 236 -135 -206 -69 250 -123 49 136 34 210 252 367 203 -415 -8 195 -9 -23 -102 54 -254 161 163 -52 70 164 296 112 -36 0]
[-153 896 54 -35 33 654 327 -513 -31 639 426 143 -165 178 425 20 27 391 -257 -305 -446 -393 162 57 82 -4 175 212 -76 221 -165 -447 -243 -426 553 353 -87 75 -6 79 350 103 -58 -247 -15 166 67 -153 -110 149 79 -217 -348 -216 -247 -223 0 -28 -144 -28 261 -59 213 132 -121 -268 184 189 305 -111 308 -185 -195 -168 -145 -453 -172 -141 351 199 282 225 -16 -7 -132 -125 -237 -61 -3 -24 110 185 59 41 -158 -35 58 388 -86 -37 -66 341 300 -69 -284 -80 -40 238 91 189 -145 -83 -25 74 -8 30 42 159 155 -88 -124 -137 110 153 -223 259 -312 -334 -91 12 19 139 -99 -84 110 240 105 -159 -205 -28 107 -54 119 196 -220 432 36 -2]
[222 856 -92 231 848 -81 -353 -134 372 -985 -457 146 53 -170 228 -33 322 82 47 -141 398 2 37 -145 82 -389 48 -66 -1 -43 38 148 -204 67 3 -121 87 124 -265 -57 -276 -70 -85 45 98 -42 -250 155 129 -92 -141 63 -136 -110 159 -66 188 75 123 77 -344 17 -246 -188 -132 1 -201 67 -105 -115 -93 47 -40 -274 -152 387 -7 -88 -18 19 106 -23 -283 -171 -85 17 168 218 303 -41 -272 -106 -227 93 52 -63 284 -27 -298 69 -26 184 -7 -79 216 -116 108 -168 0 -62 63 -131 282 161 -34 -172 35 161 -87 -98 269 59 43 -19 59 -209 122 -251 7 13 -8 -31 222 -52 127 -8 125 -167 -29 175 206 28 -24 55 254 -16 -48 2]
[-162 629 262 -163 707 -258 -204 250 90 -418 -209 -169 -350 171 111 84 540 -6 -547 227 48 -230 69 314 208 -224 -344 -280 -293 163 -4 274 47 163 -55 -283 122 314 106 -147 -377 -38 -186 -113 254 -247 389 212 -31 79 -129 202 -97 164 -73 -68 -23 -173 73 41 -124 90 351 13 -95 -49 -41 4 -39 -36 -223 186 -145 -24 -130 2 111 -214 -30 45 -43 -205 -163 22 151 -34 -124 -36 -26 285 -136 -11 268 7 49 274 307 86 125 79 298 -111 -130 -282 305 -76 226 -276 21 26 -60 30 -142 177 -49 -266 -7 155 7 -506 -23 53 69 25 139 179 298 -77 -46 -67 -101 -93 140 -200 -20 34 -95 -275 118 122 253 -48 -8 230 -5 119 262 4]
[-91 744 102 627 297 -201 -64 -10 190 894 -314 75 -368 -99 -276 -115 637 -552 -249 -74 307 -250 -41 67 -5 -362 -290 -334 -19 -204 -167 -145 -36 286 -183 -1 -6 -39 -46 -117 -197 -142 278 -229 -116 -209 219 65 -298 -183 -139 95 137 -113 -48 -53 155 -297 311 -106 300 -185 362 271 -136 -3 -119 20 -3 -170 -109 -313 137 34 -243 -493 -94 101 -167 -29 -223 145 194 -126 120 -96 41 -135 -188 36 -95 -17 139 -199 460 -208 96 11 -525 -30 167 -30 -110 236 106 -122 37 -79 -42 219 -126 -4 -114 148 -59 -342 70 -98 -120 88 -208 -191 -78 235 26 -255 72 -7 -58 -31 -289 -126 -328 -161 75 246 -40 -114 -113 20 -188 -195 89 -43 -47 64 -2 2]
[-380 -603 229 -236 178 74 35 -272 -187 963 -295 -721 -261 394 583 5 -92 327 -323 -258 3 -145 145 80 -118 139 172 -161 -336 114 -441 71 -146 19 339 535 -150 211 -96 279 939 -309 -262 -41 -169 -55 -318 -26 277 -217 -99 -97 -451 -31 -131 -137 603 407 -333 -108 132 -35 284 210 -160 -105 -83 -107 -65 5 52 -281 11 57 -109 192 258 226 559 610 68 -73 164 -439 52 23 -355 -401 -293 178 280 282 177 148 119 21 -92 66 -212 -205 168 88 435 -34 -403 -238 165 39 -306 90 39 -111 379 -63 150 342 312 272 -11 278 309 -101 -127 151 -193 140 -25 -557 -240 -71 217 -101 334 6 305 233 32 -94 51 -72 6 -384 -253 251 2 215 -313 2]
[-473 -857 -347 60 -657 19 72 -672 -491 -408 -379 327 -34 -288 599 -254 -267 -244 -295 -76 145 407 -193 -627 -36 -117 388 324 -288 -113 -103 -53 -76 15 -167 -118 78 -9 101 -263 47 584 231 -218 -18 -140 85 102 -119 130 105 -271 354 -57 271 -113 -385 -44 -163 263 -260 -131 218 36 7 171 -259 6 375 -178 -199 52 -335 -164 -171 -4 26 70 188 -144 -78 49 -290 61 -237 -202 -175 -41 -117 -172 116 -162 -52 189 -229 98 205 -302 368 157 114 209 149 98 -330 45 237 111 227 151 224 -432 -39 -7 108 -290 -375 82 7 6 21 197 -96 -42 138 73 -406 199 32 -251 122 -31 -256 -449 -84 276 290 280 -84 -146 -254 50 56 44 -254 -3 99 -2]
[-26 131 200 -447 -892 -93 362 -891 -497 339 325 264 -59 127 260 281 -555 393 -18 5 -140 42 256 54 -52 77 330 3 -158 63 -141 -165 -279 -304 48 -22 -384 -170 -52 27 260 106 14 64 94 43 -61 -65 230 158 113 -201 -156 99 23 86 -126 206 -259 -48 -131 288 77 -242 -167 104 90 142 136 -3 265 54 -137 -63 206 304 -9 -84 44 -94 63 26 36 -28 -106 -37 -161 182 161 -151 238 144 -218 100 -356 227 -39 -176 409 -96 -128 -9 168 -64 -58 161 52 0 59 18 17 -107 118 -127 231 283 -63 -36 245 319 163 -69 25 -163 -122 249 -44 -220 115 -129 65 170 119 160 10 -151 90 221 -331 58 -70 6 -66 61 166 -27 138 0]
[72 974 296 -292 -1348 252 494 -96 -995 1200 -841 38 179 -90 195 376 356 -191 375 462 -311 -184 -151 395 -46 174 -49 -22 378 -96 -55 643 -64 461 83 63 -83 -263 -97 -250 -423 118 91 166 -380 -232 313 53 -226 -40 -189 -103 103 139 -85 140 23 60 393 173 102 10 -14 27 228 -178 -120 -95 -363 115 -32 -67 129 -92 -117 -127 -53 289 -127 67 -480 -238 162 -111 117 209 243 -49 -58 222 -56 -138 -77 -78 207 -256 -138 -164 -167 -27 -69 77 -441 251 275 32 -265 -341 -248 131 142 34 31 127 -142 60 488 -237 208 198 73 -61 -182 -112 233 -229 123 -124 -30 73 -99 -2 26 -602 -128 -83 -14 48 -77 -210 -292 -395 278 34 52 -205 127 -2]
[104 -996 16 15 92 137 231 -93 -62 -647 6 401 -397 513 -664 327 -258 491 171 451 81 -258 -55 69 -347 -251 -91 -279 270 411 -319 -229 -77 -369 130 2 -169 57 -3 75 270 -183 -110 -4 245 164 -26 -181 32 390 247 -200 -63 128 -288 298 -211 -75 -59 -244 -72 -81 59 -277 -478 123 620 130 74 -101 186 -270 137 236 268 219 -374 -274 -96 -326 111 217 117 75 147 -132 -243 142 169 -351 230 36 88 229 -291 -49 -282 132 23 -230 -331 -521 124 -138 37 124 -66 353 323 65 -63 228 -259 -43 -164 346 -369 -9 38 220 -235 -23 199 -10 -137 24 73 -174 61 -285 76 356 -105 400 131 -637 52 62 23 -152 225 -15 -146 -162 -231 301 419 4]
[6 -1384 -251 380 -641 246 -7 122 -304 -533 -78 137 -537 146 -159 -284 400 -262 -50 87 373 -391 -103 407 -222 -13 -242 -434 573 -223 -184 -44 6 432 -110 -318 297 13 -210 164 -255 79 -131 310 30 57 9 114 345 -41 161 115 -59 -139 -73 -35 309 -321 358 171 -223 -409 -554 -260 -188 217 97 82 -152 -275 6 -302 82 -14 39 184 -281 -15 -570 -536 -71 -340 -3 -134 302 198 413 276 202 176 -75 222 -166 64 351 -206 23 -141 -562 -14 19 -289 158 156 678 -192 -270 -199 26 -74 -54 7 192 -219 -40 -140 288 -30 -306 -69 -118 -83 310 119 -222 -275 460 -363 148 11 -446 196 -141 -11 7 -238 -274 -226 212 136 -7 18 70 -166 124 -386 -47 -3]
[-263 -231 446 122 665 561 54 638 307 632 194 567 40 -250 -165 301 -235 -457 -469 -585 140 -297 565 -246 -77 206 19 84 -59 -205 -37 -31 264 275 -76 -76 273 122 -94 67 207 157 134 -111 -296 264 -238 -133 -86 -177 396 -144 1 -284 -93 -372 -9 -153 135 65 196 -201 199 -267 95 -142 -197 -177 240 -139 -189 -28 -175 -18 -320 -287 198 72 206 -291 174 131 -165 172 -167 41 181 -169 -297 100 -99 152 49 82 70 50 45 139 -286 -104 183 136 145 -35 5 0 -263 53 -47 2 -69 -259 -104 -131 -183 -16 -24 -137 67 32 -189 60 -138 170 -261 130 -25 -183 -11 -116 124 -243 -174 -173 185 -206 120 -36 258 -142 124 -137 -61 21 -64 172 -290 3]
[-382 985 -335 -56 1373 166 -84 1609 324 -47 -163 -86 85 -235 300 -733 77 -24 107 -208 196 356 -280 -66 -291 -152 -299 -12 61 -106 -324 -184 -322 214 115 50 80 175 163 -110 -41 181 -173 -154 257 -34 140 102 251 -61 40 166 103 -45 83 276 390 -60 -41 -39 -471 3 91 312 -214 6 -244 -19 -4 -166 23 -52 55 -308 -7 -23 -54 18 164 184 180 -206 -32 -268 -112 178 146 -60 47 146 -89 -268 -167 155 89 -80 200 -193 11 8 -46 118 139 -89 289 -19 313 -91 40 -17 287 -365 17 105 -8 -213 261 214 -334 -49 111 -76 201 46 69 -136 -342 151 -176 272 -118 -5 -60 -82 -66 521 13 -207 -182 70 -52 317 165 175 156 -105 -145 -5]
[-168 -576 -14 -232 503 96 -65 329 -158 -180 171 -60 -208 289 -37 422 -320 123 -42 30 21 98 -629 303 -111 34 281 -144 -146 -108 -204 -176 5 -373 -170 13 222 156 -121 47 -194 -187 33 387 37 -140 127 230 101 57 -251 49 -93 409 180 193 -140 -21 164 222 -381 86 -572 -653 384 287 -324 -213 -171 -353 57 456 -256 95 44 315 -44 26 -87 -53 -433 -286 15 242 -102 362 175 114 -38 28 -294 145 -345 356 -196 61 0 -73 166 115 -129 -147 -7 362 45 -138 -247 -431 -339 -187 -44 269 354 -293 233 391 -138 61 102 -95 316 -2 -188 -196 42 18 216 -198 99 -236 -137 262 437 13 -21 -238 -266 302 53 -72 288 212 35 124 7 -326 87 -3]
[-61 1127 -118 -484 -744 -328 240 -1196 -321 228 -163 18 568 -486 436 -685 501 -137 -63 -53 -32 -11 -101 -164 202 58 240 274 -202 178 -253 493 -1 -82 -153 10 -133 -10 -40 -264 -173 66 -92 122 -126 86 138 -101 -163 -221 -89 -266 -17 25 178 57 -131 28 41 -29 234 187 151 448 26 -178 -228 -92 -186 423 -339 265 160 -420 51 -128 124 175 414 449 -45 1 7 23 83 -318 22 -469 -88 -21 -103 146 141 -52 -102 -129 111 96 218 -165 359 170 -192 3 -159 129 346 -154 -17 9 -73 34 175 149 -162 -162 302 205 108 -30 252 -176 -95 1 125 4 -105 126 30 425 238 -498 34 -653 -205 323 -124 -131 42 -73 128 15 46 148 -79 -188 94 -2]
[-613 -17 -358 244 650 107 482 -542 -374 -447 607 -38 35 147 146 291 -394 547 981 320 -390 275 318 288 219 -151 507 502 167 -23 90 -116 187 -229 -88 175 -40 -301 -244 144 -141 100 30 -89 -192 202 -136 16 -135 94 215 -93 218 -164 -136 -57 -333 61 -133 281 294 31 25 -159 126 -112 250 -52 73 -89 55 -144 -101 -49 -306 -75 52 -188 -8 -407 -18 245 -1 103 82 185 125 -9 -30 -387 26 29 -93 -8 -18 -23 -272 167 -66 128 -297 60 -279 183 -22 176 -10 149 351 60 -63 413 -173 101 111 -116 -296 -373 159 -42 212 237 89 -450 42 -99 194 149 18 -233 -248 -21 -286 -62 71 -286 -127 20 -209 -110 -34 -121 330 -74 71 52 462 -1]
[-95 -801 -34 174 383 -187 -694 35 797 -491 -116 405 412 -163 -772 90 72 -109 -348 -435 -261 -193 758 -120 451 -141 -387 21 -72 -18 558 -67 56 -441 -200 -82 444 182 -249 -29 -78 -450 115 46 54 99 -83 26 188 -68 -212 -66 266 60 191 98 0 -76 101 103 -164 350 72 -82 -56 57 95 7 -27 165 181 342 -50 139 162 109 -8 -166 158 3 -137 115 130 154 -132 -138 -153 102 282 -27 -205 -248 -7 -197 -427 191 159 65 206 153 -67 410 51 -238 97 153 -124 -19 -67 -228 -201 30 -94 69 284 317 -151 90 434 -133 -29 -83 -204 -29 100 61 20 105 39 -125 -18 79 -47 166 122 -65 35 50 -314 -164 220 29 -15 207 238 408 247 3]
[387 -1179 -186 379 -1285 350 141 930 -44 6 -198 19 -562 -178 315 -273 81 -142 -7 -184 335 65 -441 38 -261 -182 -134 51 -283 -315 -286 -294 -184 43 -98 -73 -314 -220 210 -9 -255 575 40 -5 219 53 105 243 17 79 224 354 -188 -427 171 -187 196 -210 35 6 -288 -442 -113 5 -34 172 -283 231 248 -464 176 -252 -340 -480 -222 -35 72 -73 -91 -196 62 -202 -77 -229 74 236 177 109 413 -23 -111 105 -270 218 247 140 355 -278 -143 195 -199 6 370 14 193 -178 441 29 23 20 57 -103 258 -10 43 -711 215 116 -475 -552 359 -130 186 36 13 202 -133 -238 -193 -222 -98 159 -162 -161 -290 158 60 -49 20 386 66 141 -37 111 104 -174 -195 2]
[449 571 308 242 255 161 -150 168 -254 -993 -82 198 -388 -667 -565 605 22 5 120 112 -412 -121 -273 129 -89 -94 -209 -129 299 -153 223 49 69 0 -292 -36 -42 -152 -113 125 -272 -260 229 22 -231 -30 98 63 -166 9 -77 89 -48 45 57 -167 -384 -32 265 88 241 42 -229 -341 182 165 75 -17 -214 -22 -6 105 -44 84 83 -72 -134 -47 -149 -212 -259 59 168 7 205 186 -50 -82 37 -234 -150 39 -108 -165 150 -42 -155 -225 -251 -133 -177 -36 -228 264 91 -45 -271 -140 -179 41 -139 464 -59 114 -20 31 -75 -149 4 230 -76 -34 -148 -107 123 -68 337 -9 132 -169 -57 270 25 245 -85 -271 -32 56 -181 -191 29 -234 -124 -178 -266 213 118 -5]
[-567 776 206 110 803 -281 193 -340 -406 -104 -524 -117 405 -110 298 238 -13 77 18 -303 -250 15 -174 -214 -259 -114 27 207 -130 -126 105 121 72 129 119 141 -524 355 394 -129 -100 58 -51 -419 -26 -132 -47 -210 -42 73 244 -85 -141 179 -144 -2 -297 418 -234 -51 -75 170 276 211 100 15 139 127 24 3 -92 118 -111 -16 111 158 -169 -330 404 90 223 -125 -372 -10 -226 -79 -387 -16 -36 44 248 -371 -187 -154 -165 281 -23 -255 198 4 -135 -26 -327 -182 -81 151 256 -59 -69 560 159 -221 -671 190 113 -61 -323 204 188 471 -24 -48 -76 -27 -164 280 -166 63 -111 -277 317 139 -181 233 -223 43 431 388 -328 -82 -160 12 69 10 -187 276 380 -4]
[-155 -379 417 111 -407 -435 -143 881 520 -486 -72 -91 243 989 -84 537 861 -512 61 122 -298 -189 -27 -23 -34 198 -509 -335 457 67 1 356 406 469 -148 -10 73 294 -236 -102 -79 -500 111 -295 -101 -37 69 -464 44 -335 -77 15 -160 156 -184 -139 170 15 217 -59 414 58 -104 321 160 -205 60 22 -382 136 191 20 259 164 117 -26 -160 171 88 179 -305 -13 14 198 63 -76 -192 -137 -46 329 -56 -399 255 -394 473 -96 -110 197 -412 -215 229 195 -174 -211 136 15 -206 -155 -285 -76 -185 59 -335 523 -111 26 53 59 221 244 -18 249 41 158 -58 -462 12 -96 124 198 71 -72 -252 36 90 26 -273 29 -28 -193 137 -422 18 -44 -96 11 11 -8]
[603 -381 435 -20 497 28 222 -82 635 345 642 337 275 -682 -100 165 -396 18 -113 66 -339 204 132 -156 -57 108 -160 159 179 214 -149 -238 -449 -184 75 -52 -169 -223 178 168 273 139 35 -159 5 9 93 -68 -26 105 40 -119 -151 -168 -285 -152 -194 39 141 -24 145 254 183 -56 39 -163 -45 -26 119 20 185 -121 -66 23 31 -354 155 -190 180 283 32 147 -127 -119 32 40 -85 1 -6 -148 65 204 124 147 82 124 -52 0 153 12 -250 99 -178 -239 -44 59 57 95 264 -123 14 41 151 84 -292 -304 95 -149 -55 -98 80 -56 106 39 119 173 -100 -210 119 171 287 155 96 -48 22 43 306 -249 -52 -23 96 -27 -184 -73 -19 134 -246 10]
[153 285 -448 -534 102 12 -64 -207 -796 1080 -37 -328 -364 -99 520 -232 -326 261 -19 -67 -13 -138 -158 148 -49 191 278 156 -316 -26 323 114 271 51 341 114 -322 10 237 80 240 70 -114 34 -166 173 -186 30 -53 125 -31 -51 -198 -189 182 -249 142 323 -453 -25 147 -87 4 112 -52 -78 72 161 2 111 -177 96 -21 -39 -45 140 149 124 48 37 446 -84 35 -219 -24 96 32 54 -26 29 165 182 -50 -150 -51 98 -61 -23 36 -109 164 -148 162 44 -186 4 16 233 -148 48 115 91 153 -111 161 126 174 -55 -116 78 -24 -31 28 -247 126 163 67 108 77 -40 183 71 206 254 6 -28 90 118 -9 130 -91 -202 -136 142 -149 257 -76 -1]
[297 44 274 -539 900 -250 -383 53 -450 691 -293 -15 13 59 34 1057 102 -149 -616 -79 6 -105 -190 -56 192 -143 -17 -98 53 236 60 -52 90 -283 -106 -165 43 7 -49 -305 -242 -200 11 186 286 -24 413 -70 -193 332 -395 -28 199 466 266 517 199 -235 19 -164 -460 116 -209 47 -105 259 -197 18 -90 41 -134 277 -65 -151 318 73 -98 -94 -331 -89 -356 -159 224 263 25 -55 335 186 232 155 -43 -192 57 326 -283 -262 -180 89 288 -91 34 -257 73 -42 64 133 -183 -5 206 -65 73 20 199 -136 151 362 -70 -26 148 -113 -13 7 -25 -51 387 -122 86 109 -86 -60 -88 108 163 -129 -116 -21 43 137 86 -77 114 335 123 -15 101 -285 168 1]
[310 -482 789 -567 205 359 267 -1446 23 405 -29 416 -36 -150 -214 446 -422 -261 -114 5 -61 193 24 -153 19 42 267 185 105 38 163 -239 -239 -23 -60 -97 -20 99 -2 132 -41 281 80 -136 72 226 -99 -186 11 181 164 -54 20 -224 -35 -31 -38 127 453 41 -115 -17 196 -29 -24 -85 5 -143 -23 -143 125 95 7 87 -222 -376 149 23 176 64 119 73 39 -76 -20 104 147 88 -46 -114 -64 69 -138 24 56 69 -64 -140 -21 -90 -50 309 -250 -57 -131 93 -99 189 -80 -87 68 58 -202 169 -195 -71 -55 -121 270 64 150 170 -99 -92 122 -209 -436 288 -16 -44 231 321 -212 84 59 -17 -88 39 -26 -56 177 -15 -40 214 -85 216 -17 3]
[177 -616 -104 -244 -256 -676 -320 -469 34 -270 -260 -139 30 350 78 -739 9 107 -657 -384 25 -214 521 -169 348 88 276 251 -70 394 -152 182 115 114 125 213 45 76 -171 -196 191 -214 -33 106 -4 164 -152 16 -156 -92 135 -313 -132 260 -3 1 273 201 -251 -139 392 -102 376 630 -293 -250 -127 -39 -101 294 -441 -210 66 -22 93 245 -94 253 -37 243 468 125 227 -196 255 -275 -141 -299 -29 42 131 112 253 -212 102 -94 -108 346 -447 -327 533 -145 2 -23 -161 -54 -97 111 -75 -103 -153 -110 58 -68 32 199 3 59 228 -76 215 -92 130 112 104 -170 10 -286 36 163 79 -20 388 -83 91 188 -106 -35 299 -12 -47 -85 -207 203 66 335 -94 0]
[539 629 -137 80 -581 535 -37 -1163 20 -3 416 123 -319 -200 -30 63 -417 99 135 50 151 -13 187 249 -268 -39 -44 -30 296 195 -256 -469 -64 -135 139 96 -199 -282 -118 373 146 262 -96 -118 352 100 -97 -154 248 230 -11 10 46 -254 -79 359 380 -259 -137 -49 -359 -259 -180 -48 -445 152 214 25 5 -208 252 -450 75 -120 -184 -12 -7 -256 -421 -186 -85 -122 157 -286 318 402 673 131 224 -163 35 102 64 399 276 -271 -140 110 -176 90 -297 -297 204 273 169 132 -272 246 463 -54 156 29 15 -96 155 -252 52 -241 -451 -61 3 -129 287 -253 113 -296 -82 -26 -105 -70 -319 126 -271 -107 23 195 31 16 -24 317 4 160 -118 38 309 -177 -80 -6]
[264 182 437 -36 -1196 872 262 -274 -148 4 -104 156 509 -141 -270 482 218 -494 459 -4 0 -385 -66 99 -247 215 -495 -259 433 -144 36 91 316 211 -219 -81 313 360 -67 15 -304 -162 48 -218 25 145 132 35 117 -50 -156 20 156 3 -94 191 -63 -287 391 77 30 -59 -109 38 12 -49 279 -103 -293 33 66 199 142 259 2 -227 -162 -216 -83 -102 -190 -259 -162 260 24 149 2 -78 -144 -153 -291 -275 67 -131 -49 -274 61 -123 -22 164 -280 -32 -330 380 363 277 -19 -111 -106 -40 -73 160 -451 58 2 -238 -53 113 -5 -14 -341 35 -78 120 -164 -43 185 473 66 245 -79 -141 -425 115 4 -174 -239 -1 71 -18 93 -30 205 -30 -200 -74 232 -1]
[-47 29 -377 686 -749 -279 -156 -556 664 -1110 23 -272 -193 279 -213 -24 252 -7 83 -223 70 -66 -398 33 -362 -194 -304 -433 432 -119 -113 -243 -2 174 -5 -44 -100 216 20 64 -262 -249 173 209 -56 127 280 131 -112 -242 -5 -57 -145 154 66 -207 268 -58 137 97 71 -167 -317 -117 16 146 -59 124 -46 -186 134 -197 -187 52 18 -114 -376 87 -190 -199 249 25 255 -125 127 133 -232 69 -26 122 -149 -159 -297 -238 148 -208 167 -59 -700 12 15 41 46 45 -18 -303 -194 9 -160 101 -384 60 16 -33 26 28 190 98 126 38 103 104 -23 180 -28 -237 24 -108 -211 -79 -9 428 89 399 87 -24 40 -91 146 -169 -173 -89 -67 -53 -120 200 -87 7]
[92 -124 -125 -15 552 20 255 -855 -1293 8 173 -42 -110 179 359 389 119 9 503 140 303 -150 -25 283 65 -21 228 66 -69 -307 36 47 403 -13 -216 -110 60 -261 103 105 -57 109 170 365 -203 27 -63 -98 -67 180 -20 212 246 -146 148 0 -90 -147 -64 3 256 -358 -244 -169 218 177 -48 16 -39 -78 47 57 -99 -109 -251 -87 348 116 -129 -276 -295 -285 9 253 79 -103 377 -194 -238 -87 -39 266 -112 40 237 23 -90 -15 -131 74 21 -296 15 624 -196 106 -3 -25 59 420 -57 252 118 -245 79 -125 83 -123 -141 173 -41 -74 -46 -88 -115 29 253 220 17 -104 -264 -401 -295 -281 -283 -48 -289 318 266 -48 -135 -91 228 -143 -1 -319 160 -1]
[-131 -736 66 161 -270 204 93 447 -577 -785 -314 -238 438 -370 258 135 409 62 -278 -116 -275 31 428 255 54 287 -254 186 101 -11 237 417 360 449 -26 204 -19 64 113 -138 -195 -174 -111 37 -12 15 116 -252 -87 -443 -245 372 120 188 193 356 303 125 -304 -209 108 -20 188 505 102 -112 -293 -21 -79 195 -218 124 -156 -204 13 -102 162 175 45 278 -36 -257 96 -9 -50 86 108 -238 237 462 -54 -107 98 -300 68 -29 2 128 -67 -67 122 -27 -17 -226 145 -101 172 -146 -151 171 188 -32 -187 100 41 -106 169 10 -91 -191 10 -101 -34 -20 186 75 7 172 -257 149 72 -336 35 -195 -163 289 218 -37 -66 -102 -141 108 86 52 148 6 -94 3]
[281 530 -464 181 1122 -527 125 781 -64 -685 -122 -164 -273 -310 203 15 -40 -4 277 160 143 5 -306 -137 -171 -374 -111 35 202 159 35 -65 -103 -377 41 -117 -417 -75 -20 -88 -395 -395 -34 -152 138 64 -99 -139 -153 -174 -53 -147 -58 -63 -17 -32 -143 -61 -185 -21 186 58 132 278 -406 62 255 155 -88 -33 -213 -87 100 77 195 -135 -225 -238 -225 88 173 293 143 -273 255 -69 -225 253 224 -91 60 64 -43 -260 -7 -4 -177 155 -72 -13 53 -42 -212 -143 -119 -18 139 260 58 24 -248 392 -176 239 89 -184 -28 -136 225 56 -108 -177 247 -14 152 -83 87 235 76 -44 115 181 50 142 -112 -154 88 106 -265 126 -31 -124 -175 120 64 243 289 8]
[491 537 244 -410 -97 451 81 -268 -98 678 569 335 -267 -543 -206 -179 287 -170 -492 218 -131 -73 -34 375 220 184 191 -316 237 176 -46 -195 7 -151 56 8 119 -266 -137 21 -158 -147 36 477 184 0 145 122 -71 314 -243 -49 115 367 96 312 180 -180 135 -86 -271 8 -258 -196 2 -149 -27 -265 12 -49 135 105 25 15 -7 -58 -134 148 -264 -156 -289 35 197 75 53 82 442 60 177 189 -67 302 37 270 15 -431 -22 244 -137 -215 98 -226 -33 208 105 -30 -411 -222 77 -322 44 135 302 -240 41 431 -49 -332 11 -187 -16 -102 -35 -157 91 -179 188 -195 182 192 -311 122 269 -170 128 100 -25 -38 14 31 41 119 24 3 168 -166 -139 -1]
[-636 -128 -182 214 -790 220 278 -1218 -275 221 -690 177 328 769 -505 335 321 -464 -105 -6 13 -311 -276 258 -321 -107 -197 6 -203 -178 -143 -213 33 -177 -257 155 5 109 -138 55 177 -101 19 18 -248 300 -393 -158 25 -161 38 42 -38 -50 -144 108 70 -59 479 -57 94 -139 -83 195 87 78 253 51 -165 -57 363 -57 264 387 127 -62 -62 90 165 41 -176 102 114 0 -70 -120 13 -181 -82 -187 -279 22 -67 -3 -71 -17 128 -178 -327 127 -106 -143 51 126 -174 7 -74 44 -132 180 -163 79 -334 -243 -45 8 -28 291 202 51 174 -174 -17 109 -342 -236 -233 61 -117 -49 174 162 -383 163 -120 41 -304 49 82 -96 56 201 87 -248 -260 -144 146 -8]
[199 -988 256 286 159 191 -172 564 815 189 -117 -134 94 -820 -4 170 15 -324 30 -424 47 -206 -135 -131 -34 -264 -146 -130 196 -265 -101 -106 222 -206 5 174 -47 108 64 101 -287 -161 5 -5 26 28 -221 -12 250 45 108 -234 32 -112 195 156 174 -181 102 116 -373 80 -361 -198 203 -125 4 -239 -108 -156 82 58 -89 -334 -93 70 -17 -331 254 9 -43 54 -170 -178 28 314 191 135 69 11 -117 -169 -234 312 72 -171 79 -21 -175 251 -223 157 72 174 147 101 -138 -9 -63 -205 -162 203 104 16 305 77 -96 138 140 181 174 -136 -198 -141 -86 -59 -29 4 -143 -186 -102 -8 -195 -91 150 -253 102 133 -134 27 63 -140 90 277 86 -9 132 11]
[159 -1213 358 -8 -164 95 -8 471 56 889 5 572 -296 238 -660 598 179 -103 -77 105 -204 -392 260 216 50 35 -102 -40 106 -151 269 245 384 76 -188 -14 -113 -295 33 228 -81 176 167 201 -160 112 -228 -376 -54 55 235 22 -329 -53 37 -103 -225 -159 94 -44 233 -23 -172 -304 463 1 142 24 -115 13 374 -182 36 61 -192 -138 118 -84 -174 -107 -190 90 91 189 83 308 164 -114 -12 144 -44 70 93 -9 259 101 -75 148 -266 186 45 -180 -115 108 0 41 -581 -105 -215 76 -261 205 -175 154 197 -146 23 -68 151 22 32 -19 -177 -156 -203 -111 -6 -252 20 -379 -26 -147 -325 -129 -108 -322 -251 225 -34 36 132 -70 21 -33 -26 -109 43 6]
[-194 -504 -383 -231 465 -236 421 317 -627 -829 -76 -186 -421 253 242 -191 43 8 211 457 197 42 -217 228 -151 -50 428 -86 -16 -87 -295 218 -251 372 -295 -107 -83 -381 -152 -22 -151 209 28 428 -55 -109 -15 159 -63 -116 96 -70 -30 267 13 -45 109 -5 150 179 61 39 40 180 -68 47 -127 -32 -159 128 6 -230 257 18 -35 243 17 468 -216 -100 -206 -96 361 -205 309 -86 83 -238 -216 8 72 229 54 -92 129 -228 14 -257 -167 -272 344 -247 26 294 141 107 -127 -99 -18 -121 -52 -164 263 -117 -27 37 154 -86 -66 -28 263 196 64 -96 238 -144 179 -73 202 144 -303 22 172 -349 -248 42 -263 48 336 57 -345 -282 -77 -83 186 -356 -136 0]
[303 493 -417 556 201 -196 226 -181 416 -861 104 -181 -359 62 -38 145 220 239 -152 -232 81 -284 -320 77 81 -409 160 -132 93 291 -426 -123 -157 -333 -92 240 -275 -136 -88 179 -401 25 122 76 272 -159 413 106 -182 -29 -72 -110 -272 88 39 -6 123 -240 94 122 23 -11 -55 -33 -219 10 -43 197 -85 -251 105 -234 -67 -131 -4 -195 -81 7 -85 108 -300 8 162 -371 399 278 80 -291 74 86 -134 312 -33 -43 344 -274 223 183 -299 53 132 -133 -1 63 42 -124 -85 -307 24 -32 -344 180 554 27 166 -452 139 96 9 -265 240 -209 73 101 146 -130 208 -447 104 -47 -213 229 -49 -470 -57 6 -260 -78 -33 41 191 -198 -115 272 51 -109 162 -3]
[-86 272 -10 227 181 -39 79 373 -400 353 -436 359 211 -419 123 402 191 -549 -772 -75 70 20 -85 -134 370 -114 172 177 42 -244 104 -236 51 29 -334 -228 417 -3 30 -377 -249 148 456 242 -77 90 52 151 -148 -24 -330 217 354 -98 562 -191 -19 -199 188 135 -14 -205 -87 81 188 -13 -360 53 367 -235 1 374 -384 -53 -71 -320 51 170 -127 31 -193 9 -237 -53 -161 -188 133 161 222 207 -235 101 -173 -32 130 19 247 -108 -205 78 252 208 12 -31 -206 -188 80 -13 -136 -14 -138 123 221 -254 216 -231 -124 1 246 -419 29 -153 95 118 238 32 -35 169 95 -12 141 201 -103 -250 33 214 59 150 -12 -42 -74 102 175 31 -45 -90 -22 -1]
[48 -807 169 -219 282 -197 -443 330 -842 910 -234 -523 273 305 15 -70 326 -80 -576 -103 193 -175 -248 85 183 -90 662 128 64 95 37 315 104 95 150 197 -232 81 54 -130 -217 226 109 139 14 -185 12 92 -147 123 -119 -262 194 122 -105 240 96 198 26 -18 58 -51 -55 171 86 -73 -245 50 -410 170 -477 368 -159 -157 -26 265 148 134 83 335 -64 -349 -43 -363 45 -29 106 167 22 118 36 195 -15 82 -110 -43 -245 -69 29 -60 23 100 107 42 -289 -17 -38 -152 -64 203 116 174 176 -70 21 199 207 262 462 297 234 -71 -157 -46 -12 9 -39 36 -133 -93 20 64 316 -483 -243 45 155 302 -6 -217 -351 -143 260 122 -4 -148 76 -2]
[313 -489 -418 149 39 -532 -549 -880 657 -460 158 9 707 545 -254 -464 504 -225 222 -52 -323 17 157 -243 98 164 -352 -139 109 357 -14 274 190 175 437 -138 -210 321 309 -258 -117 -286 -137 -79 101 69 374 -34 -8 149 -94 52 -43 223 -110 129 254 -40 -158 -38 -36 25 84 258 -213 110 79 99 -53 100 -20 -73 186 17 531 262 -301 -108 39 -34 -6 -290 64 173 -13 -181 -142 75 86 463 238 -303 -48 -167 -26 -16 -191 73 -172 -139 13 -256 -201 -267 145 -17 20 -2 116 77 -5 -135 -376 -72 -131 -7 204 60 -140 -78 -82 -140 127 194 183 6 274 -30 -21 371 28 174 216 138 -166 143 170 -159 108 -25 -97 1 -6 -87 47 -42 -64 12]
[-44 612 753 -120 -654 361 88 -418 -47 -922 427 -101 79 -205 -148 577 -3 17 -304 55 61 -12 -371 -66 177 4 145 -72 205 -133 -79 21 74 -189 -417 -123 -49 -74 243 -200 -33 -12 270 427 44 62 238 18 -191 202 -121 41 321 153 94 299 -396 -163 175 -328 117 259 -23 -186 244 -28 130 153 60 303 177 358 118 -218 340 -175 219 186 73 66 -204 188 98 467 6 -115 -74 -196 95 -183 -39 -47 213 15 -125 -129 -172 -5 230 -190 -202 -61 17 75 -124 276 82 139 169 -175 -62 113 320 -209 -233 218 -146 108 -133 112 -68 138 -211 -50 164 122 40 272 118 -4 -38 -57 -226 -97 57 -59 129 23 157 -305 84 196 65 -103 -308 -88 164 7]
[851 907 -164 -567 1231 157 42 -329 -49 165 -189 -447 28 641 174 245 54 105 -162 79 38 -303 -290 179 -126 -48 -378 12 154 356 -14 240 9 9 190 171 -14 -8 5 64 -88 -107 -359 170 263 211 -83 15 -60 27 66 273 -368 235 -15 154 488 93 39 -159 12 -237 -74 474 -220 -308 188 92 -267 164 16 -222 148 99 126 220 1 126 -293 -42 410 -164 86 -431 395 90 421 -179 208 49 -216 -62 152 14 309 -347 255 169 -474 -30 58 -552 -78 -118 272 62 -368 -211 99 -109 -37 -36 -26 -155 -154 -104 192 136 0 -322 189 1 410 16 245 -260 26 -56 15 484 267 205 300 -84 -85 -55 -329 -291 607 110 150 -55 -212 58 96 41 -2 -7]
[-438 1091 97 425 112 -527 -597 554 233 343 32 532 236 271 -92 -538 11 -257 -554 -373 256 -53 -66 -347 56 290 -24 260 3 1 0 -46 77 174 -55 124 563 357 151 -153 452 183 249 -358 -191 -222 -55 -80 -107 58 23 51 128 -70 2 -232 -38 -102 -99 159 119 -60 394 368 26 82 -118 -4 148 5 50 -256 -112 255 -203 -399 -8 2 76 160 -24 142 -67 -156 -33 -76 -82 -131 -364 17 -17 -71 361 -124 294 242 65 -12 -375 94 139 148 -176 -153 -90 55 -297 60 -18 88 -203 -372 -324 -145 -32 -219 -154 309 200 -154 -229 -64 -38 223 133 3 -143 4 -127 -114 107 -20 -271 -35 153 273 82 136 11 -77 -144 -19 -137 -9 -160 191 -95 -9]
[-200 -1290 570 253 -44 672 -26 -196 269 -137 314 577 175 -641 -315 869 -290 -123 -196 -185 -455 -137 326 157 -94 223 -594 -9 61 -56 208 94 452 11 -168 117 287 71 162 72 -289 -15 35 -215 81 -112 150 -270 -113 92 65 135 64 181 -53 335 -471 -269 56 -67 -232 124 54 -286 444 -20 43 34 -38 -30 258 98 -59 141 -93 -233 131 -296 95 25 -384 -54 -139 376 -21 386 114 -302 -127 189 -224 -296 219 57 74 96 32 65 77 171 -256 -164 -323 145 262 202 -300 -333 -38 10 76 -140 -379 208 67 -6 -327 -95 -141 -11 -257 97 -181 -202 83 -92 -74 116 -56 -284 -152 -205 -216 42 -18 -26 106 221 -76 -157 259 212 -26 66 -104 94 119 -14]
[233 -1056 -232 -511 993 -214 3 -850 -232 139 -533 -246 -676 264 62 123 -166 54 -21 65 -424 -324 22 -167 235 -415 389 3 136 398 32 -235 -200 -500 -190 105 23 -126 -501 6 -303 -173 -192 25 263 146 92 -37 -36 140 -2 -402 -157 133 272 170 190 141 123 38 90 -207 136 344 -384 -12 -25 -150 -303 25 -231 -29 -115 -409 -40 92 -228 -60 -224 54 144 16 352 -155 469 -152 -33 7 275 -338 18 113 -27 -103 -102 -145 -75 100 -83 -303 390 74 84 250 -93 -27 -75 216 48 -146 -218 483 80 143 181 168 -63 -12 557 13 249 156 -65 68 201 -155 -151 17 -26 118 11 324 330 10 56 0 -403 -71 119 -22 1 -88 -184 269 63 205 366 -11]
[576 273 -394 -335 -191 -416 -464 -233 -180 541 -858 178 19 452 52 199 357 -467 -44 45 -34 -300 -54 -227 -174 -71 -312 -294 42 -9 134 479 106 394 119 -152 -182 35 -36 -176 -237 -28 -206 -170 170 -273 123 -181 -12 12 -121 -129 -268 265 -45 99 359 -17 18 -80 -76 -128 -50 49 -25 210 -186 -76 -217 -80 -308 -139 54 -59 59 216 -259 -144 -290 -57 -223 -497 -39 -3 121 56 164 277 171 317 208 -161 -11 35 213 15 -85 -45 80 149 245 -118 -259 46 212 -142 -43 -219 -108 284 160 -98 -232 89 112 -128 141 119 -134 114 -68 -89 -100 189 69 -35 55 -105 -45 56 -42 -20 214 -430 -265 59 125 199 10 268 -123 -63 56 -22 288 -314 -67 4]
[-206 523 -76 42 361 -41 -406 84 82 821 269 -259 -492 617 -224 298 -171 249 -403 99 -36 -14 48 40 -153 -173 81 8 -228 192 -47 -220 -394 -232 -64 -4 -36 -77 -127 341 330 -50 -333 -80 219 -111 -266 -288 328 -85 -1 103 -260 -102 -190 51 70 141 25 -74 -156 -7 16 -139 -78 278 98 127 165 -178 58 -52 7 135 69 201 99 -171 204 214 -124 -69 -28 -132 64 -187 -193 35 217 -31 6 306 30 134 -34 249 -144 -69 130 97 -142 17 357 -170 -175 -170 228 -40 223 173 66 -78 23 80 7 -40 -37 260 -156 5 51 -2 69 87 -112 61 -129 -334 -33 -216 120 47 61 19 -132 -84 2 20 -66 -53 253 77 -152 -132 66 -87 -30 -9]
[367 1014 382 -366 -660 -62 -162 340 -682 -288 -351 416 16 -24 272 -124 321 -548 -428 -30 -185 -176 -49 -141 400 330 -144 51 -327 191 249 -150 145 -282 -125 -86 414 46 -5 -293 -452 -107 152 -32 383 -245 394 -36 -88 237 -429 240 315 250 488 350 35 -268 176 109 -389 -257 263 350 -145 50 -179 -116 203 -317 -74 284 -284 125 21 -202 -4 -15 -143 -33 -323 -260 -68 91 50 -279 251 -87 161 210 -121 116 107 -52 -31 -78 213 26 107 125 233 -174 -187 140 81 16 -28 -151 -54 -24 126 -82 -127 -231 273 -117 -152 66 298 -576 -224 -240 126 150 252 52 -21 139 47 140 24 10 74 -258 -263 115 -159 168 92 123 24 204 16 235 57 -276 258 -2]
[115 -339 -295 185 -92 -5 267 -224 -542 415 -135 -430 352 -429 831 -157 278 -145 -297 46 290 124 -303 -243 -130 64 117 114 -107 -123 -56 72 -36 13 10 -17 66 86 218 100 39 -42 -57 183 49 -64 -215 -87 124 -477 -194 -36 161 32 143 123 -4 -22 -20 -82 3 1 36 282 -14 37 -114 17 88 58 -95 122 200 125 241 123 223 314 249 322 -42 -130 -40 -93 -201 -214 11 -317 -174 82 32 96 141 -157 -46 -226 141 -18 37 84 25 -12 240 99 -267 -44 295 -55 198 -72 184 -278 178 -87 18 -112 116 241 -251 61 -249 -90 153 246 -135 86 -52 296 127 356 84 -464 -168 -272 -244 426 95 -57 153 84 -131 76 -130 -5 2 -249 -214 1]
[-220 1036 180 165 -1054 454 219 -398 -722 -665 -738 -619 -74 -338 65 -264 633 144 77 -101 -52 -140 -386 179 -229 -310 -11 65 -62 -36 -130 180 12 147 47 273 -325 13 -131 75 -176 -140 -213 -249 -45 66 -7 160 -8 -275 106 343 38 -17 -93 234 156 45 -47 54 119 -198 -197 250 -277 -134 34 -17 -118 89 -459 -23 -74 -279 -64 36 -214 -93 291 -6 -12 -191 -167 -273 123 -50 101 -178 113 -232 44 59 -273 65 -30 -82 10 -5 -232 -214 -108 -78 211 -40 62 67 333 13 55 455 49 346 -282 8 -201 -240 -25 19 -112 100 68 -107 85 12 -122 -77 80 57 -131 27 14 57 -197 -199 -152 -11 -8 -140 -103 -83 6 -22 113 8 -43 128 362 13]
[-397 1516 170 387 1216 -304 154 1076 272 389 -240 -393 122 -121 -452 505 189 162 -27 -174 -180 -91 -451 -71 -105 -179 71 218 -94 -49 205 2 -327 -135 -154 -32 79 -99 17 117 318 105 8 -117 -181 -230 -89 -176 52 -200 276 22 -75 -26 -340 -165 -231 70 126 81 122 326 73 -149 350 127 101 -39 20 41 354 -54 182 88 -20 -264 -67 63 691 214 -360 188 17 -299 -92 -122 -288 -94 -140 22 -37 216 -43 -102 73 526 -137 -105 43 101 -38 385 33 -236 -299 -19 -75 -150 -137 291 -171 18 -222 58 -106 -88 90 371 346 108 4 26 -205 318 -52 94 -379 -273 -81 -221 221 202 -87 -221 -193 -1 -64 128 -140 -211 -55 -96 41 -73 50 -96 16 -11]
[-329 -1316 561 183 811 283 -59 -943 -109 398 287 -206 -508 -363 -92 181 154 -354 -365 84 261 607 -637 -111 -80 -56 -395 73 148 -237 87 -107 4 39 -175 -358 -23 71 71 -60 -189 140 249 -330 -79 86 147 119 -9 -72 89 431 375 -2 29 -32 -107 -166 83 107 -117 118 -36 -231 123 227 135 127 335 -143 -5 270 -74 152 -4 -225 -107 -51 175 -218 -229 13 -34 281 -132 25 -24 264 183 -79 -91 -304 -323 -7 82 413 40 -224 207 267 -160 465 -14 -327 23 -36 53 16 91 121 68 -234 -567 208 -160 -319 -205 45 -239 -147 -4 48 -167 30 159 -180 -359 245 18 -348 -113 129 -456 -261 -150 170 224 93 -196 -212 23 291 45 65 -244 164 117 -3]
[226 -262 292 -129 -1025 152 -166 -457 43 190 140 -356 -240 120 203 -229 -220 385 -559 -367 751 354 -154 -278 1 -82 526 239 -408 164 -307 -353 -513 -459 -45 152 -216 -248 -454 285 180 178 -90 166 228 261 -548 -38 -129 -295 153 -88 -248 31 113 -27 152 43 -36 -90 -227 -63 -179 1 -152 3 -10 147 275 -141 -226 56 -117 8 127 287 -12 277 170 72 343 116 121 -108 108 -384 140 -172 179 -67 -17 284 -98 159 -144 -274 233 155 -128 -24 128 60 448 -159 -246 -166 60 80 197 -128 74 -384 174 -27 10 -74 -61 337 -124 -240 159 35 83 266 -72 -91 -385 -378 68 -170 201 -116 145 -322 -246 58 47 34 333 108 121 99 -245 79 -12 -181 -207 -3]
[294 462 -660 523 -6 -627 -651 438 421 96 -272 -160 88 -9 -219 -204 263 -251 -598 -203 343 147 -794 -252 -179 -405 -207 2 -15 -175 10 -6 -17 62 -74 75 -56 -5 -105 -219 -189 -11 210 -250 122 -284 -51 247 -216 -225 -289 68 44 188 -8 73 -10 15 70 -55 15 -43 -131 -9 88 52 -100 45 6 -245 -222 130 -152 194 128 180 -322 -34 -71 88 47 -28 -239 -397 20 13 48 304 193 -160 -118 -243 -67 13 93 -141 160 -219 -71 212 -176 89 -128 -58 48 -309 -119 -120 -87 26 204 0 -74 -120 84 -157 -198 354 -223 -34 -33 -229 91 161 174 -57 -123 95 144 135 110 248 302 -212 -177 119 385 121 -103 69 -154 65 47 -162 -11 -140 -73 -2]
[55 1402 25 -197 -406 -267 -166 -12 -146 160 -437 -926 -384 92 66 284 542 180 -444 -193 20 -26 -305 -19 104 -279 92 -30 -35 147 45 -28 13 -11 28 57 -184 65 -77 39 189 -176 -312 93 -36 229 -158 -140 -17 -128 28 229 -136 -38 245 -249 456 220 -40 -249 119 -156 -61 339 -162 -34 -88 1 -59 77 -5 35 73 -315 -35 14 14 385 293 214 180 149 421 -250 104 -209 -179 -48 239 139 -147 125 13 -110 209 -175 -27 95 -267 -271 157 268 413 -296 -250 -225 80 81 -80 -76 -118 111 332 214 -124 149 348 207 -5 -132 250 68 -118 167 127 -27 -4 50 -146 228 193 -219 221 194 -8 -8 -259 -288 262 0 140 -175 -239 31 29 212 -243 -17]
[-46 -673 -258 510 -1210 -241 212 -454 66 -93 -187 -710 174 -96 56 330 -37 403 607 -15 -308 294 -177 54 -187 -187 -498 -84 25 -237 205 -141 -160 28 279 -123 -342 -59 -37 179 -136 -102 -46 -162 -94 247 -102 237 -10 -511 85 197 -52 35 -59 -333 -30 122 -196 35 122 136 -168 -196 -133 -5 81 130 80 -243 102 -16 -186 240 -97 61 -169 -105 -45 -286 230 -7 17 -299 -169 187 -44 380 242 -88 182 -165 -306 -180 40 19 180 -166 -41 141 -295 259 -46 -362 106 -171 28 11 202 133 -8 216 6 77 23 -120 96 -253 106 130 56 54 177 115 -162 123 157 210 -222 -85 101 298 170 378 -51 -84 453 -243 -299 146 -256 -166 -198 -180 269 302 -70 3]
[646 -799 -262 -391 -164 -37 27 -1027 144 -848 -485 212 430 447 153 -665 767 -547 -8 -142 -55 -254 330 -135 193 169 -315 111 -360 317 32 314 -185 -54 346 204 99 17 -387 -32 58 -285 -389 -129 -29 151 -249 -61 280 -301 -96 3 -307 -254 -203 78 543 -15 251 34 9 -223 235 529 -184 -200 200 -159 -81 -115 -78 -155 357 202 55 119 -89 -8 383 266 54 -85 -4 -320 162 -456 42 -259 33 229 -182 263 -9 -96 136 -96 69 218 -336 282 215 138 89 90 -44 -183 121 5 -274 2 -10 28 -212 -98 -68 -205 350 360 20 -303 273 -343 161 245 -66 -226 -170 -341 -62 411 57 -64 162 -426 -100 203 -315 -299 281 179 203 -196 89 191 176 -295 -339 10]
[-330 1198 -163 619 114 -37 -722 -572 525 -550 321 -307 -388 351 35 -531 -77 41 -104 -114 584 -96 -272 42 -172 -172 -87 -158 287 -293 -306 -153 2 401 -19 22 117 168 146 65 184 173 6 -116 163 54 -201 160 224 66 208 98 -18 -83 -61 3 327 -85 -43 -346 28 22 -62 -244 -81 -115 20 207 83 -29 -19 -131 33 -320 -151 -23 21 -144 194 137 296 36 -135 -127 -67 365 124 231 39 -153 -81 -229 26 185 369 88 169 -95 -340 33 -141 347 15 -130 207 -113 69 98 133 -184 -74 -261 215 92 -233 -70 50 257 -449 50 103 144 -14 244 -226 -84 -2 179 -125 21 -176 -163 -238 5 245 130 201 -169 -52 -9 -53 147 29 14 55 231 -103 -5]
[491 140 360 -291 473 -345 -53 -98 -28 673 172 -64 297 -553 -160 -51 336 244 -660 68 -213 -55 272 -235 218 129 101 161 116 87 305 167 87 165 265 -247 141 163 115 -147 306 74 -78 -49 -103 -93 -142 -115 139 127 74 -3 204 105 -4 18 -74 92 -45 -36 110 264 -29 221 -94 -10 55 -86 181 421 -144 145 34 102 204 307 -77 -61 -39 -226 303 31 -54 -41 -110 -400 45 399 254 -144 290 -90 223 -76 -280 -48 -119 -129 179 -43 -135 -61 89 -446 103 160 -313 152 353 -168 20 -178 -221 -200 -119 339 -262 54 128 165 -293 -130 254 -106 121 250 88 203 119 173 77 -82 94 203 55 -118 345 -117 28 3 -140 -180 -81 -302 68 230 1 -15]
[-23 31 32 443 -1466 174 -21 -371 -324 -23 527 -29 -173 -357 334 458 -181 40 86 -215 -274 95 -87 7 -72 221 93 -118 80 -395 297 -431 438 157 44 -99 158 80 -57 274 366 -167 273 -47 -259 144 -256 -222 238 -168 -53 185 -1 -137 203 -351 120 -65 -129 256 129 -287 -470 -293 289 90 -204 -133 307 -431 280 -39 -393 40 -288 -168 -17 52 31 -283 160 -38 -11 142 -177 178 0 104 -106 -34 114 169 -188 13 228 51 -94 -18 -467 29 -22 103 367 239 -282 -328 -276 231 -200 117 44 147 237 -108 460 136 -26 -135 2 153 -294 33 47 -51 -210 -60 -68 -91 102 -183 -1 23 -7 372 37 -64 -1 118 -193 -18 -31 -38 97 -39 -110 82 -200 -14]
[116 -767 617 -178 1230 -53 -297 971 586 -596 25 22 594 -22 -373 -253 -35 70 238 -62 493 -227 412 435 64 299 -621 -49 -154 -217 312 272 20 262 -66 134 182 -187 56 30 93 8 -10 -140 -61 -206 -90 107 52 -23 55 220 40 -178 -263 -75 135 122 128 -279 70 299 330 -26 212 -402 61 23 -156 301 127 80 27 -90 -176 -178 375 107 63 175 98 42 -112 -173 -40 79 151 -203 -14 63 -226 -198 237 -271 151 127 348 -114 125 22 -161 221 -86 -225 397 165 200 -359 -255 -55 78 -262 -31 106 -131 -42 331 -13 35 -53 -233 -80 -226 43 -120 57 -38 -71 -36 108 79 -361 -162 81 179 -162 -23 -51 -99 7 66 -92 18 93 235 101 -42 -23]
[348 -231 127 -234 519 -50 57 -121 -384 92 -175 129 -328 -867 164 259 507 -385 -391 89 -55 -275 445 229 179 -2 -98 -142 10 -161 -35 324 339 328 260 -215 -200 -12 229 -267 -372 -176 41 96 -157 -89 69 -146 -1 34 -205 -106 239 -251 10 70 24 -239 -123 -24 67 69 81 -151 168 -91 -251 35 1 23 -352 310 224 -189 7 94 294 -66 -13 47 -317 -121 -31 187 -145 -34 48 158 47 384 44 119 -71 28 120 76 -331 138 195 9 77 -79 -33 135 11 -9 180 -22 -31 -25 89 196 225 188 5 27 291 -311 -250 57 -24 -297 -34 -136 59 176 377 -3 67 -52 -364 -429 -4 -331 -37 -61 114 75 -92 94 29 -218 190 128 267 -134 -96 28]
[-64 -30 338 -124 -1015 -679 -390 539 905 932 748 469 165 134 -869 99 -2 259 -236 27 133 169 214 30 358 -145 -43 -127 271 322 -186 -2 -128 -294 -15 -33 79 -48 -420 43 445 -213 42 37 -43 -97 -77 -165 39 176 -44 -29 -141 106 -159 151 -38 -294 -18 35 -21 357 -177 -149 65 215 177 -194 -84 97 280 -246 158 150 181 48 -123 -91 -146 -127 -247 367 399 -25 281 -254 89 22 -34 -95 200 103 254 351 19 -130 -317 108 -125 -91 50 -144 144 -198 -103 60 -679 158 198 -181 -147 172 -123 -267 147 458 -165 102 177 148 -82 -57 94 -105 307 -316 35 -384 59 -193 -326 161 105 10 232 -76 -171 -111 -6 -26 170 -118 -33 -136 56 -167 42 17]
[-265 734 206 -156 -303 774 246 394 -96 711 96 -111 -134 -237 126 -429 94 -28 -88 -227 -21 -387 269 554 17 194 -70 21 -361 -20 20 -121 55 92 46 199 198 87 35 143 -114 22 -118 21 -51 -124 257 253 83 67 -89 108 89 -118 110 188 152 -155 185 104 -224 11 22 -71 -57 -165 -48 -221 -4 -14 -81 -31 -126 -198 -243 -322 72 82 0 -76 -105 -8 -33 -138 -43 270 374 -227 -121 215 -351 283 -109 -25 0 -115 261 217 -146 84 112 -85 166 322 336 85 -42 -354 -261 41 -152 -58 28 -174 76 -67 55 -117 -76 -126 -59 -133 -145 -137 -154 20 60 -123 -59 -58 -269 -173 -286 -111 245 34 -345 -128 -129 69 33 29 157 284 -6 38 265 11]
[36 -137 437 217 341 108 -147 -213 154 -855 -161 376 803 96 -194 434 -146 -214 16 -248 -371 -322 720 78 303 270 -433 146 251 240 401 121 403 -14 -34 57 30 2 9 -127 -311 -33 151 -259 184 120 118 -302 -5 87 -110 159 201 -78 -43 315 59 -149 -61 -179 -57 18 191 198 -36 -238 194 220 -137 197 195 89 49 -63 71 -325 -9 -291 -159 223 -84 2 -28 211 -27 87 125 142 241 174 -30 -360 155 -250 29 192 21 274 175 2 -21 195 -245 -353 146 219 -78 252 -56 -26 -10 -17 -257 125 0 -83 74 -152 250 -184 -262 11 -46 102 3 -127 -114 291 -86 59 34 -4 -252 152 -13 -21 1 92 -197 -18 94 332 72 160 155 27 192 -8]
[99 58 -594 302 -840 -83 28 -400 518 -593 268 111 -197 -173 589 -253 -149 151 461 72 179 467 -426 -533 -645 14 -426 -175 69 -203 -409 -296 -10 227 140 -106 82 260 368 221 201 -212 105 -199 -70 -99 -12 -99 383 -189 50 -159 207 -188 60 -421 -115 -24 -214 111 -16 -18 -240 -411 6 97 -166 129 391 -291 106 72 68 73 -65 60 5 7 475 26 100 55 -398 260 -426 3 -442 -136 -225 -169 -22 -222 -197 -123 189 35 201 -86 215 110 -149 109 128 218 -195 36 481 -47 109 157 79 -304 217 309 -217 -367 -47 16 -555 403 -272 76 117 37 -288 129 -105 160 217 152 157 -405 -323 84 94 21 180 122 -179 -106 119 -136 -68 -208 -155 167 -226 8]
[-194 -1383 -137 -8 -499 119 379 -650 -52 -335 299 -31 -479 -436 268 446 -168 -143 -222 13 -5 119 -493 -444 -16 -192 899 135 -89 52 -55 -428 -185 -196 -44 -59 -34 173 219 -110 -352 274 109 21 47 -216 452 105 -279 486 88 -523 127 100 93 -114 -474 53 207 253 -238 -26 117 -221 206 211 -213 -186 249 -214 -197 288 -280 -90 -120 -195 -204 -168 187 -49 -56 84 -215 251 -187 -98 -355 210 -277 106 5 100 -109 65 -417 -24 -140 -67 478 4 92 65 -193 358 -299 44 45 -101 -136 32 -115 -25 -109 37 -26 139 -434 -5 325 48 -121 222 -322 -4 23 455 -107 6 71 -267 -1 112 92 -1 -76 -180 134 319 2 -63 -179 -111 243 33 -297 -2 139 -9]
[220 786 332 -329 -477 77 -63 124 234 961 -803 59 -113 29 -244 589 -234 -334 -227 -31 155 -491 441 296 257 -187 -258 -37 -156 -47 250 305 209 -120 -343 -35 73 152 -10 -215 -714 -34 154 124 -5 58 190 264 -320 65 -201 -525 18 -91 -27 -132 -263 -65 340 -119 61 60 561 -224 261 -203 249 170 -360 130 -308 419 186 144 -213 -85 205 -209 -278 185 93 167 -8 94 224 140 -205 -13 -143 35 -484 -195 224 -346 -83 52 212 107 334 271 105 144 -579 316 155 86 92 -136 -365 -145 -126 281 -72 194 32 -79 62 68 308 -187 105 -13 -454 -171 105 -21 150 213 -72 -181 5 -53 23 -91 225 -307 -159 87 60 -71 198 -118 213 345 -262 203 257 -8]
[-8 78 -96 123 1019 -199 22 212 243 237 -162 -450 -477 608 -141 12 597 -67 -165 148 -266 -365 117 33 298 -509 -23 -338 -114 16 -5 -39 -115 -270 115 47 142 163 -371 -138 -389 -505 82 -32 138 4 77 137 -174 -411 -254 -301 -249 201 -129 -110 64 -110 190 37 468 39 285 142 -64 -127 145 127 -116 -152 -171 119 42 127 -23 95 -294 -57 -22 197 85 2 231 104 112 -305 -450 10 -28 42 -9 -104 79 -326 -150 -214 72 202 -226 -39 208 313 100 133 -20 -261 19 -63 -139 -36 -140 203 -168 313 211 130 -44 128 336 -3 -36 7 -45 252 -34 -97 74 -42 65 162 -223 134 295 -188 33 42 -107 -238 -129 -267 -29 -366 271 239 -94 315 185 10]
[112 -592 -245 -89 566 -586 -91 333 -42 -837 -312 389 128 -450 -313 -289 441 -12 -113 178 70 211 -484 99 139 25 -120 176 -15 -219 181 -63 -323 -142 -268 -329 374 -52 22 -300 -136 45 -6 371 16 -144 79 34 215 -168 -351 309 238 -21 213 191 -271 -225 198 -27 -300 258 -118 153 57 231 -130 -27 17 5 339 294 370 74 300 35 -69 97 -119 147 -313 16 198 -40 -142 -174 99 215 305 37 -278 70 104 -86 -107 42 -9 -150 358 160 -240 -10 32 0 295 15 -26 -93 -115 -385 98 151 241 -275 156 34 244 89 -72 -456 -160 -388 228 -116 319 179 114 105 121 262 -90 0 48 6 -227 184 -149 2 -224 305 199 250 94 -161 320 -404 -109 -13]
[-82 -55 -339 -153 28 189 246 60 -168 -95 395 -98 -531 287 26 514 -172 207 -610 -171 -209 -7 -418 -68 111 -177 782 133 -119 256 -43 -391 -180 -582 270 224 -122 148 -200 226 223 149 -245 -241 159 -74 -105 -83 -92 215 -22 -227 -311 338 -237 -137 -48 188 102 141 -147 39 93 -125 -146 5 187 -215 164 -443 108 119 42 402 -41 15 -246 -151 339 95 -92 12 40 -68 27 2 -157 191 -213 -134 57 336 2 234 -244 -109 -61 65 202 161 -158 150 15 32 -298 -245 -462 54 70 -35 111 -5 76 -113 101 257 -331 202 65 -82 38 -70 -104 12 10 153 -102 -171 95 28 6 276 283 -49 -20 -12 86 47 42 59 246 -63 -140 71 -193 94 -158 -14]
[-416 587 -117 291 1316 -106 -131 -650 601 -654 520 48 548 767 -200 -128 41 116 114 67 182 -58 -225 -74 17 155 -98 -143 -141 100 16 -326 -300 -260 168 -61 373 176 97 -194 274 40 -187 47 272 28 -4 33 136 1 163 273 -159 221 -83 108 -160 -39 30 -212 -184 160 165 127 -70 22 172 139 282 -76 437 -60 -90 179 301 111 -115 103 8 -72 246 -11 -250 74 -256 -295 -161 129 179 82 -75 -25 138 -66 -243 -46 282 -79 -41 -74 -195 -106 169 -300 223 50 19 -146 241 -143 57 -301 -116 -323 -94 127 -196 394 160 -192 -287 106 302 377 -117 166 -128 -61 95 336 116 130 187 452 13 -16 85 -262 203 39 -35 249 -116 -241 26 -59 -142 1]
[342 324 -217 274 -229 -300 -138 501 739 -658 -374 -485 258 5 44 79 98 75 -200 -382 60 101 -378 -161 -34 -170 -506 -57 -134 142 -86 27 87 -73 46 23 -114 210 -16 -84 -34 -197 98 -231 -16 71 180 174 -9 -210 -77 181 -138 -39 404 -320 270 -62 18 73 -158 -13 -255 -45 -38 40 -71 73 196 -279 90 -36 -268 -11 77 -11 -287 205 260 -12 65 148 -46 -341 -53 71 -173 -23 408 141 -167 -269 -258 -173 295 -32 437 -28 -374 190 42 218 188 -403 41 -201 210 -236 -263 0 -177 -76 80 127 157 -368 48 219 -47 -225 172 -112 123 221 219 -277 -108 -313 46 -99 350 287 -20 120 161 2 -95 -132 -145 85 310 -196 -227 265 -132 292 122 -17]
[-67 914 -425 357 -808 54 -208 -560 514 802 -415 -72 408 -45 -34 61 250 -291 336 -226 -146 -135 161 -228 177 -246 -450 251 68 -158 156 142 70 34 -33 38 352 27 132 -74 -348 -7 -54 -3 -43 183 -61 44 -10 41 104 4 -105 -233 234 -237 135 10 203 145 -10 -177 49 409 111 -103 -143 -41 1 -2 39 -71 -380 -254 -166 -136 181 -226 319 76 189 -94 -321 -271 81 14 154 -87 22 85 -113 -173 -125 -20 48 20 331 -332 -375 248 186 109 -257 -72 144 50 163 -107 -4 64 -125 3 -348 113 -91 -419 57 256 223 -319 206 -93 69 134 -23 189 -77 102 -300 117 314 -21 -31 -193 -203 105 182 -194 121 37 -150 -170 -6 -22 -99 164 116 -8]
[213 699 -121 -293 197 275 -112 91 -399 1018 162 -859 -611 -126 84 167 -467 667 178 141 38 112 185 258 104 -273 109 78 83 -12 95 32 177 53 124 33 -191 -529 43 165 129 78 -159 153 -44 10 -285 251 -155 309 -22 215 -34 -97 227 -55 276 133 -451 -36 66 -79 -442 10 -129 110 60 154 -11 210 -98 -336 -173 -220 -85 326 258 24 -481 -290 239 94 22 -325 275 211 453 149 282 -239 204 -23 -24 233 72 -159 -174 -162 -305 -27 41 -532 271 -41 -24 21 -121 192 423 -51 90 146 219 -105 172 -53 -136 -379 -357 -102 141 143 225 -317 222 -4 363 -2 -101 -247 -52 51 181 247 78 -150 106 -53 190 204 -264 -110 -341 -249 152 15 96 8]
[396 838 39 -161 -1004 -83 367 408 -556 970 -231 -301 -291 -440 260 1058 -123 393 -137 -42 -386 -296 179 267 -7 -285 -35 -36 104 -196 -20 59 267 160 -144 -111 157 150 -83 125 -187 -118 190 278 -171 -103 145 234 -145 -60 -136 -108 -19 106 68 -470 -57 -20 36 206 345 -86 -194 -288 204 133 -311 2 -125 -32 -189 144 -258 -83 -359 -15 35 -51 -397 -355 60 -217 84 54 192 58 126 -43 -60 -165 -11 91 -60 -19 38 -335 35 -73 -72 -154 78 -160 -130 383 26 -44 -334 -219 18 185 -129 237 172 -29 170 31 -62 -170 81 225 84 47 40 -215 111 238 490 86 93 -47 -239 -90 345 -147 124 -109 -82 8 149 -124 -51 -334 149 -98 50 187 102 -12]
[255 586 45 -218 -36 140 -216 -46 144 142 90 478 -95 -446 -154 94 -355 315 -134 -110 -241 -90 310 -205 103 152 134 352 -197 -31 264 156 123 -77 -63 -109 294 123 -41 140 415 30 44 107 -109 -197 -256 -149 436 -10 -167 -80 -21 -298 -11 -132 -513 107 -76 184 -82 62 -96 -396 158 164 91 -147 121 49 303 135 109 66 -29 168 150 -111 196 218 -149 121 -211 95 -175 -85 -230 -135 -94 -198 -142 190 124 60 -266 128 -101 24 446 69 -208 139 156 322 -336 26 -134 121 -195 -15 189 -24 159 -151 225 182 -92 71 -194 101 -285 -92 -60 -334 5 203 21 -50 248 40 120 -217 -2 8 71 -125 -64 268 -178 -84 377 -36 23 -6 -60 23 -39 -33]
[-475 -1012 -209 363 188 -326 -193 1459 547 -359 366 208 649 605 -97 -943 -45 208 181 148 227 247 -18 90 -28 297 355 238 -157 27 -144 -191 -115 300 24 44 322 225 5 -41 480 529 68 -191 -132 -312 127 25 59 40 120 109 0 -71 -121 -371 -52 -77 56 140 6 -61 -35 253 33 82 -399 -176 99 -29 271 -343 -260 -127 -381 -224 -171 255 -118 -76 -67 -81 7 3 -198 -50 89 197 -85 7 45 13 304 95 90 -97 300 -43 9 22 -14 169 197 -137 61 -49 -212 -86 -25 -143 44 -363 -136 -139 -13 -128 -68 -12 34 -390 -180 160 73 81 67 80 -87 -165 115 12 -38 -136 -87 -59 62 212 -118 -2 -8 172 -154 -160 53 -104 80 -11 -220 -6]
[198 -529 405 -87 465 338 433 -466 -226 763 -23 -226 44 -531 -85 401 -137 -428 -229 134 208 -12 80 136 138 132 191 78 202 -120 32 319 342 306 55 171 -514 -223 527 -135 -431 293 82 193 -114 164 131 54 -203 203 56 -3 277 -171 -20 284 200 116 138 -313 94 23 320 41 155 -423 22 104 -23 316 -285 203 238 -247 -21 -102 600 58 -94 185 15 -4 -48 -16 141 300 390 -34 -62 175 3 -4 -51 -156 185 -82 -190 -80 106 -53 -82 -150 -126 0 63 242 96 232 96 -113 64 125 238 -210 -334 125 195 -403 -109 59 167 -79 -227 -222 144 122 79 315 -231 46 -136 -66 -235 -140 85 -137 319 27 246 -152 -189 -51 71 19 -53 -64 -189 5]
[-263 -1153 -341 296 -296 232 253 -598 -407 -563 -795 -486 240 671 348 178 434 -132 323 -42 209 -117 -137 126 262 -312 227 -18 -152 12 20 160 1 -66 -7 131 106 -15 -60 -94 -268 11 12 136 108 113 11 183 -37 -106 -69 47 23 -49 65 187 366 17 165 -26 -131 -281 -148 165 6 -38 22 194 -123 -153 7 1 155 -114 27 208 4 282 207 153 -139 -275 24 64 -61 -16 195 -116 -32 149 -82 -98 -274 -27 95 -5 51 70 -347 55 155 76 164 74 7 -46 358 47 -88 78 179 10 140 7 -75 -122 217 260 -154 -191 271 97 -32 223 -9 -361 -86 -37 -16 78 -145 117 -42 -290 -141 274 -209 -107 212 30 90 207 239 256 19 -309 -48 -4]
[180 -86 397 -317 349 -199 194 306 195 -623 282 -321 303 -194 325 -90 251 -82 -667 -77 286 101 -95 -15 73 275 207 -103 6 300 -23 398 131 106 231 -20 -92 317 88 -263 -183 -132 -148 9 78 -38 102 122 -286 52 -21 -73 -128 443 -142 88 31 182 -77 25 -125 298 164 235 -59 -284 -84 -41 -165 327 -371 179 19 166 245 404 119 180 15 -23 316 -27 -235 -13 10 -72 28 -53 -42 213 -47 -135 158 -93 -211 -95 87 78 -54 -280 178 -360 -160 -485 246 131 -86 -187 157 -295 72 -230 1 -100 -356 193 -178 101 126 -223 215 174 81 -93 212 -123 182 -226 121 160 160 182 409 142 82 -96 240 -198 391 15 96 27 -308 105 -73 60 -58 6]
[358 559 521 30 35 148 -146 675 186 516 4 -198 200 -520 382 108 -153 -260 -409 -171 -341 -199 552 61 311 348 -170 78 -66 -48 298 130 308 439 43 -33 328 298 -59 -84 244 -172 50 -347 -230 -299 -38 118 223 -61 -192 20 179 -89 -115 -125 -65 107 -33 -24 84 -149 406 71 133 -85 2 -210 137 -67 9 -13 70 286 -65 -34 -78 -64 41 135 8 -17 -182 -127 -107 -186 -379 89 -115 75 -23 -81 298 -177 164 52 -91 -67 -66 62 -188 185 -101 314 -82 -142 -196 -33 -334 -15 305 -202 -231 -163 243 93 -46 -29 -91 254 -460 -111 -78 81 121 -11 147 3 135 147 13 -178 198 233 406 239 110 -13 -42 112 -127 -203 34 93 -53 192 -242 -2]
[409 -599 -101 -274 -871 249 207 107 -836 -719 -810 519 -70 -137 -412 40 159 -147 32 155 52 -414 6 326 -138 -58 320 111 -38 -65 12 -58 -86 -129 6 238 -189 -170 171 -66 -228 195 -93 357 135 -31 41 -148 -163 342 -36 -349 130 -97 -71 580 -211 -28 218 -294 -251 -297 114 87 -131 -36 -17 -90 -387 -109 13 -7 211 -138 -157 -45 52 -103 -236 -40 -252 -159 153 -218 18 152 505 76 -23 -34 -13 380 93 182 -62 -196 -308 37 208 -26 -234 -567 -207 608 153 235 -140 -40 35 114 206 373 56 -198 -90 230 114 -102 118 155 40 -326 -87 -360 -87 219 115 52 -217 -155 -195 -15 7 -130 -100 -154 101 315 -15 205 -103 56 160 -173 196 -391 115 -3]
[309 -977 387 -366 92 -50 403 347 -83 472 -87 -241 -66 -326 17 266 53 -43 77 77 -462 -119 259 89 305 -133 -29 64 -295 125 443 200 -217 -269 6 50 -116 -306 -289 50 -226 -171 -66 -98 -95 -15 -39 149 -72 -176 -73 -103 -58 -139 -201 -93 -148 190 98 37 268 227 292 -23 34 -168 335 125 -185 205 21 129 269 162 67 41 67 -15 0 75 -37 206 86 -265 171 -229 -157 -33 -8 6 -120 182 28 -268 -85 157 -145 54 188 -21 51 267 -87 31 -43 66 -58 -74 -126 -7 4 295 -103 70 45 134 87 -119 362 163 54 2 -75 -75 119 -87 39 -27 134 189 -59 176 303 -18 71 -61 -155 -167 -61 -26 -110 -266 56 133 110 -38 -5 15]
[244 -153 54 244 -255 -12 127 563 183 560 -219 47 -644 -155 122 -294 -84 85 404 306 370 189 -418 170 -346 -264 77 -383 114 29 -176 -371 -398 321 -295 -277 -186 -53 -90 61 -425 74 134 -93 273 -181 386 258 150 -137 -7 227 152 -98 196 -45 305 -177 283 102 -325 -173 -116 -306 -437 116 -133 -60 97 -406 2 -296 125 -217 -181 -168 -379 225 -340 -281 -43 2 248 -179 92 314 178 211 169 -54 -162 75 -314 -217 476 12 185 96 -308 -67 85 33 63 134 398 -135 318 -40 -172 33 -85 35 154 173 -13 -413 260 -274 -345 -198 -111 108 59 144 111 -290 -3 -109 145 -1 -215 230 -121 111 50 -50 -414 -62 -187 426 46 205 -31 272 281 -114 82 -14]
[80 209 480 -163 -904 672 30 -803 164 -795 -57 -338 -77 -425 -184 578 214 -198 -436 -31 108 -281 -339 -144 11 -101 32 -6 319 119 -80 198 130 -33 -125 68 127 562 61 -37 -123 -280 48 195 -125 77 -126 68 -161 -39 -351 -159 195 75 -30 296 -78 -78 387 122 -82 38 -56 91 -16 -71 323 -269 -183 242 -50 114 270 306 117 -124 87 11 -27 250 -140 135 26 -120 260 19 49 -310 -70 12 -219 -29 266 -18 -86 -424 -197 238 -321 -7 -98 -165 -222 181 -65 141 -248 216 52 -2 -288 235 -111 -231 -40 183 -125 210 73 16 -38 -79 -116 -25 236 -2 140 195 -167 -116 54 176 -161 -154 140 -71 152 -12 300 -137 101 -42 -109 66 -320 120 272 -2]
[14 1107 -254 -405 1077 291 539 -986 -520 -82 -177 197 50 383 -138 51 41 -180 75 178 -406 -54 -154 149 -190 229 104 92 -125 -127 110 56 220 -120 73 298 -151 -91 -81 -11 102 90 -164 -12 -4 42 -152 -190 -139 -31 54 -269 -170 131 -308 238 -305 170 -47 -84 293 -159 -35 69 390 -166 172 -45 -189 64 -6 264 166 334 38 211 4 -40 169 118 -8 -149 -75 343 -51 -107 -178 -94 -188 -200 50 100 144 39 -282 11 -250 -10 511 131 -207 -127 -65 384 -221 89 -136 27 -163 -38 308 185 -236 -38 -5 251 -250 100 -36 140 116 3 -91 -266 -157 202 -280 154 82 177 53 -95 111 -104 -162 -17 -43 271 171 -38 96 -25 194 -167 -157 -189 -92 7]
[-583 -881 223 -202 648 152 50 -955 -337 -346 -543 650 441 219 -241 -449 42 -501 -21 132 74 -219 160 118 -226 243 -395 -181 -342 -193 -9 62 106 246 -101 -116 90 255 207 -205 174 142 -31 -103 -171 -45 86 144 139 101 201 -143 121 -32 -170 136 -291 -155 37 -228 -160 -65 222 -115 134 179 189 -103 27 -48 174 -127 103 137 -16 -101 -226 -121 167 -84 -186 -26 -93 278 -358 -168 -297 -17 -166 95 43 -132 135 66 -216 208 122 -206 285 155 -10 -81 16 225 -20 72 174 -108 -224 220 135 -228 -605 -264 51 61 -39 11 27 130 -338 -63 -271 206 -350 150 -90 31 -80 -211 0 -166 -279 87 85 17 -14 160 -153 -20 -120 176 195 -78 -155 -57 116 11]
[-17 26 44 267 -245 299 75 776 -380 888 -136 -267 125 -165 198 -61 280 -234 214 -90 -213 329 -445 -59 100 -19 140 71 -90 -208 194 -349 -106 -258 -209 104 230 -130 -253 55 -212 -127 44 8 288 -42 -247 44 197 18 -84 285 397 224 55 363 82 -112 190 198 -390 -115 -315 87 155 85 135 -27 95 -338 287 167 93 242 181 119 -214 74 109 -125 -313 -184 56 95 19 -112 29 -23 138 24 -105 -48 -236 80 51 -71 -113 -93 -3 247 -241 176 -32 331 -62 -25 -19 -70 -107 -19 151 -59 -99 -94 297 21 -221 185 -41 -100 150 56 -17 47 27 -217 -269 260 96 44 -267 195 25 -132 -319 261 -196 219 72 63 -171 318 301 53 152 -368 49 -13]
[-67 -550 -196 -312 304 -89 115 -518 -680 -719 -141 0 -410 286 795 -148 -274 26 272 -3 -107 -123 -9 -224 -184 -96 -40 -337 301 192 -236 -257 -283 -177 149 -98 -51 180 -171 105 59 -202 -265 -236 102 170 -143 48 330 -56 118 -349 -243 25 -18 -237 179 276 -101 206 -37 -240 159 149 -608 -8 201 -7 -44 -295 -72 -237 -207 71 -2 263 -70 -186 -27 -97 473 -202 -258 -289 167 35 -257 44 -102 -261 73 116 -170 -6 51 99 124 -112 -343 13 143 -80 -134 142 48 -94 302 10 207 262 35 108 44 81 106 -249 163 14 318 167 92 92 260 219 -320 34 183 -129 -47 288 394 276 332 298 34 14 20 -263 149 130 -190 -44 -353 118 4 201 133 -9]
[-80 -466 434 -18 1241 -620 -398 329 830 -1245 97 -217 -77 587 -489 410 -37 403 -90 157 -389 -33 -103 491 5 -301 -745 -288 167 125 -6 -294 24 -115 -179 -28 -234 46 -245 267 97 -409 25 -161 251 14 126 -28 131 -32 -174 278 -76 267 -62 -85 351 -16 131 -226 43 323 -152 -119 -109 -20 300 121 -143 9 452 -20 213 149 168 -44 -318 -106 -85 8 -107 69 445 -33 298 110 -123 118 339 -105 -34 -307 162 -15 269 -138 63 76 2 -37 -301 245 -73 -326 134 -23 -212 9 -73 -146 -159 158 61 309 217 146 65 -7 -37 130 147 38 116 -161 264 -359 32 113 52 -28 -46 207 -83 270 175 -27 -233 -89 -220 -1 351 -83 -12 101 128 353 259 -4]
[-264 -779 -274 288 23 -466 -381 1042 492 -882 -569 -130 -236 290 143 -233 149 -159 180 -384 323 -387 247 -23 12 -173 -288 32 -539 -322 297 -24 64 60 -138 -12 15 103 128 9 -89 -166 -23 -110 144 -87 -15 -55 -21 -93 168 -40 -174 -205 20 -304 142 76 -105 -223 94 -104 316 82 -31 -62 -56 172 25 -24 -163 53 -43 -140 -217 -108 210 -161 306 153 105 -43 -155 -24 -34 -7 -133 -192 -151 180 -105 64 87 -216 151 307 203 87 67 130 224 254 -39 91 -38 21 365 -104 -382 162 -104 -145 -13 370 60 -216 19 93 -57 2 81 -22 -171 88 -123 226 -36 -1 -143 -249 94 -322 -189 -67 10 80 56 187 -1 144 156 -182 21 251 173 321 14 -15]
[-240 690 66 456 700 169 -47 256 76 -800 -173 -261 -273 85 -339 205 -87 -33 -126 -109 -137 137 -176 -87 -346 -244 -223 -432 319 -199 -419 -239 9 210 93 331 -300 -142 -57 77 90 -3 126 -170 -94 19 47 -29 -227 -136 105 -276 -153 278 -29 198 64 22 -205 -128 161 -137 -246 -155 293 -26 -173 -43 -48 -226 -191 -149 -336 -62 -8 99 -301 -38 110 0 48 -93 126 0 11 147 -199 101 -102 13 406 -326 -82 322 10 -56 -117 -186 -158 -25 -39 -165 259 76 -11 -235 -135 149 -41 95 142 126 -134 69 165 251 -123 -22 -13 377 -7 70 -166 240 -168 114 -189 -223 -261 -348 3 209 96 17 -51 -13 347 128 -70 -159 -407 -193 10 -140 -216 42 -32 5]
[529 -1058 442 -373 -23 -354 -133 50 82 637 -12 -100 5 225 -273 -1 115 -321 -832 -211 579 -80 -182 -197 157 49 417 -158 -8 138 -166 364 -32 148 -65 48 -357 -396 -94 -98 -153 20 99 425 76 -6 -156 -61 -402 -132 115 -95 -15 363 -86 148 257 -108 134 -213 106 24 -26 78 99 -262 -120 58 -34 260 -413 -11 318 57 249 169 158 552 -194 4 -43 178 289 -5 295 -223 290 -244 -92 229 59 238 154 40 221 -295 -187 252 -337 -184 378 -321 133 -75 -243 38 -294 -9 86 -165 -60 -171 442 -236 -247 252 144 -86 27 13 74 41 -80 165 112 -299 -41 -256 118 56 -17 -69 239 -525 -174 -152 -74 94 642 -27 -109 -34 -176 -48 92 -391 -321 13]
[-59 -262 -333 -4 -793 482 -140 1238 192 68 809 618 131 164 7 59 -801 136 169 142 -713 308 415 -231 192 -36 296 153 147 111 77 -420 207 -263 67 89 351 62 -231 43 484 276 88 -270 0 278 79 -127 49 428 76 -163 -107 50 128 -156 -175 -37 -156 -28 141 -218 -168 -406 177 116 -225 -144 184 -216 136 56 -354 -235 -213 -57 -172 -208 2 -314 112 -72 13 455 -228 102 -69 226 23 -415 153 -140 -69 457 -172 -21 -167 -30 278 -44 -189 371 153 219 -287 -252 -295 239 190 -170 176 155 74 78 219 266 -370 -109 -41 179 67 291 -113 -160 75 -121 -267 187 137 10 -72 210 143 115 276 111 -101 -19 -202 -324 144 203 206 -40 -341 241 -111 -13]
[-96 -35 -30 -529 -840 -50 126 -507 -100 972 -100 -32 9 24 -257 99 -76 -187 78 170 380 -181 271 -36 422 -221 856 -14 84 112 364 524 -28 -222 5 108 9 -132 -113 -222 -404 194 -258 272 21 -43 -127 -36 -449 344 -31 -367 -210 36 52 263 -84 233 88 -61 43 105 293 172 114 -304 -43 -176 -541 387 -556 235 -26 -112 -90 121 437 -1 -293 151 130 -35 -136 -150 226 95 298 177 -152 216 -32 122 198 68 -286 -24 -189 111 143 -30 376 -223 -423 -37 63 124 -161 -90 -51 -249 -79 496 30 62 -39 236 -88 -90 643 -32 234 213 -311 -150 156 23 98 84 -94 -30 119 13 353 -108 32 -365 -65 25 262 17 -165 -243 -12 97 50 -184 220 24]
[-189 147 118 -243 -359 -60 -155 750 1069 -52 572 109 -16 169 -407 453 -322 -48 -15 -116 19 308 157 -148 -32 76 -251 -43 460 -5 -78 -25 -41 180 -156 21 207 -182 -360 298 435 -126 129 -205 -142 -20 -387 -282 114 -254 59 33 -139 -39 -148 -165 226 48 146 45 119 321 -196 -150 315 -128 99 -187 -43 -26 249 -145 388 437 61 -85 46 192 191 190 -111 371 80 -164 50 160 34 -136 -92 68 27 -157 104 11 409 -77 -120 90 -131 38 158 233 -64 -348 -17 -171 -383 -6 -214 -313 -3 -187 52 221 112 70 39 -3 -151 111 55 168 16 89 56 -433 -303 -261 172 -23 79 67 -130 -7 220 -21 -225 25 3 -34 209 -98 -158 -40 57 -180 -287 -6]
[238 -1210 -4 -348 -766 141 429 -39 394 -284 -54 51 -33 -382 -49 174 60 -158 327 20 -172 58 550 -185 577 55 320 203 -274 46 362 361 291 -76 62 -174 -86 305 118 -183 -376 214 -69 177 39 386 141 51 -63 178 103 -250 -87 -303 242 -43 -132 35 -44 -22 -55 62 296 62 40 -39 12 109 -83 283 -183 398 110 -297 -146 104 318 -233 58 6 133 10 11 183 55 -86 12 92 23 208 30 126 -71 -202 -316 131 -116 7 338 -113 279 144 -46 0 -58 235 91 285 -40 -234 -149 277 6 56 -87 160 -160 -15 162 11 393 146 -133 -462 211 14 -14 313 -231 -112 -218 21 51 90 297 90 95 -90 12 -28 158 -87 153 198 -133 151 -31 2]
[290 -377 164 -272 982 -308 -83 -887 359 329 -140 -224 374 -18 356 462 -431 270 -106 -126 11 -33 368 -293 51 -80 10 215 -286 234 -5 205 44 151 182 -25 -85 390 129 -143 273 150 142 -385 -166 -108 106 144 -140 150 -16 -409 -35 -197 36 -253 -126 210 -218 108 88 174 355 99 -91 47 -162 41 -2 214 -133 -150 -296 -72 -286 -11 106 -142 25 -40 349 173 -200 -282 -149 -53 -148 173 -41 -235 151 -240 91 -35 -203 52 136 -189 176 -9 51 60 -193 -208 -131 176 118 137 195 110 -96 -203 -234 65 2 -97 -219 171 311 185 118 173 -16 -171 261 86 -80 113 -124 -261 258 116 122 140 383 -61 323 25 -145 35 -118 -293 -84 87 -106 360 210 9]
[-486 -571 497 14 1325 -180 -523 -47 208 -185 276 42 371 203 -127 -76 -115 67 -346 -104 189 -229 204 157 33 77 -389 -271 377 -6 201 148 -2 347 -230 -102 220 220 229 -62 -198 -85 -176 -77 138 -220 120 -206 -79 -5 13 73 41 396 -149 263 -227 66 150 -337 -27 223 377 128 94 -307 243 24 -131 124 -142 169 68 187 261 -109 37 -11 -7 90 221 -93 -201 54 49 25 -172 -179 -157 247 -194 -307 395 -230 212 -31 197 67 -93 114 -99 -163 -414 -149 482 77 -44 -371 141 28 152 -251 -203 151 -53 -50 -51 156 10 114 -536 131 -43 182 43 -18 207 179 168 156 171 -181 -214 142 -17 -199 100 -106 153 -203 -30 3 -63 -12 -223 165 266 4]
[-254 -749 -54 332 -267 -366 -125 750 406 -830 359 211 292 268 -268 267 137 352 447 55 399 -129 267 304 60 -337 -10 -209 217 -123 -78 309 3 410 -53 21 -105 -76 179 191 -189 63 73 52 -42 -263 28 -27 -165 -18 141 39 -31 -99 -411 -82 -191 -156 159 24 206 362 111 -149 103 -195 120 52 -241 234 -33 -368 256 -119 -284 -267 323 37 -263 -85 -41 231 -117 -35 204 304 318 -390 -371 9 -16 -64 227 -77 474 -164 8 181 -398 -68 110 -295 -333 -17 247 190 31 -140 266 159 -202 59 281 228 -256 -273 21 -160 -207 199 -2 267 9 -195 -89 -327 278 -35 -56 -185 -426 -125 -478 -119 117 -86 -122 -207 -29 -42 64 -127 87 -45 69 30 195 2]
[-327 124 286 25 -10 287 319 -816 -291 262 515 -541 -282 -171 57 727 -391 449 -5 242 -261 110 -61 281 -148 36 -197 -192 249 -7 27 -34 117 214 -11 -150 83 248 20 273 453 -338 -162 -17 -269 -15 -54 130 280 -21 -147 347 5 100 -137 -61 -23 289 -75 32 72 112 -36 -238 -31 149 314 -69 143 72 166 -81 134 328 131 174 -30 -89 6 -259 42 4 -84 1 -6 25 -196 -18 -55 -254 65 -81 9 -26 0 67 -148 -178 -119 -77 -289 -391 -12 3 47 -9 -16 -28 257 168 73 68 -105 -147 4 162 -193 -156 -253 378 -283 160 158 -189 2 26 438 -26 97 -90 51 82 -77 618 311 -169 58 -223 -1 -170 61 -84 -140 -352 -167 200 233 -20]
[-103 254 -830 294 1043 -568 -443 -225 504 -459 -307 -125 -37 883 -244 -88 -8 -106 341 272 188 -97 -44 -292 25 -294 186 -151 476 276 -142 65 -100 -108 163 186 -210 -36 16 -210 -263 -73 -57 146 183 125 -28 -146 -252 195 -146 -338 -308 79 167 -27 207 -8 -40 -102 120 -16 117 373 -318 -49 81 317 -326 149 -94 -154 104 56 111 59 -1 -22 -347 406 100 104 147 -255 285 21 -209 235 25 106 121 -200 152 -202 77 -359 -32 -119 -274 -83 205 -14 -277 -125 -116 -28 -114 276 50 -309 -317 218 149 141 -40 21 52 40 348 -157 265 224 48 118 275 -207 159 247 -129 161 17 342 211 323 74 -65 13 -15 199 -30 -263 -351 -304 -24 4 123 -76 -7]
[81 -514 320 -14 899 52 -366 204 322 -888 -71 -537 -448 -313 110 -52 -59 259 -550 -333 -28 -438 304 329 332 -404 -76 -339 -72 3 -57 30 217 137 103 48 212 90 -27 71 -310 -296 21 138 -112 -86 163 462 -56 151 -183 -199 42 174 71 -145 366 -60 146 69 -1 -18 -91 -391 19 -106 -125 1 -116 99 -302 -8 -25 -299 -239 154 77 -5 -183 -137 224 -51 62 143 186 233 198 -166 -133 -44 -116 -185 40 70 163 -189 86 86 -392 -81 214 -132 -13 370 337 -82 -167 -185 76 35 -92 -78 438 -33 3 127 111 -128 -176 107 -4 -6 -186 -52 33 -171 447 -199 38 -55 -431 -37 351 -76 311 -47 -70 -345 266 -110 0 62 43 120 -67 247 146 4]]