50
147
2503
0.005
[[2503 0 0 0 0 0 0 0 0 0 0 0 0 0 0 0 0 0 0 0 0 0 0 0 0 0 0 0 0 0 0 0 0 0 0 0 0 0 0 0 0 0 0 0 0 0 0 0 0 0 0 0 0 0 0 0 0 0 0 0 0 0 0 0 0 0 0 0 0 0 0 0 0 0 0 0 0 0 0 0 0 0 0 0 0 0 0 0 0 0 0 0 0 0 0 0 0 0 0 0 0 0 0 0 0 0 0 0 0 0 0 0 0 0 0 0 0 0 0 0 0 0 0 0 0 0 0 0 0 0 0 0 0 0 0 0 0 0 0 0 0 0 0 0 0 0 0 0]
[0 2503 0 0 0 0 0 0 0 0 0 0 0 0 0 0 0 0 0 0 0 0 0 0 0 0 0 0 0 0 0 0 0 0 0 0 0 0 0 0 0 0 0 0 0 0 0 0 0 0 0 0 0 0 0 0 0 0 0 0 0 0 0 0 0 0 0 0 0 0 0 0 0 0 0 0 0 0 0 0 0 0 0 0 0 0 0 0 0 0 0 0 0 0 0 0 0 0 0 0 0 0 0 0 0 0 0 0 0 0 0 0 0 0 0 0 0 0 0 0 0 0 0 0 0 0 0 0 0 0 0 0 0 0 0 0 0 0 0 0 0 0 0 0 0 0 0 0]
[0 0 2503 0 0 0 0 0 0 0 0 0 0 0 0 0 0 0 0 0 0 0 0 0 0 0 0 0 0 0 0 0 0 0 0 0 0 0 0 0 0 0 0 0 0 0 0 0 0 0 0 0 0 0 0 0 0 0 0 0 0 0 0 0 0 0 0 0 0 0 0 0 0 0 0 0 0 0 0 0 0 0 0 0 0 0 0 0 0 0 0 0 0 0 0 0 0 0 0 0 0 0 0 0 0 0 0 0 0 0 0 0 0 0 0 0 0 0 0 0 0 0 0 0 0 0 0 0 0 0 0 0 0 0 0 0 0 0 0 0 0 0 0 0 0 0 0 0]
[0 0 0 2503 0 0 0 0 0 0 0 0 0 0 0 0 0 0 0 0 0 0 0 0 0 0 0 0 0 0 0 0 0 0 0 0 0 0 0 0 0 0 0 0 0 0 0 0 0 0 0 0 0 0 0 0 0 0 0 0 0 0 0 0 0 0 0 0 0 0 0 0 0 0 0 0 0 0 0 0 0 0 0 0 0 0 0 0 0 0 0 0 0 0 0 0 0 0 0 0 0 0 0 0 0 0 0 0 0 0 0 0 0 0 0 0 0 0 0 0 0 0 0 0 0 0 0 0 0 0 0 0 0 0 0 0 0 0 0 0 0 0 0 0 0 0 0 0]
[-380 -903 1142 -724 582 399 -415 -442 -688 -730 -219 211 -305 75 194 291 227 314 266 -743 48 41 428 36 205 58 222 5 -332 -206 74 171 109 166 -5 -3 -136 -56 -117 95 105 254 97 -121 71 -136 -53 -142 184 -171 143 -267 269 -116 3 -114 141 107 -9 167 -229 54 55 39 -301 43 -247 95 -46 -22 -335 7 -5 -166 -84 197 222 151 -111 -297 -35 -30 176 -163 115 -58 171 12 -8 -62 373 77 -79 22 -138 -47 -94 -112 244 -210 164 -110 354 -135 129 106 34 61 -14 2 232 -170 297 30 236 -105 -107 -3 134 329 226 66 90 -281 -17 -58 -66 -69 -97 -284 -218 -81 -37 -38 125 -192 30 -4 -109 125 -11 -158 -25 204 268 -267 -171 72]
[0 0 0 0 2503 0 0 0 0 0 0 0 0 0 0 0 0 0 0 0 0 0 0 0 0 0 0 0 0 0 0 0 0 0 0 0 0 0 0 0 0 0 0 0 0 0 0 0 0 0 0 0 0 0 0 0 0 0 0 0 0 0 0 0 0 0 0 0 0 0 0 0 0 0 0 0 0 0 0 0 0 0 0 0 0 0 0 0 0 0 0 0 0 0 0 0 0 0 0 0 0 0 0 0 0 0 0 0 0 0 0 0 0 0 0 0 0 0 0 0 0 0 0 0 0 0 0 0 0 0 0 0 0 0 0 0 0 0 0 0 0 0 0 0 0 0 0 0]
[0 0 0 0 0 2503 0 0 0 0 0 0 0 0 0 0 0 0 0 0 0 0 0 0 0 0 0 0 0 0 0 0 0 0 0 0 0 0 0 0 0 0 0 0 0 0 0 0 0 0 0 0 0 0 0 0 0 0 0 0 0 0 0 0 0 0 0 0 0 0 0 0 0 0 0 0 0 0 0 0 0 0 0 0 0 0 0 0 0 0 0 0 0 0 0 0 0 0 0 0 0 0 0 0 0 0 0 0 0 0 0 0 0 0 0 0 0 0 0 0 0 0 0 0 0 0 0 0 0 0 0 0 0 0 0 0 0 0 0 0 0 0 0 0 0 0 0 0]
[100 1164 -195 878 463 -1208 -377 -100 -502 1361 -474 443 -225 967 -32 -134 14 -48 105 179 284 107 -414 31 -212 31 -162 -41 265 368 -31 -341 -200 -294 164 33 -88 -295 14 101 -55 -128 -228 60 29 7 87 54 -77 119 -210 98 -88 44 0 159 -22 -182 -39 -9 21 95 -23 -23 -52 100 197 -157 -92 8 139 -153 8 16 59 -225 -173 -24 -97 -136 4 153 80 -91 37 194 210 -55 102 75 -271 277 10 169 -30 40 -7 252 38 96 47 -58 -263 -147 59 -107 -58 -74 228 -84 -210 224 -3 -70 -85 33 177 -234 52 -505 18 -141 1 2 34 107 108 -5 32 45 -55 224 -17 38 -43 68 -250 -13 33 4 9 226 -226 -150 88 -48 42 -90]
[207 -563 -1032 -66 203 1256 491 922 -306 648 -352 479 127 387 693 274 336 115 -214 -615 283 47 71 -99 140 244 -20 244 -172 48 -44 -153 -33 -143 236 30 -7 -127 -180 206 89 -84 5 -79 105 -12 -84 -6 351 -263 -106 -56 312 -283 -170 -15 169 -121 -2 413 -71 157 -12 311 -365 -9 -8 30 -8 108 -61 -32 -41 -47 30 16 217 89 19 -151 -6 58 66 -387 210 -76 107 -250 90 -9 108 148 -88 -20 -353 -165 18 152 190 -82 129 -144 264 -49 110 30 178 -95 186 -106 0 -223 54 -16 348 -344 84 51 29 -330 101 -239 412 -180 12 97 -8 -116 14 25 -356 12 -45 -51 -39 58 -208 -36 -68 123 72 -78 -72 286 256 -218 -96 16]
[-587 -340 -329 -658 379 -857 -906 1139 -382 -1378 133 -268 -432 -312 -499 17 -109 199 480 -128 -235 -6 357 135 65 -186 242 -239 -160 -254 118 324 142 309 -241 -33 -129 71 63 -111 16 338 92 -42 -34 -124 31 -136 -167 92 249 -211 -43 167 173 -99 -28 228 -7 -246 -158 -103 67 -272 64 52 -239 65 -38 -130 -274 39 36 -119 -114 181 5 62 -130 -146 -29 -88 110 224 -95 18 64 262 -98 -53 265 -71 9 42 215 118 -112 -264 54 -128 35 34 90 -86 19 76 -144 156 -200 108 232 53 243 46 -112 239 -191 -54 105 659 125 305 -322 -101 -29 -155 -58 47 -111 -309 138 -93 8 13 164 -250 238 32 -41 2 -83 -80 47 -82 12 -49 -75 56]
[-441 1194 -874 -980 -989 -67 -460 1313 192 1200 6 246 198 486 -36 -79 491 -117 361 -130 -150 10 -173 -2 125 346 -122 112 -90 53 75 -122 260 181 68 37 89 254 -41 54 -171 -293 -165 -155 265 140 4 -67 95 7 65 35 -88 93 -179 177 189 -253 20 6 21 219 -318 190 120 40 -89 -166 -92 -58 346 -28 137 227 160 -93 -177 -240 199 15 -65 -135 -93 -28 -206 44 21 34 -89 115 -75 44 63 -47 16 188 9 -44 -86 180 -86 99 -204 -21 124 -35 -238 -172 -18 -85 -10 -23 -413 58 -45 103 -41 112 -92 -148 -227 -111 -185 166 -277 148 -89 -52 -275 237 -132 102 -102 227 -176 254 17 22 -142 91 34 13 3 -172 215 -73 -91 -71]
[947 -642 -1066 -80 111 1324 -765 -360 -607 722 -154 -169 -342 -266 -204 803 314 140 387 -22 60 378 -140 -25 -55 210 236 147 -16 -130 -105 -44 -73 132 66 215 -39 -9 -24 93 -65 39 -107 -91 59 -9 -95 36 154 -53 262 -48 144 -129 -46 -112 309 0 6 192 -47 105 -158 26 -73 90 -176 -98 -148 -100 67 -152 131 -13 -108 135 103 -77 -69 -257 -84 -170 63 -258 57 166 346 181 -140 70 108 199 -183 110 300 177 -113 -102 -13 18 -57 37 -43 -57 141 185 -224 34 -2 -53 -13 146 -60 -40 -87 134 -25 -126 105 192 292 192 -125 -222 -126 34 -80 -42 -428 -81 -266 171 -91 176 112 67 -2 -24 -10 74 -185 -279 73 -108 450 -157 -167 -33]
[423 26 -164 -742 -1355 826 323 1084 623 51 -29 275 -266 -126 101 -373 -44 198 -332 63 -164 -309 -144 174 143 -212 282 115 -102 88 317 27 -123 -139 65 -291 -172 154 -37 -121 305 -112 -302 111 -154 -8 -253 -132 -81 126 -118 199 -370 123 -25 12 -175 223 83 -182 23 215 215 61 162 -94 152 -268 10 169 157 80 127 200 14 -90 -142 -72 103 263 180 194 -39 -159 -121 -190 -195 216 41 -61 -111 206 207 79 -152 239 -66 63 48 217 -133 26 -227 -103 31 -23 -173 -92 -65 -73 -74 171 -269 -33 -84 321 154 -10 168 -122 -109 -323 -3 -3 39 308 197 -76 223 183 309 17 324 184 -35 -196 2 -30 33 246 124 67 -106 -112 57 313 211 -70]
[-371 1164 421 -779 596 62 856 1361 -535 342 -698 282 51 681 -371 -93 -201 -2 -35 33 -2 0 -63 68 -244 12 -275 9 276 214 -120 -363 27 -101 246 360 162 -106 110 104 -335 -323 -180 -100 171 1 151 335 -239 65 -343 180 84 91 203 165 280 -154 -207 -9 157 -83 -159 93 120 46 153 40 152 -130 -247 75 -231 113 243 -89 -81 52 -206 83 139 -106 -49 -51 66 271 81 -104 235 274 -388 49 -51 -106 395 -49 -43 193 -167 195 72 95 -167 23 -37 -238 34 -83 150 21 -146 48 109 -116 -173 -13 165 -37 -347 -387 -148 62 -92 281 125 4 -107 156 -96 -26 -23 302 58 -46 -71 383 -9 -36 87 -173 -184 188 -100 -80 -138 87 -73 -92]
[1129 575 1148 760 -492 -905 -228 -1381 -286 153 -146 613 -29 -187 -220 99 60 32 -101 -453 -402 -484 182 411 -41 -56 -15 -290 42 -238 171 -280 264 94 -32 25 2 149 -87 137 50 -207 -358 -3 154 -36 102 -135 -63 14 -18 320 -151 365 83 245 259 269 10 -309 -202 -123 47 -84 140 43 18 -177 66 -368 -185 109 -58 57 25 -10 -268 -12 67 26 155 -146 101 54 -129 240 -201 30 78 16 -146 39 -30 117 140 454 -136 -16 94 -6 89 98 -11 13 216 -183 1 -173 -277 15 179 -59 33 87 -235 355 124 77 -173 98 47 -68 -103 128 -303 72 -74 103 -153 -35 100 240 201 268 -26 68 -1 -12 1 -43 85 452 -142 -97 30 272 -94 -133]
[-779 245 -776 -287 217 -774 -979 -657 299 -350 540 -522 -15 -124 -259 -307 20 156 500 -177 -252 -18 606 156 37 -321 -166 17 -380 -306 80 165 189 355 -50 -26 6 176 203 -173 -323 4 140 -79 47 -40 -23 87 -16 -137 25 -238 125 -8 206 -55 -54 10 -93 39 77 4 -152 333 53 -58 -181 154 154 34 -298 102 -56 -15 108 64 18 195 -58 126 38 -78 -91 140 -24 -310 -130 -157 36 118 243 -223 39 -449 62 -394 50 -220 -147 -44 197 -143 126 238 -70 74 296 50 -25 254 145 -107 15 53 282 -197 -99 118 -224 399 -190 96 -3 15 177 -147 -191 134 86 -53 42 -318 -72 -50 -104 141 141 44 -215 188 -205 -127 173 111 -91 -193 125 122]
[-116 -340 -945 999 246 376 364 -322 -349 -359 357 -107 -708 -26 -160 -24 106 153 620 18 51 101 6 98 97 -167 355 -289 -171 -100 207 346 -85 116 -323 -360 -379 -118 -33 -114 296 533 44 118 -176 -118 -33 -417 -5 146 382 -293 -215 120 -30 -105 -330 200 161 -246 -294 75 203 -388 -108 106 -195 -132 -282 8 112 -189 275 -216 -298 45 -87 -14 -21 -365 -164 171 239 184 -124 -59 193 311 -231 -252 382 157 70 317 -210 207 -76 -205 259 -227 10 -119 -6 -256 115 207 -236 165 -122 3 168 229 131 92 -24 285 -179 -251 504 541 291 102 -229 -380 -120 -52 157 -114 17 -238 106 -171 -67 97 192 -565 -3 55 -95 179 110 -42 -79 -152 238 -184 40 58]
[0 0 0 0 0 0 0 0 0 2503 0 0 0 0 0 0 0 0 0 0 0 0 0 0 0 0 0 0 0 0 0 0 0 0 0 0 0 0 0 0 0 0 0 0 0 0 0 0 0 0 0 0 0 0 0 0 0 0 0 0 0 0 0 0 0 0 0 0 0 0 0 0 0 0 0 0 0 0 0 0 0 0 0 0 0 0 0 0 0 0 0 0 0 0 0 0 0 0 0 0 0 0 0 0 0 0 0 0 0 0 0 0 0 0 0 0 0 0 0 0 0 0 0 0 0 0 0 0 0 0 0 0 0 0 0 0 0 0 0 0 0 0 0 0 0 0 0 0]
[981 -877 748 -42 54 -37 -446 -1070 497 521 -66 134 498 2 97 -293 -211 -706 -289 321 103 -325 -242 -329 -78 263 -207 -201 265 73 160 -49 -134 -195 -89 -178 286 -263 26 -149 185 90 47 220 -238 5 32 -100 -265 149 -36 223 53 -4 -37 164 -359 -31 128 -265 -22 -216 378 -391 158 -95 282 -12 118 -102 120 148 -59 -76 17 -193 -162 -27 72 -16 -47 84 -152 243 -43 49 17 -31 2 -70 -379 201 -54 286 54 43 -30 225 43 22 -191 209 -222 118 -157 -138 -150 98 -246 -87 -110 -10 118 -148 -286 132 8 -47 5 -224 -76 -80 -99 13 131 -2 61 175 313 11 326 113 87 -372 188 -105 177 155 238 -318 251 255 2 -61 -319 252 -119 1]
[-485 1158 -871 217 1038 -102 -705 350 -115 908 -34 99 -95 180 469 514 180 -66 122 -290 46 125 211 -214 66 243 45 93 -202 4 238 311 -117 19 153 -58 -274 -61 -13 -156 141 80 -174 -178 173 78 -255 -167 181 138 127 -319 28 -189 33 47 69 110 -97 94 -237 231 87 181 -392 -19 -168 44 -266 53 -128 126 133 7 133 329 49 -51 -71 -231 -11 -102 -9 -199 100 -91 134 47 77 3 205 106 -38 -3 -182 -76 -126 -122 332 -212 61 -126 67 -174 44 111 -129 270 -63 -94 414 151 56 83 156 176 136 -18 275 244 410 -33 55 -247 175 10 -172 -178 -123 -74 30 78 241 -94 74 -248 164 37 -122 228 76 -420 -22 77 236 -285 -196 143]
[-1149 -947 -783 -562 356 -433 198 941 392 368 -47 -326 -197 -525 215 44 -61 63 356 496 14 -200 -146 -54 3 -391 485 150 -10 -65 -78 23 -211 -187 -101 -188 57 39 -204 -148 112 -80 -57 371 -373 -83 -158 -82 -194 -231 -199 133 -84 -199 129 -173 -120 211 225 46 120 42 329 -29 183 -84 176 -138 132 -63 14 -128 174 72 -158 -259 45 140 -39 421 -24 232 -81 -126 71 -92 -142 5 -31 13 -201 282 -66 -112 166 69 -56 216 12 219 139 117 -247 56 -94 -1 246 73 -64 -26 -361 276 231 -31 -323 -34 183 -67 -9 -78 218 -219 171 -111 113 74 153 73 348 163 143 77 152 -251 104 -62 40 -90 123 -49 9 67 29 -198 83 310 248 -162]
[151 591 630 597 55 1051 -114 -658 -454 -292 140 -236 -64 198 -569 -538 -242 320 232 -51 -133 394 75 93 -50 -46 -130 -36 95 221 26 -207 -175 -91 166 -100 -241 -244 252 214 87 189 94 20 -191 12 204 -123 -28 -96 3 -51 -90 120 -2 -200 -254 1 -68 103 219 56 3 16 15 53 -92 -195 193 140 11 73 -40 -136 -145 -187 -91 115 71 -156 123 231 207 3 -24 -175 119 -53 -36 -252 247 313 74 177 -126 -311 -122 -41 -58 -71 -178 -36 28 -14 -250 66 -156 17 169 32 -266 67 116 -18 220 -55 -119 -209 93 55 -243 -32 2 -370 339 113 133 194 171 5 150 -145 -103 35 84 -85 -109 1 -46 202 76 -122 -113 92 1 23 -64 44]
[871 -204 560 -805 37 1002 131 801 216 145 -145 -773 -164 -551 -48 -253 1 -13 -56 411 -261 -242 -137 -185 225 76 -55 169 -174 -67 60 334 211 347 -247 -43 350 -29 -103 -232 -322 55 159 152 -165 -6 69 258 -382 51 -52 -22 152 -84 -34 100 -213 -204 19 -2 232 -42 25 -41 186 -28 87 233 111 160 -115 -17 53 134 205 -136 181 8 -220 74 -36 19 -186 216 -52 -84 -54 31 -149 -129 -249 -25 -9 -289 149 -57 -41 -112 -236 344 -94 35 -322 221 -44 -22 -10 9 141 29 -224 -42 -6 -156 -361 -252 -147 -58 -303 -145 -327 69 -287 94 -17 -43 243 234 73 -52 19 -25 -253 -354 -91 15 173 63 134 -237 -114 16 97 -189 -239 67 231 -34]
[610 -711 81 1216 787 684 622 -854 -357 393 372 89 -16 1050 -108 -600 -399 -536 459 690 220 -166 -336 1 -341 -298 -180 -390 413 430 -195 -58 -18 -346 -160 88 28 -271 104 21 -185 192 213 219 35 34 223 -118 -172 321 -168 35 -398 9 157 -87 -162 -229 38 -237 34 -238 10 -455 276 -24 185 86 -110 -12 425 -272 -93 -120 -210 -429 -102 -48 -126 349 -189 133 -84 373 16 305 -37 -19 -34 424 -321 -195 116 58 175 -36 280 423 -97 -65 199 154 -242 -90 -189 -184 51 -93 -35 -39 -336 244 180 238 -75 -226 191 -56 85 -370 41 127 -62 232 -3 -261 31 -119 296 217 60 -83 -55 -209 -44 -27 -372 50 58 -202 75 273 -65 -52 -329 -26 63 -103]
[1150 -345 -80 -317 -849 600 -583 -282 -70 -189 13 -113 50 16 -343 255 258 169 490 148 0 209 17 -332 165 -103 3 1 101 8 87 425 271 274 -112 -2 -116 140 -108 -238 -138 88 -78 -219 44 44 83 54 -149 247 96 -428 -126 40 -71 -36 120 -35 -108 -103 95 63 -233 3 -142 146 -212 105 -359 70 -113 -116 248 -11 97 327 -95 -172 -137 -270 -59 -114 17 158 -138 -51 -61 277 -180 -306 248 -420 154 -85 -134 -20 -134 -285 57 -43 -34 -40 55 -223 64 85 -190 375 341 -215 345 178 -44 119 -219 260 -228 -155 10 317 133 212 -282 66 -86 -72 170 1 -257 -87 -243 28 -149 49 53 -156 250 -113 80 16 -88 -433 -13 -417 110 -120 -23 37]
[827 -1019 -681 627 227 -325 -71 189 -228 104 66 -283 -188 791 -42 -788 522 175 583 -573 66 203 96 202 -71 67 -93 144 -103 -137 -15 -355 -2 186 51 -242 -22 69 88 14 -222 -138 65 -80 197 -87 3 32 199 -235 -86 -184 196 5 -57 -36 -214 -308 34 252 10 219 -170 308 -48 108 -190 -213 219 -193 -26 -53 -79 57 39 -168 -267 219 8 -187 -21 128 -114 -46 -165 -335 146 -254 78 -30 146 427 69 -195 -156 -296 149 -75 -100 40 106 -98 -3 197 142 -95 138 -225 117 125 70 -141 28 -62 192 -172 -10 -20 -100 -7 -291 -247 189 -93 -130 61 -99 -19 246 129 -196 -73 -158 0 -170 269 -2 57 -407 320 -109 185 25 -14 222 -390 -82 24]
[584 561 370 -28 541 -161 801 13 1171 -248 283 169 731 153 152 -360 19 -115 39 217 -121 3 -87 -49 96 88 -400 231 -218 -94 63 -44 -41 75 199 -127 110 266 118 -106 -4 -82 215 68 -161 -55 7 3 154 -212 -56 158 153 11 -197 86 -127 -167 61 108 140 100 -175 205 159 -180 14 -111 47 247 348 103 143 -65 24 -222 94 -145 217 237 -103 -33 -141 137 -259 -209 -69 -61 -14 44 142 -171 193 -36 -238 -175 120 -77 -133 278 -180 -18 53 260 -12 96 10 -130 78 101 -121 -169 -552 -248 322 -171 -10 32 -125 -153 -690 -297 -51 131 -22 358 58 136 -48 336 -80 -179 -172 149 -216 282 104 120 -144 134 -78 -31 248 30 73 160 170 13]
[-520 465 340 1046 367 -844 250 -1292 107 327 -230 -3 -155 734 -430 -533 -284 -278 -117 386 217 236 -482 301 -207 -32 -56 -54 126 95 -19 -105 -118 -172 -117 -152 -32 151 332 -263 -188 14 38 -117 -49 -40 135 216 -180 162 -144 246 68 283 152 15 -297 -139 -43 -135 -34 -54 85 37 267 122 209 -59 286 -106 8 115 -74 256 119 -33 -117 177 -131 4 -88 76 -193 290 -237 -160 43 66 185 164 -176 9 237 -42 83 -33 218 -71 -145 252 -124 -120 -51 -72 98 -109 27 -196 195 238 99 27 -144 -202 -124 177 -12 -96 37 -63 -401 84 -49 267 -10 -31 2 14 134 24 181 52 -22 136 -237 107 151 -12 71 -8 -245 334 61 -202 -230 -140 163 17]
[-767 -1058 946 23 203 498 358 -639 -66 645 276 121 272 -744 93 79 5 186 346 -55 -441 -120 362 38 25 41 42 -55 -296 -401 -32 64 -23 346 26 48 54 15 -164 108 -8 -238 -36 16 11 -70 -108 51 31 -369 -45 57 207 -54 62 141 280 331 57 49 -34 -72 -43 -21 -210 -91 -122 154 -29 -174 -460 81 41 -117 113 169 43 73 -28 -28 19 -226 122 2 180 199 22 -205 54 -77 52 -92 -210 -167 301 14 -191 -105 51 -234 191 120 82 281 -117 12 326 182 -192 220 113 -170 315 -64 -2 -89 145 139 -325 408 266 99 120 12 151 -170 -67 283 -78 -41 82 -23 172 -228 48 164 104 -60 -70 -136 -60 55 72 133 72 18 -87 48]
[697 -1074 -713 -508 -482 -163 485 -354 -883 58 -346 172 -249 -773 170 840 -110 -159 -678 -147 -83 -251 155 98 -77 -115 -301 51 -86 -233 16 -8 52 78 73 160 -105 -337 36 -50 25 162 1 74 115 -133 -151 108 134 114 -72 140 200 -212 38 -54 139 69 -259 -63 176 -215 200 0 -151 -145 -42 389 -37 152 -219 44 -104 -154 67 248 233 6 -368 83 163 -209 -93 17 209 -90 -112 12 121 58 13 -168 72 -22 107 128 -11 12 173 -252 43 6 140 71 161 37 83 157 218 -133 208 -158 160 77 -22 -77 264 -100 -159 -38 159 17 205 -155 36 0 56 27 62 12 -267 117 183 -47 -22 5 26 110 110 -105 -117 -87 30 -16 41 79 -221 -51]
[178 765 94 59 -261 -422 -90 363 -199 -341 -114 101 228 -346 -310 422 -59 -185 638 54 106 -81 283 -89 -118 -47 323 -254 387 -128 -76 367 288 6 -89 370 100 336 -91 9 -216 229 26 -134 222 -55 95 -74 -128 126 142 -193 -89 142 228 65 505 130 -16 -186 -422 -355 -253 -247 100 71 -192 49 -180 -366 -415 -46 -70 -103 -142 330 21 17 -102 12 -5 -283 53 38 -70 393 -7 274 -49 222 63 -480 -10 52 201 117 34 32 -2 -36 174 45 337 -181 150 -150 -74 14 -266 -281 441 102 363 167 -291 249 -103 174 -81 320 342 366 -181 294 -397 -294 -203 -122 -395 -125 -137 -18 54 -18 21 -141 226 -107 160 -131 -113 -96 117 -29 -3 -98 -207 -20]
[963 605 286 5 23 750 -701 -1183 716 -725 312 84 -103 -562 82 231 368 13 83 -272 -207 -333 118 191 356 16 239 198 -680 -460 20 101 155 350 -123 -294 94 429 -111 -248 227 -191 36 162 -16 -177 -166 -64 73 -268 62 318 299 5 23 89 -67 198 220 -97 8 19 377 135 30 -85 -17 110 125 -75 23 128 118 54 13 175 46 -17 88 204 -116 -191 -99 113 -7 -266 -119 -80 81 11 56 40 52 -138 180 437 -14 -266 100 1 86 62 65 162 165 213 170 106 -221 283 25 -359 -237 -270 -149 55 -3 337 -26 256 -13 -233 164 20 8 135 -13 72 76 -41 5 124 206 34 27 125 345 31 95 -114 -1 257 130 -191 176 219 34 -95]
[196 -190 -1151 939 -1010 -58 6 755 509 395 -87 340 198 73 -48 257 131 -63 331 96 -51 224 -124 -147 -97 130 3 301 -57 -97 -229 -34 -153 60 129 230 220 511 19 -131 -228 -440 -12 -184 410 -84 -207 247 125 -145 -191 50 248 9 153 341 223 -114 17 139 -154 222 -261 156 77 -46 -117 142 12 -221 -132 84 -93 163 222 308 -8 -107 -54 296 -58 -293 -243 83 -39 177 165 -152 307 366 -155 -201 -20 -325 289 7 248 -64 -41 173 151 95 -51 113 104 -104 110 -64 -170 176 291 -159 -97 -234 1 -55 153 357 -307 15 -134 -55 157 437 -113 -121 -370 -181 -142 160 -58 112 255 -36 -325 453 283 -57 -215 -117 -146 211 232 65 48 -201 -51 66]
[53 368 -259 -2 23 -271 -1311 396 163 -433 3 -100 -62 -765 130 -26 205 274 -167 -84 -373 -246 -30 195 260 53 264 -99 -227 -106 -85 300 235 64 -172 49 -12 405 -125 133 67 238 118 39 32 -131 237 -176 56 -63 80 -120 -42 190 -89 38 -7 15 233 83 -258 -48 -168 -297 72 41 -152 -129 -151 -81 -95 50 86 -35 -222 15 209 -154 77 -47 -172 -85 83 106 -193 163 -9 194 -129 -70 156 -41 129 191 -121 220 52 -199 242 193 1 -2 -13 -17 307 -1 -122 -273 -184 -21 40 -18 -21 5 -64 -60 -164 150 109 118 -91 21 -155 41 -416 94 76 -79 -357 -35 -86 -85 -130 169 -18 -250 -92 -103 -94 -68 161 12 100 151 40 -15 113 -40]
[-458 86 -960 -613 -348 843 -643 383 319 500 -132 -174 -58 -294 448 -38 295 -5 -353 -142 461 -220 394 -108 100 -340 254 219 -195 -103 -34 31 138 -62 -3 -110 57 81 -82 -188 165 99 37 147 -302 -245 -146 5 5 -148 -241 -201 187 -314 42 -381 -251 -22 1 108 235 -272 293 52 -63 -17 6 10 148 25 -347 -71 -99 -129 -189 37 61 223 6 73 159 183 -227 -189 101 -520 -118 -155 -9 -20 -45 204 146 -34 -137 -128 86 226 79 -47 230 -85 131 31 82 -38 242 116 163 -130 -68 -27 273 -15 -132 -94 -45 36 42 -133 114 -139 374 -209 52 31 160 -88 422 -78 -117 -133 56 -107 217 -128 86 -23 215 -160 40 -75 -9 -156 36 49 -72 -81]
[13 -181 31 980 -581 847 -551 189 -412 -239 286 -40 229 796 -594 -540 189 -197 375 342 -101 -118 -384 -73 -78 46 -391 -283 209 311 231 -112 130 37 -82 -5 88 -251 166 -27 -84 28 -199 26 -85 75 248 -10 -143 406 -47 -24 -201 229 -136 251 -346 -270 53 -201 94 6 -171 -478 220 78 138 -159 -240 86 466 -124 124 -128 -33 -224 -426 -294 114 -214 -85 46 -127 301 -200 199 249 102 -236 10 -188 64 65 305 -46 -99 -56 90 -65 142 -245 19 -422 67 -33 21 -472 -16 31 -46 -245 247 -302 -60 -29 175 -130 -218 15 -214 -286 104 -382 -84 -20 39 276 126 46 59 -65 14 -211 85 76 -91 -246 81 127 -57 154 145 -28 -287 -67 -77 62 -12]
[-826 232 -470 -119 357 -206 -73 215 -221 -283 218 -463 633 -633 882 398 420 -421 -31 -134 70 -200 -152 -332 217 447 229 112 -36 -253 -115 471 274 48 -166 -94 125 76 -180 -238 8 130 281 66 36 20 -61 -157 216 -134 103 -29 392 -336 -102 -160 -29 -90 127 124 -65 -289 169 -154 -173 -139 15 191 -133 -104 118 153 80 -171 -68 311 311 -44 -1 -97 -383 -302 -354 153 -6 -97 -5 24 -43 -36 82 -80 29 82 31 38 34 -51 279 -186 -113 271 180 204 117 107 101 238 -136 -90 283 -165 95 5 -138 -93 -5 142 172 134 301 142 215 13 -116 -44 -8 97 -59 190 -196 48 28 -331 237 -82 240 29 195 -209 98 -318 321 34 46 -170 -298 -13]
[-406 496 -1195 -454 -216 -76 -320 212 96 300 -146 1043 35 477 285 40 -17 -290 145 -1 -27 -141 -287 92 80 43 177 -99 -60 49 0 -243 -141 -162 60 -42 78 58 -74 102 193 -147 -50 -85 142 -51 -159 -177 -121 -166 -50 337 110 139 -42 376 62 60 142 -237 -251 153 112 -8 122 -38 138 180 149 -42 89 33 58 327 213 -26 -98 -5 131 243 -59 130 51 -52 -7 148 -165 17 182 180 -191 -106 103 119 16 425 81 165 184 -24 36 107 5 -288 -28 -273 26 -176 -174 -76 32 -174 47 60 -32 72 32 235 -140 -207 -83 -61 190 285 -85 -32 -140 -48 52 77 254 122 291 102 -158 3 104 -6 -23 -160 109 446 -121 33 -47 63 12 -44]
[628 -986 1153 -791 -938 -367 64 -237 -537 809 -194 -105 -266 -153 102 106 438 423 323 117 89 253 -258 98 -22 -346 38 295 45 81 -60 -129 42 -118 -30 52 -242 -50 -64 57 -91 -70 -221 36 -163 -124 -25 -106 27 -285 -60 -88 14 -109 -101 -45 -93 -302 -86 112 216 179 -87 134 49 164 -47 -83 7 112 23 -407 198 119 -7 -77 -84 54 43 -145 127 306 18 -214 -142 -257 -48 -75 -123 -194 80 225 233 -19 -276 49 57 149 136 94 31 -97 -260 -238 315 -86 44 2 349 -326 -104 328 46 171 -170 50 -52 -275 -81 -362 37 -128 253 -250 -296 139 268 15 -34 99 -260 -39 -260 307 -9 -123 -167 -111 -90 126 69 -68 -57 -326 332 -142 133 -150]
[-525 -50 -873 651 927 -188 -257 -220 313 -1395 172 83 232 26 -403 -341 -359 332 -148 -48 -365 -370 536 39 97 -208 108 63 -20 -28 424 262 -47 -96 66 -113 -34 71 34 -62 306 20 -146 -18 -193 3 -167 49 54 326 -238 51 -333 -148 89 -253 10 381 -23 46 36 138 164 -174 48 -136 43 -113 -54 104 -25 212 -126 -10 -117 -25 51 0 -27 264 170 31 -9 -201 38 23 -183 217 16 19 -12 -111 -46 -144 -58 -182 -168 75 117 -14 -77 115 -45 -8 -185 95 -113 133 -197 -127 67 170 21 46 123 125 200 -12 88 139 196 -111 59 -162 394 44 87 -41 331 -31 138 -89 355 -52 161 -253 -55 -81 -11 252 166 -348 33 219 -45 290 61 93]
[-116 -1093 541 398 -220 609 -740 -1175 509 638 337 -187 358 570 -170 181 81 -431 568 670 508 263 -373 -286 -343 -99 -87 46 435 82 -221 -139 -153 8 47 210 352 -41 -74 -258 -295 -62 -35 58 -155 102 4 256 -142 198 10 -155 -129 -183 114 -185 164 -256 33 148 94 7 -211 101 278 61 19 -231 -59 -160 191 -302 186 22 -21 -284 -231 37 -104 106 -96 19 -264 -52 -45 37 69 -25 -169 266 -300 26 -63 -123 380 -227 116 186 -451 266 178 76 -215 128 -3 -127 -38 17 90 -96 -183 440 -117 -71 -281 18 270 -127 -108 -179 108 13 -231 164 -28 -117 -127 -169 -41 305 -252 143 -234 -285 22 343 -85 -89 19 45 -348 -147 216 -432 39 -118 -23 -113]
[-1074 243 -1089 243 -374 886 434 622 -95 759 -305 -185 49 79 134 311 74 -440 -145 43 -33 -46 37 9 2 237 -56 180 -139 20 28 -154 151 -25 36 295 372 -13 145 142 -134 -37 20 -114 21 -17 -35 125 57 -75 30 245 426 -209 78 213 128 -199 -14 101 -133 -137 56 45 223 -79 108 190 275 33 -1 -10 -78 265 70 -75 306 93 169 146 -40 30 -163 -111 91 149 89 -134 -77 451 -159 -8 -127 -128 81 -5 123 252 -81 96 58 -140 -6 97 17 -31 -26 -223 -95 -155 -199 -215 29 39 91 -205 -271 127 -340 -330 -98 128 112 -151 -70 -130 -123 72 9 -113 -124 -84 -124 32 -64 75 -44 116 225 -144 -11 173 94 230 -180 -51 64 -34]
[141 393 -781 281 -80 1049 51 -574 -358 -479 -17 510 114 797 -99 -198 375 176 268 -166 -15 -106 236 45 144 169 -78 287 -75 235 145 31 225 -106 276 246 61 78 -75 40 -51 -231 -235 -59 223 37 -75 -84 197 81 -279 -273 -146 -188 43 3 125 -170 -144 73 206 209 -17 199 4 -78 5 -81 -242 105 -17 58 76 36 113 9 17 -60 71 217 94 -17 -63 -173 23 -42 -8 -64 52 208 -87 116 231 -221 -91 -71 -39 249 234 -65 224 108 -225 -73 159 -12 -104 95 97 -345 -43 207 -35 115 4 10 162 198 58 -282 144 -217 107 -146 77 48 -112 -65 71 224 -261 19 100 2 54 108 -151 -108 -98 121 123 -169 -33 -18 178 -122 -192 -121]
[438 679 -510 1161 -322 -658 654 -187 296 -372 -28 -290 875 -327 427 64 -172 -301 -273 6 -318 -402 71 240 -49 -8 -424 -242 -78 -145 -80 149 272 26 -60 258 164 61 40 -50 -345 -210 40 31 158 50 196 -29 -126 -263 -162 176 155 123 261 364 112 -114 -106 -118 -70 -214 -119 114 283 -68 87 273 260 -63 -315 374 -79 204 458 58 -40 119 12 413 29 -229 -123 110 9 -28 -551 -269 122 317 -234 -414 3 -268 187 -19 2 116 39 26 42 -23 60 156 11 -287 315 -170 -312 31 107 -55 107 192 -15 -128 182 414 -391 -67 -181 46 27 412 34 -127 -272 93 -132 -8 233 35 114 -276 -122 100 138 99 13 -216 74 74 220 84 -479 -44 81 -24]
[1097 -1094 -621 862 1048 -505 846 248 228 -328 0 150 579 619 306 -321 -75 -104 1 -57 -23 -80 59 -331 73 242 -63 -6 173 -28 376 231 61 112 -28 -356 -162 28 -83 -168 -34 -157 -242 -2 -106 78 12 -149 -146 31 -75 64 -82 77 -87 9 -96 182 -69 -41 37 -53 44 -65 -150 61 -44 -163 -27 -18 -214 205 46 -124 110 129 -273 -126 -49 -248 216 -60 -34 23 -48 -110 -96 -24 -10 -362 -155 1 13 96 -168 55 -272 25 50 39 -246 103 10 58 -143 -50 -112 201 -24 -12 247 37 7 3 -214 304 168 -147 33 72 -9 -78 -49 28 132 142 272 182 -26 63 231 71 147 -153 29 -142 259 55 168 -17 182 -118 -73 -219 32 123 -217 70]
[-49 968 1185 -1139 -478 751 -672 -116 -531 -383 624 -231 -46 -16 -243 -364 -352 43 274 180 -204 148 83 137 62 -264 139 -372 -99 -176 62 179 -87 232 -311 -98 1 -269 196 -22 -29 608 362 74 -210 -7 167 -4 -165 32 381 5 180 282 75 50 -366 227 140 -132 -298 -81 48 -190 140 -36 -35 169 171 126 -23 10 135 -133 -35 -29 147 176 -75 -185 -161 110 100 411 21 -31 33 81 -203 -124 374 -180 -51 102 -40 -261 -29 -258 -191 -78 -132 -267 212 168 -164 158 23 -103 44 346 -5 -79 114 -78 308 -191 -302 -155 -6 568 -179 375 -161 -251 65 -223 80 228 58 -63 98 -371 -280 -115 -135 -237 -117 6 22 129 -272 186 202 177 -285 -231 241 118]
[347 241 -220 1010 -751 568 -76 -134 -430 34 -437 850 -177 358 203 -330 150 287 -421 -824 54 30 -282 -64 385 271 9 202 -118 327 113 -64 47 -279 173 -227 7 -147 -174 243 348 116 -40 -1 -40 119 86 -34 168 -30 73 329 68 -41 -184 96 -34 -82 108 313 -240 252 280 311 -311 81 166 -56 192 292 130 -144 -30 71 -34 -75 152 188 53 -340 85 367 174 -146 142 -125 74 -290 -29 -394 123 153 66 143 -676 -148 41 87 50 -47 -71 -242 269 -265 77 77 5 -149 362 -180 -164 -391 42 -133 178 -289 -78 -8 116 -563 103 -342 493 -351 84 12 362 -22 260 39 -184 -9 -78 -95 14 -298 -390 -229 261 243 333 271 -273 297 3 -95 134 -41]
[53 530 1165 349 50 535 572 395 65 36 -99 312 289 -562 -90 279 -519 335 -733 -285 52 -243 249 387 131 -118 106 27 -47 -321 90 123 4 -62 -103 20 -72 139 -68 -52 129 18 -40 -33 -125 -86 -47 113 136 13 -35 371 118 74 136 -53 257 308 -88 76 -215 -128 104 -1 38 -114 45 -30 105 -19 -210 286 -156 -86 -48 192 205 69 -126 40 136 -184 94 -225 84 122 -233 82 193 35 -5 -258 -36 57 86 147 -119 -109 60 97 -160 -16 362 41 241 104 68 -105 -307 12 336 -117 -183 -61 250 101 245 6 -16 41 -16 -1 45 155 138 119 7 -81 -165 -225 -11 -1 157 137 84 -66 -80 25 35 121 20 -158 206 339 -24 283 119 105]
[-736 -82 -695 -1085 1295 1279 -85 -942 -449 200 -329 200 2 493 -262 -242 -288 364 -110 -182 -69 69 111 176 -25 -423 -169 -134 -48 188 -129 -240 -142 -121 397 122 -307 -244 203 93 193 -35 -131 -34 -258 -175 120 20 -4 -131 -255 142 84 -27 257 -176 184 128 -246 19 242 -194 -73 61 10 -174 52 -126 99 343 -208 165 -53 -365 -84 -17 69 40 -51 148 155 55 103 -124 170 -33 61 76 167 185 158 -111 161 300 259 -201 -142 180 9 -71 -12 67 189 59 -100 48 41 63 231 139 -257 -64 64 -30 368 8 155 -186 23 -18 -235 87 46 8 606 176 95 205 -28 -15 214 -19 331 146 334 86 -140 -55 201 20 -154 -178 3 130 -109 223 62 -15]
[-100 1080 -1155 -437 -453 -547 -63 183 -29 -171 359 426 104 50 613 805 284 -341 -12 -535 35 -22 49 144 99 495 -344 -173 -338 -175 120 263 208 125 -178 -210 -396 26 -140 132 182 69 72 -207 336 -118 144 -403 543 -124 286 112 135 -53 -124 -33 278 -19 30 -21 -382 -54 59 -61 -294 52 -180 -28 -179 -90 107 -42 130 -172 -98 184 230 -134 93 -286 -224 -261 232 27 51 -42 28 1 14 98 430 -259 73 95 -193 385 105 -42 390 -314 111 -150 361 -93 412 131 47 -69 -114 86 472 -349 -126 261 294 -43 85 77 234 215 179 -52 186 -78 -299 -21 -171 -267 -369 -16 -263 -86 -62 211 -100 -157 -34 59 -87 184 140 -38 41 160 301 -281 -190 -32]
[85 342 199 1199 629 -631 960 443 -1119 -89 -608 692 -192 824 162 -195 -143 237 116 -636 128 -68 -50 152 145 -114 497 147 -124 304 -149 -72 107 -437 37 44 -268 9 -189 160 295 92 130 -100 102 9 -41 -307 20 -26 -197 -227 -205 0 89 -317 99 -31 -4 137 -52 103 289 7 -75 14 -103 -61 93 -96 -75 -67 -53 138 -203 -116 34 203 -3 137 5 264 88 -127 -47 -97 -46 -101 144 67 195 323 250 61 -211 27 85 136 342 -99 282 181 234 -486 -5 -141 -35 -10 -52 -241 6 -32 351 173 70 10 69 93 239 -191 215 -213 196 -23 1 31 -84 -298 329 58 -108 79 70 -138 146 -144 -142 -69 -133 87 269 -12 -222 119 88 55 -193 -95]
[990 -648 573 995 -837 -1145 -285 -915 -216 421 -286 284 38 284 -214 248 -312 -311 164 454 528 41 235 -78 -257 -240 -341 -164 330 318 -33 49 -122 -446 -57 27 -134 -343 83 -79 -43 192 206 28 17 76 52 51 -160 252 -11 -147 -132 -18 133 24 -131 -114 -123 -377 5 -161 265 -108 -165 50 246 312 -28 53 -47 -161 -130 -107 36 17 -97 167 12 -43 136 241 198 110 121 -66 -125 -87 98 -22 -6 -314 -2 -86 -282 -99 176 250 51 -373 192 -225 180 -398 -142 32 230 259 169 -315 57 122 276 151 -151 -28 -171 -26 70 -197 360 59 135 33 57 -240 -20 -73 359 -241 14 -115 -57 -133 20 -181 59 40 164 -139 69 97 -231 -83 -253 87 120 12]
[-284 1210 961 -336 -1017 357 116 -180 99 566 -226 -300 -395 271 680 -84 341 22 191 406 175 285 -400 163 -270 -285 83 287 -83 33 -200 -87 -297 -208 9 5 -285 -49 50 -194 -203 -232 31 57 48 -94 -335 -31 197 -218 -39 -134 -94 -191 18 -129 -120 -184 98 -47 162 260 60 212 63 -94 4 -74 -153 104 328 -334 222 97 27 -171 60 15 8 288 -141 163 -83 -103 52 -204 111 -44 -72 370 90 120 83 -223 68 106 259 298 -43 -81 205 -184 -297 -37 61 122 178 -67 115 48 -205 350 -193 79 101 24 108 -101 257 31 178 -125 114 -84 -202 101 -86 -247 90 181 -68 -88 26 172 -149 148 -64 127 -208 206 -204 5 39 -157 287 -196 338 -110]
[-1060 -574 -40 -12 -189 1044 277 -351 -287 1148 2 -413 386 -42 152 490 13 -246 73 216 -338 303 -254 16 -312 336 -281 267 199 -42 -312 -231 -179 -147 289 172 -101 131 78 155 -343 -140 22 -86 401 300 104 35 140 -150 -16 3 58 -75 -83 64 182 -186 -107 469 90 86 -405 488 -181 54 -151 58 85 -109 -18 31 44 263 170 15 -127 -12 -136 93 9 -124 -49 -68 -50 -56 -99 -292 191 -72 3 25 29 -264 -75 -277 64 -229 -62 154 -81 44 22 126 4 -124 167 -135 175 -76 65 -26 9 170 -112 -207 381 117 -213 -196 8 -74 292 164 -144 -31 -238 92 -253 500 -129 310 -65 -53 -388 262 -18 -54 -313 51 -130 -142 167 -33 94 -220 -245 20]
[973 -1051 689 -193 617 -66 50 160 -99 314 -753 262 -67 -97 20 127 44 340 332 -723 -147 -307 439 166 205 96 141 222 -403 -253 123 -116 226 247 -12 62 26 171 -197 219 88 -302 -153 -56 142 -61 -75 -53 32 -338 30 40 188 -18 -84 274 458 -1 -51 111 -154 192 -117 192 -27 -38 -177 -96 120 -64 -202 -92 -8 39 50 -120 43 -36 162 89 261 -4 163 -390 -62 69 61 -35 37 20 249 88 -108 -126 -147 -46 -92 -22 68 236 80 -94 90 97 210 -64 71 -171 -209 0 56 -275 -24 -24 192 5 -50 94 -385 -73 -215 -277 -9 -3 -216 233 -163 0 -239 -75 -196 32 -80 180 -100 90 145 41 -218 229 -23 92 61 117 310 181 120 -74]
[369 103 444 4 -414 198 1121 -113 444 -165 -58 485 -226 -28 278 60 409 -210 177 -145 -10 -167 166 36 233 8 -152 45 -684 -63 61 68 13 180 -31 -169 118 70 45 -315 -141 -253 -119 -40 186 58 -81 114 -232 -125 -76 -192 249 31 106 383 -186 -63 97 -29 41 289 220 663 -298 -16 69 223 -15 50 -326 106 163 342 449 -8 -172 161 -61 11 -35 31 -92 0 154 -387 -105 -301 159 47 -70 79 48 -397 -22 -161 -1 -187 186 -8 319 -338 -234 -63 43 46 397 110 105 228 1 -69 -97 -62 3 -153 -34 258 -94 -64 95 -140 98 75 307 -77 -252 97 74 -79 120 101 67 -213 -115 122 177 -17 -91 -4 -34 90 -135 -95 -26 -160 342 53]
[816 -154 -403 629 -253 -1141 972 409 299 -411 -939 -298 -103 -368 -31 -59 -60 49 -681 296 267 -18 -208 -12 -45 -19 315 46 109 131 -166 18 -425 -227 21 173 34 24 39 -109 303 26 60 -5 25 -64 -395 152 18 215 -114 -152 -18 -98 -24 -3 -102 -134 -40 -116 -9 110 86 -268 158 -118 208 54 89 167 60 167 -59 304 221 176 -18 -126 -10 334 136 51 -170 -313 6 -114 -10 354 90 253 -211 213 105 158 301 157 65 126 -27 230 -312 208 -177 -140 117 -65 -379 -73 -125 -251 -3 103 -29 -99 -207 296 42 160 181 15 -106 -23 -90 312 4 74 -97 -359 159 -62 200 97 281 -73 198 -33 236 -6 -92 -143 -137 -198 179 -20 -163 55 -84 67]
[150 -441 -278 -635 -230 460 316 -385 132 806 441 12 297 -231 -365 64 -37 80 -232 -207 -415 -445 -101 60 111 -7 -123 -89 171 65 195 -196 201 -18 33 -15 72 -69 85 14 -53 -58 -265 43 -6 293 130 -39 -256 328 204 333 -232 300 -86 181 -35 55 85 -120 59 36 -8 -40 272 12 184 -97 195 121 240 9 -77 -70 -5 -139 -246 -229 91 22 269 -15 -50 57 -47 78 -9 20 -87 -152 -141 83 -93 167 3 100 -113 -94 -273 336 -244 28 -185 106 -75 26 -319 -202 -224 68 -242 -19 -428 -125 -120 91 10 -14 -106 -211 -241 -75 -202 73 -149 218 188 146 -78 165 193 93 -44 158 -48 -47 -158 -17 203 81 125 284 -23 -70 -132 257 79 -24]
[1034 1166 -62 -579 -132 626 181 164 -311 869 -283 973 389 480 470 -338 52 158 -244 -559 -233 -221 -165 45 13 200 -322 80 -27 46 -48 -217 430 -27 79 101 -132 50 -318 277 -92 -343 -140 -213 251 19 150 -37 167 -89 -167 55 -103 84 -310 83 272 -151 -25 68 62 33 -76 190 -215 55 65 -84 -126 -165 18 -265 2 104 89 -184 101 -117 -85 -205 -50 -143 54 138 -77 152 -104 -329 -26 -184 62 -64 144 -90 -253 217 -54 62 97 35 81 -35 78 -54 220 -59 185 -56 373 60 156 -218 -169 36 12 -79 123 -164 -177 -273 -149 -199 58 187 -489 178 160 31 -188 148 -437 141 -356 142 -191 252 -218 -54 -112 -15 104 245 -240 -62 188 45 -14 -183]
[-460 -1239 -1236 -41 710 1332 -335 30 -71 -554 -376 81 -761 122 -480 -283 77 462 699 171 441 -34 248 664 -426 -748 193 -102 64 -166 -184 -72 -249 -64 3 -34 -299 -41 115 2 -30 81 -9 380 -194 -433 -149 61 -55 -210 -317 -94 -151 95 303 -85 -94 77 86 -260 159 -231 116 -166 34 36 27 -157 -180 -120 -341 -187 -118 -270 -242 -65 -229 247 -200 81 26 92 347 -101 -12 -2 205 55 260 116 -34 307 161 41 199 104 81 105 0 -65 390 -51 -48 -91 340 28 281 139 71 11 -77 375 222 -238 -227 144 185 -163 159 50 223 -354 98 32 -48 91 84 -44 314 -268 -186 -93 -38 83 47 51 -68 -116 -119 156 -268 241 -114 -319 265 15 1 -118]
[1121 -17 1230 -1154 -1096 -1122 696 -795 664 464 97 -326 -638 18 147 13 16 158 150 653 258 239 -71 83 -8 -56 258 153 -291 162 5 241 -158 -112 129 -75 -137 177 -54 -111 139 -114 -129 115 -97 -3 -283 87 48 23 -36 -61 -268 -160 57 -2 -126 99 62 -80 -14 127 65 202 -129 -30 252 -173 -219 82 106 -155 146 111 -1 -9 227 47 162 173 -102 58 -100 -90 54 -107 160 5 34 93 -87 181 63 -137 56 -18 105 21 -97 96 150 -219 -287 -9 43 70 268 95 201 221 -79 375 -57 -129 -132 27 97 1 253 39 255 -59 65 -76 69 -69 -56 -142 69 54 241 -132 131 100 -36 -79 31 -186 -22 59 -137 -2 -65 -119 160 -142 350 -98]
[514 -73 1046 -366 1144 922 -144 542 62 -309 162 -360 -61 -182 -3 106 598 -382 222 40 80 -158 71 -93 195 186 58 -79 -271 -244 47 264 102 283 -188 -265 17 58 70 -245 149 102 91 320 109 42 -216 -56 39 132 184 -99 -84 -32 -247 165 -201 -46 249 -227 25 106 7 -96 -107 -118 -84 10 -418 50 507 38 102 -53 -73 53 -206 -282 167 -29 -187 -172 -153 81 -47 -152 181 183 -94 -65 3 88 -19 235 -4 108 68 -242 130 -154 -157 139 -362 109 118 221 -159 166 -189 -46 70 22 -272 -49 -104 201 -66 83 313 159 281 -152 -106 -150 -42 17 -99 -48 -51 106 -50 7 35 -4 78 -81 139 72 -92 -18 88 -126 100 -107 274 -80 -70 21]
[-683 756 477 -17 -581 608 771 -174 142 -133 77 -714 63 -43 107 -782 282 283 185 -747 -327 77 240 52 270 234 120 245 -313 -147 45 127 69 442 62 -58 21 0 -60 186 -265 -251 88 -99 153 41 -48 70 6 -476 123 -217 207 -127 -59 156 64 -222 -21 322 127 200 -237 514 -115 -43 -237 40 182 140 -485 96 -84 124 239 -1 -67 210 9 -187 183 58 104 -274 159 -225 49 -300 23 -217 221 184 -31 -369 -45 -375 -85 -51 -199 -86 18 -63 104 313 -24 -54 140 -64 -71 131 -32 -268 121 1 251 -275 -48 245 -265 12 -175 -118 171 20 171 -89 -77 167 -39 9 -50 -243 -88 -382 -118 156 34 -25 -241 319 -39 -168 118 353 -64 -324 6 149]
[-880 31 -193 -522 606 924 -265 -646 -89 -458 601 -379 500 -671 -240 327 -611 -316 -144 321 -223 -33 -49 189 -485 -169 -336 -279 407 -8 8 -256 -293 -319 201 430 167 -77 415 30 -236 -81 -154 31 -15 199 116 143 -58 120 -10 306 -11 298 267 202 137 306 -69 -32 -58 -123 198 96 112 27 271 160 108 -152 -61 237 -189 16 1 124 -140 122 -40 234 102 -202 -15 -20 170 323 -108 -201 49 285 -277 -214 -250 -25 238 -160 -18 5 -103 -55 13 -62 80 102 -297 -17 58 -18 -343 166 -104 205 -46 -73 117 144 201 189 -34 119 167 202 29 -45 256 -131 -182 164 -104 -86 159 193 217 64 -18 158 -38 16 219 -113 -81 70 -34 205 -187 151 0 89]
[-1004 292 786 1154 718 -1205 -448 206 60 430 -421 -155 90 632 -232 -222 -576 -625 31 416 601 150 204 36 -367 48 -500 -47 233 97 210 -5 -110 -138 221 35 124 -329 347 -268 -140 237 122 -59 -62 26 -141 214 -130 319 -57 -31 89 -128 104 -111 -184 -201 -241 -194 125 -148 38 22 167 -90 235 143 97 132 83 137 -46 61 204 -5 -44 186 -171 -14 -3 14 -296 175 -58 -230 99 92 140 298 -76 -91 159 -54 34 -446 90 133 -194 77 -153 -105 33 -3 -130 -61 -89 89 229 -94 93 92 -4 -76 147 109 41 -168 3 -135 -174 167 -187 -34 285 -74 -160 82 297 -19 42 -46 -101 -182 65 -32 175 226 73 131 -250 -153 166 -120 -198 -188 -68 36]
[228 -215 944 -153 808 17 712 969 -209 56 -78 -285 -295 -22 -302 -44 -71 156 10 -118 243 179 65 -134 90 -552 65 -80 -103 -142 -314 23 178 124 -137 -52 62 15 80 -194 -139 128 345 119 -109 -196 126 289 -121 -91 -25 70 328 -107 147 8 -135 -67 -58 -116 24 -204 128 174 -53 26 135 498 150 72 -29 -107 -207 -6 38 192 287 224 -209 -17 -225 -8 -126 376 136 -56 -239 -140 111 -36 109 -506 -20 -171 -1 -48 160 -146 -23 -241 167 -187 264 45 18 98 578 203 375 156 71 -300 190 -8 58 -329 -310 -86 -104 -4 43 246 258 91 169 -229 82 193 169 -359 -72 -118 -44 30 79 77 16 13 190 -248 -164 172 -25 99 -331 -94 319 40]
[-485 -868 -94 718 693 -227 791 505 628 -241 776 537 1098 -2 206 -181 271 -159 261 -157 -381 -181 189 -312 224 155 -206 -258 -119 -286 -18 -221 283 260 4 -19 391 93 -198 205 126 77 297 -25 4 182 116 -96 240 -169 44 -122 23 -51 -388 30 -24 22 260 114 34 101 -315 -117 19 -130 -103 151 -98 -134 438 100 90 -59 -4 -250 38 -145 329 78 -338 -131 -101 318 -139 170 -304 -137 -175 -181 78 -305 -145 3 -228 -210 -48 -185 50 -195 -51 302 171 221 -221 -60 126 -4 -9 8 -10 -280 -35 114 309 -344 -126 167 -233 202 -193 33 9 13 -135 -62 -85 129 31 268 -206 -115 -251 -51 -41 221 -180 -42 -260 -187 192 11 115 198 -45 -29 -198 52]
[-1065 1101 538 388 -826 -1006 403 -164 208 87 78 -456 157 550 333 -236 -11 -710 -148 196 -184 -296 -11 9 -63 451 -401 -199 -164 79 180 120 298 252 69 -157 77 11 97 -152 -50 141 51 -15 88 186 172 -136 -3 405 -25 -145 -124 -90 -160 112 -268 -272 -63 -47 -1 -208 -71 -203 -36 65 -3 92 -179 -11 274 126 82 95 86 -111 -153 -126 32 13 -235 -129 -392 417 -308 37 -31 -48 -126 85 -161 46 76 -6 -140 -42 43 -203 61 72 -20 4 -182 147 -76 -125 -141 -22 -28 31 -8 17 -34 142 -208 -26 112 17 59 -58 -193 20 -301 24 -141 -57 52 29 126 33 108 184 -48 -166 -48 -162 98 291 -78 -202 136 23 21 -243 -186 -210 -184 -2]
[478 -1248 -203 -618 886 763 -447 1010 56 123 271 22 82 463 553 -830 340 64 -421 8 -348 -165 -399 28 434 567 205 142 -262 214 326 267 268 58 -119 -236 28 93 -266 75 -62 -128 74 -320 9 118 53 -64 138 53 -150 -81 -191 -45 -427 -237 -62 -118 82 217 110 203 -98 20 -112 -47 57 -136 -118 129 354 75 157 321 61 -291 212 -117 175 -61 -265 114 -27 -168 -164 -21 -117 231 -178 -41 -73 14 188 -106 -305 77 -40 49 71 122 -178 134 -98 -100 -64 -82 -195 -294 100 -109 -10 -43 -341 172 129 -142 -117 -20 231 -241 -289 116 -132 156 -69 135 202 -54 -41 202 -11 -112 -84 147 -81 -18 -186 14 -108 71 140 -288 -151 152 53 -97 60 66]
[-1237 798 172 -302 -197 -352 352 -506 44 -440 827 -2 821 -315 463 -20 -32 -120 47 -61 -213 97 259 -329 -142 259 -212 -1 173 -31 -105 -127 -39 168 64 6 181 10 -175 75 55 -7 176 -26 110 145 74 41 309 -93 -28 -52 67 -163 -76 27 -47 52 -33 231 -65 -56 -16 13 -176 -80 -115 108 75 -211 89 120 -105 -126 -8 1 -73 43 207 123 25 -83 -173 -21 96 -3 -280 -387 27 -150 -44 -97 -286 -165 -38 -272 33 -53 -219 -250 -51 75 168 344 -211 -113 269 -7 -140 53 147 -178 214 180 85 -319 206 205 -158 116 9 106 252 -106 63 -224 -153 -43 153 156 48 63 142 -243 -47 128 -39 72 -115 -213 66 -66 128 183 -136 -53 -195 82]
[-93 45 -636 -1088 -941 206 -519 -81 -124 -45 342 116 323 -683 14 127 7 309 -356 -116 -474 11 -99 -24 168 176 -143 101 -73 75 131 240 239 9 260 174 -129 262 111 52 -43 32 -51 -23 196 62 -22 -37 124 230 132 159 -232 155 6 121 205 20 -129 42 -69 -24 -131 61 -34 -1 -106 46 -49 198 -64 197 -96 68 29 279 129 -147 18 -14 219 -221 -81 9 -70 82 -141 -32 -117 -66 -24 -188 176 87 -53 149 4 -84 -13 -33 -135 1 19 -3 -11 46 -246 -104 -103 -311 89 -26 -156 50 -53 43 37 206 -60 -66 54 -21 -15 -32 -45 95 240 -6 -172 51 124 -82 195 99 -27 -192 -51 91 172 61 317 -233 -64 175 -30 97 -16 41]
[1069 859 927 -835 382 312 -483 82 189 3 133 137 -403 -95 -74 75 -137 161 -8 56 -156 -195 -40 -85 68 -270 -73 -68 -66 186 221 486 47 113 -125 -42 -262 -66 -30 -40 31 242 -73 6 -20 -85 -22 -66 -54 348 84 -203 -291 82 85 230 -107 48 -33 -171 -194 -77 -38 -394 -157 88 -262 102 -382 216 -218 -136 -12 -306 -184 213 72 -183 -146 -202 60 -38 113 225 -54 265 179 97 -171 -171 157 -206 -3 110 -391 178 46 -139 157 -140 144 -276 114 -162 -64 112 -215 128 -94 -23 210 172 -4 -61 14 6 -132 -98 43 45 48 -57 -292 -54 -171 41 366 -185 4 -331 8 -245 15 -94 -79 -465 -7 149 96 47 261 8 -232 -9 -121 15 206 111]
[224 56 -438 849 -539 465 561 1437 17 -209 149 -220 4 22 304 149 -138 59 -148 -5 256 -312 -123 -166 -107 -325 311 131 162 188 -4 140 -36 -249 69 213 -96 -118 -131 61 126 -92 -106 -28 139 47 -256 65 -4 131 -86 -136 -244 -237 -19 -136 134 49 25 49 77 70 63 -80 -51 10 95 243 -284 161 174 -285 -75 52 -56 134 -33 -51 -94 201 30 12 -72 -391 269 57 -140 96 -73 197 -28 -294 -6 -101 -81 32 69 251 33 -96 43 -30 125 -284 -100 51 -8 104 -26 -176 -131 59 -44 132 103 60 160 176 186 -202 419 93 180 63 -50 -1 60 -337 100 -38 -235 89 101 -28 90 -293 -138 -22 210 77 77 -290 -78 -21 155 49 117 -83]
[1066 290 -795 129 534 497 -54 218 -144 256 -307 558 6 381 361 -24 -64 463 -188 -416 96 -175 143 88 71 -176 -230 104 31 159 88 -307 -42 -109 427 126 -116 -251 -182 88 -119 -39 -93 79 32 -60 53 23 -9 -61 -77 128 -116 -99 2 -8 369 -130 -159 122 45 134 -159 402 -39 -91 49 -157 125 318 -42 -99 -58 -139 120 -391 130 76 -145 131 350 94 112 -619 156 -57 -173 -7 54 160 -9 53 -24 -44 0 39 -106 331 -186 174 78 -202 41 -14 34 -143 70 -300 76 -201 -260 147 -120 44 291 -267 354 -137 -130 -622 -207 -215 -18 77 76 399 108 -21 -235 131 -54 73 53 77 -19 128 -288 122 -85 334 -111 -177 -80 152 254 168 244 -124]
[-1154 280 590 -754 -820 -429 1052 199 423 -811 -222 775 54 -78 -330 -49 205 -196 -65 -452 -139 -344 102 33 71 -229 120 -223 -35 -285 151 -103 262 13 -224 -102 -1 233 54 69 -13 9 -108 -55 38 -144 70 -147 -60 49 69 105 -92 195 -53 -33 84 125 223 -256 -156 -61 -74 -4 298 10 -68 -211 104 -218 27 87 -77 128 -130 -120 -50 -113 37 41 -53 -64 132 101 -102 -3 -131 159 -83 94 -26 -151 22 139 -41 223 30 43 78 63 11 47 4 58 124 -75 -134 -290 -194 -1 184 -173 -180 143 49 238 -211 -1 -3 212 -228 -94 -155 120 -220 105 -124 -76 -106 -149 102 -104 34 347 -85 -54 18 60 32 47 107 185 -51 73 -97 109 2 16]
[531 -963 -230 -696 -1267 -1123 -169 -265 830 -293 96 -84 -180 270 -104 77 -50 -164 -180 427 453 87 -366 -285 -59 -339 139 -254 218 196 107 119 -128 -294 -98 -114 92 -40 143 -68 251 346 178 25 -240 -74 124 104 -231 272 88 -83 -131 20 -68 -311 -273 16 211 -237 90 -48 -104 -309 104 111 285 -23 -209 160 379 -74 144 134 -233 -146 0 -13 17 -183 -402 181 31 81 -82 -13 13 440 -154 51 -19 -241 56 214 -11 -56 52 75 41 141 -178 47 -49 -281 -214 33 -201 32 122 -38 -271 181 -173 43 32 157 -355 -68 376 -42 52 396 -326 177 124 -8 29 35 -53 -233 59 -43 -208 192 327 -370 -110 -6 238 -58 -1 -292 -73 -144 -139 80 304 42]
[-487 545 -289 -230 751 1066 -409 917 -241 961 -617 413 148 -224 148 23 -59 71 -445 -156 137 19 60 103 57 5 -299 -109 -357 60 -145 -121 -22 -24 -63 119 -45 -122 -68 206 47 -116 70 -14 -28 4 -11 21 113 -125 -143 -139 125 60 -107 212 35 -216 -62 114 -38 -36 -120 -84 -276 22 -73 86 -60 100 -147 44 -85 15 193 -54 10 -132 178 -141 120 -31 110 -27 -55 27 -15 -227 34 -92 -71 94 20 145 -268 -39 40 -35 135 -40 3 -1 53 -115 51 -48 57 1 97 -41 -1 -110 -9 -69 174 -142 -75 4 -142 -280 -131 -188 -4 158 27 74 102 -59 0 -148 -55 -92 -219 -23 36 129 -145 22 -193 -133 208 56 -135 115 -100 20 -65 81]
[-714 -284 -410 1052 -449 57 8 -854 -594 878 -121 437 -413 205 412 470 338 224 104 -510 30 -159 191 -103 -30 125 41 212 -210 -264 0 -102 -84 -27 90 21 -24 -198 -221 14 22 -85 -135 215 270 -170 -150 -123 318 -104 -28 -106 274 -413 121 -69 60 68 38 231 -202 165 244 140 -315 -80 -12 -28 -126 -168 -16 -42 27 -167 51 87 162 11 -237 -146 -58 -91 48 -269 299 -7 22 -211 177 140 -1 355 -119 -173 159 103 -119 118 389 -183 229 72 -166 239 241 140 180 156 -88 -68 122 0 253 38 87 -114 299 12 121 -35 532 -164 334 -374 217 68 -222 -6 -4 -54 -264 249 204 -137 331 16 -136 36 -214 155 6 -130 35 173 330 -145 -175 -108]
[-932 144 303 1156 -1150 238 356 -851 93 814 -492 132 139 539 70 263 659 -155 537 459 361 51 -353 -347 -110 39 141 50 165 189 -95 -51 -47 -41 173 196 94 -50 -185 -120 69 -251 -317 87 61 75 -350 18 -35 118 36 -245 -232 -141 -84 212 210 -242 -130 -134 -29 135 -351 16 -40 24 25 -208 -392 -60 409 -218 183 51 256 99 -349 -225 206 -32 -165 -79 -150 -234 -184 11 151 211 -120 134 -135 211 -17 179 138 68 -38 135 -83 19 -4 142 -326 -134 79 -50 -141 183 121 -311 52 406 -170 -47 -264 388 20 -50 91 -87 234 -89 -218 176 -175 102 -109 -166 -92 220 -77 185 89 -20 133 170 151 -21 -148 -16 -121 -237 22 -469 327 -94 -61 -120]
[1165 337 245 70 61 706 1009 821 627 54 530 45 256 -262 607 -690 -87 -239 -441 -30 -468 -319 -327 -69 -5 19 -15 -79 177 -64 -22 42 69 -104 -57 -362 54 250 -14 -298 3 26 144 -25 98 89 58 -31 -134 101 -142 362 -106 128 109 -100 -345 156 343 -134 -92 -79 273 -173 158 -159 37 38 216 -203 159 301 -29 128 -58 -53 3 -19 -80 157 -169 15 -332 357 -72 -37 -321 -86 169 -25 -250 -55 158 24 125 135 98 -28 1 -10 -192 268 -43 159 -256 -135 36 -145 -198 107 36 -94 63 52 -140 -78 200 215 -2 36 16 7 171 117 62 5 97 99 302 313 475 87 356 -287 29 -184 22 23 166 -89 304 221 48 109 -399 207 93 -62]
[-1225 -1204 486 950 -814 771 13 -1313 -859 38 -145 589 -220 926 -379 -20 562 -266 560 -636 195 -175 -31 -47 -53 220 -82 -344 -26 -138 324 -25 86 101 -19 -54 -77 11 90 -55 -24 167 -116 -43 312 -144 -1 -167 208 283 193 -6 -41 155 68 38 118 3 23 -231 -376 -116 85 -234 -104 48 -127 -217 -182 -285 66 -1 -58 -254 -175 132 -275 -79 -131 -216 -35 -311 -77 -34 -45 106 313 241 -101 315 -11 184 -67 349 274 247 -59 70 110 -44 -13 42 127 -22 288 60 -377 -76 -255 -88 208 6 16 59 -90 296 64 -9 254 302 225 27 -202 -139 -186 6 -86 -143 -92 -111 -257 152 172 37 142 14 97 154 31 96 20 21 -24 -109 424 -104 -357 -59]
[-744 -1096 -237 -1192 797 432 468 -262 768 139 68 35 -20 -263 -267 -548 -452 8 -343 450 -185 -193 345 344 0 -258 99 -68 -311 77 302 229 -101 24 61 38 -8 190 333 -234 -96 -183 -286 -26 -232 116 -85 202 -444 134 -121 183 -103 174 309 42 -182 251 -126 -196 167 -57 325 209 78 30 267 107 212 78 -405 411 -40 363 355 83 -99 171 12 137 236 13 -123 -55 -67 -173 -154 16 160 112 -378 193 83 -241 250 -100 -120 -124 -80 152 8 -61 -330 -119 -141 -30 128 49 -90 270 -126 410 -54 -173 -386 261 118 139 72 119 52 58 -114 102 443 28 0 253 105 -190 637 133 267 -29 -5 -91 285 -85 105 -55 -67 -60 -68 -194 -356 196 142 54]
[-951 456 294 -169 1059 -58 -64 -742 543 466 161 217 277 636 270 -81 158 -168 -202 -34 -39 -96 -493 -293 140 353 64 0 301 83 301 -10 -87 -217 -126 -412 2 149 -89 -252 132 -35 -127 -20 39 119 110 -270 128 142 75 117 -56 147 -270 221 -344 12 60 -9 -174 189 221 28 5 77 237 -118 32 -26 379 176 50 81 104 3 -119 -216 147 0 -48 40 -133 55 -306 -32 -242 206 39 -257 -69 82 -11 100 -551 231 -44 -122 269 291 -281 -30 -103 -49 141 54 -87 -182 -24 -119 180 18 -421 58 -75 103 -50 -71 308 -163 -335 -235 41 71 -335 342 171 -11 49 139 169 220 11 233 -259 -166 117 162 -36 49 191 144 -11 -79 26 104 148 74]
[783 -1004 182 -1237 600 -1024 -98 -751 599 170 721 361 424 342 451 -42 168 -31 364 -481 -214 -437 610 93 51 -13 -162 3 -219 -264 305 -46 136 163 91 -188 -126 111 -48 -36 104 -343 -154 139 209 -2 -145 -254 196 -229 6 138 -40 27 -126 229 123 223 -44 -125 17 250 177 334 -161 -111 -6 2 -123 -81 152 39 -6 -50 42 -52 -106 -56 114 185 61 -186 -39 -48 -10 -59 -181 -169 115 43 218 26 -61 -248 -251 10 -48 -32 237 -152 197 -73 3 155 2 64 323 59 -222 195 206 -32 -184 57 273 82 244 109 9 97 83 -328 223 -53 -99 276 -148 79 -31 187 -78 57 199 159 -169 114 127 149 -275 297 33 68 -1 56 325 114 87 -17]
[730 -406 1121 61 -193 461 161 485 -208 -705 478 -456 351 -314 -273 3 173 23 589 -104 -502 -199 53 -77 50 503 -124 31 236 -108 -108 181 464 331 -25 203 171 24 -130 218 -274 178 230 46 86 18 369 -138 -211 64 256 -1 -52 29 -190 -77 223 -171 19 64 -11 -188 -283 -231 156 55 -203 -157 -1 -191 61 -172 -85 -217 -266 -251 66 -206 -11 -156 16 -130 63 35 -146 271 42 73 -266 -160 44 -82 0 144 199 258 -28 -42 -91 163 -105 211 -35 172 16 -97 -249 -126 -211 -163 -3 -51 -45 17 -383 -219 -82 -47 -247 -118 -150 85 -259 76 -439 78 -39 162 -475 204 -247 -68 -351 -34 16 84 62 -53 -65 -64 -12 -57 2 -24 114 114 -266 -146]
[-821 1103 -744 -546 -313 973 -294 726 198 -22 162 273 301 -57 46 -277 339 -74 280 -346 78 -157 142 35 0 -512 38 -120 -140 -203 170 -197 -107 -83 -134 -381 -64 -56 -28 -23 112 62 -81 209 -193 -270 21 -206 -101 -226 -179 -5 -3 98 -32 -134 -322 83 248 127 27 70 175 114 -42 141 -99 -176 280 -130 -390 -159 -23 59 -135 -224 -422 309 -68 -75 100 250 13 -103 98 -547 -131 -337 -22 -219 65 319 101 -8 -270 -200 50 178 138 -7 282 -208 15 15 40 -203 266 -106 17 -44 -6 39 288 66 3 -102 113 -41 -76 -152 131 -319 456 -230 50 -82 131 30 482 142 -64 -185 -24 -173 -35 -114 -196 -82 -91 204 213 251 -105 -83 148 -199 15 41]
[-1160 799 892 -1251 -136 -981 480 638 793 -78 -478 251 982 47 188 -304 176 -123 -259 -395 -19 -558 24 -151 66 129 -36 53 106 -41 -200 114 471 -99 -77 264 267 473 -258 53 15 -176 215 -38 235 62 280 140 75 -98 -105 -38 4 89 -190 96 310 -167 -2 -86 -23 -259 -72 -65 57 84 159 208 -2 -252 39 -61 -202 87 39 93 -26 -120 144 166 27 -222 -8 0 -148 126 -300 -92 68 54 52 -377 -53 -204 -258 52 190 9 -107 170 11 125 364 -15 164 -125 51 -104 -88 -60 91 -356 -77 -62 -149 21 -195 521 -138 -125 -193 -124 56 570 -563 59 -38 -136 -174 -37 -418 257 -189 4 -100 140 246 -94 114 -292 -79 156 112 -75 -203 212 -52 -91]
[-269 -180 -1072 -865 519 -1312 394 598 -172 222 -276 182 -149 720 -400 -673 85 -77 309 102 -524 -126 -143 -174 -112 -210 -364 -195 -99 236 213 -159 -43 -19 49 -132 -75 -170 65 -139 -83 -195 -384 -134 -89 -30 112 -49 -360 109 -222 -60 -267 60 201 -85 -209 -20 -39 -148 281 143 216 -107 171 93 -12 -166 245 -80 -405 21 21 123 224 -231 -374 21 -158 -30 217 145 -58 194 -51 -217 -85 -72 -73 -39 -270 290 52 -94 275 77 -176 214 92 65 96 155 -502 -145 -168 -165 -48 78 158 74 -187 193 283 108 -413 192 88 -178 -115 20 33 -36 -159 -71 256 -6 145 176 282 27 410 175 208 -312 190 6 100 -63 28 -139 153 137 -222 -373 -192 123 21 -86]
[-464 -238 56 232 855 -765 -949 -972 437 -190 467 -427 -1 -59 -235 -446 300 -55 -65 290 -222 366 -545 -264 81 290 -78 36 13 205 3 -4 -20 46 63 44 34 106 136 68 -120 -23 20 -236 -80 226 97 129 65 67 193 -53 -89 51 -273 -78 15 -204 21 138 70 292 -211 51 80 94 92 -20 49 102 398 49 148 282 51 29 127 -197 222 -250 -180 47 -108 39 -198 52 136 218 -192 -88 30 107 15 96 -84 -67 74 -197 -110 232 -231 148 -191 -44 -69 95 -309 -162 248 -86 -150 38 -296 22 23 -26 -358 -43 117 -10 -185 181 -182 -87 -67 83 129 125 -192 126 51 -104 -202 181 6 58 -94 -96 16 84 -26 -251 -32 148 -73 -173 81 88]
[20 1115 -831 -317 -1042 213 269 -1111 -249 234 45 69 180 394 51 -249 -108 -54 -368 101 303 -308 -573 128 -79 -297 -97 -239 455 214 -77 -149 136 -381 -285 -221 -99 -201 -244 -92 -133 -110 -218 225 -151 90 371 127 -274 158 -196 241 -263 348 -141 225 -250 -25 248 -126 14 -130 210 -58 -45 133 490 -197 -126 -180 177 -225 26 -106 -62 -213 -348 -7 -64 -265 -109 154 54 203 41 85 -112 -163 93 -469 -182 -14 -31 185 -365 7 2 34 -9 193 -81 -298 -152 5 280 20 354 -57 312 91 -53 232 -199 -67 -195 24 60 -316 115 -472 86 -242 51 62 -239 95 366 96 130 41 -216 219 -312 5 -152 -103 -345 -124 240 -30 141 472 -205 -242 -106 171 505 -169]
[-1159 94 366 697 -743 -81 331 373 -283 925 -587 -365 129 511 20 -300 -229 -203 -211 68 68 109 -536 -323 -83 534 115 155 333 148 -48 -6 -189 -89 137 -29 237 -117 2 64 -169 -141 115 1 54 33 -151 193 -99 109 -139 179 85 -227 -148 -109 114 -197 30 319 62 116 -282 -264 163 -78 8 -170 97 106 177 147 -205 50 64 -223 136 -117 -195 27 -113 -46 -168 -215 35 170 332 226 46 126 -311 170 -118 165 352 -126 -59 263 -276 244 -398 345 -252 202 -194 -128 -271 -175 -78 -15 -154 0 -41 -203 -67 1 245 -141 43 -269 -194 87 -228 242 181 72 -22 6 -127 203 152 160 124 -301 58 137 53 118 -13 -10 -92 -221 177 167 -34 -67 -136 63]
[732 -1191 -956 68 554 826 -171 1092 -556 -1148 187 224 202 381 702 -643 283 400 -250 -508 39 -117 -93 -381 163 203 -13 239 15 139 381 127 -184 152 155 -240 80 -344 -310 75 205 340 54 31 -271 -201 -153 -12 172 -61 -26 -43 205 -153 -330 -128 -264 -1 38 295 -108 11 80 -208 -159 -99 -60 -62 9 328 -48 -137 34 -210 -116 -1 6 78 -92 -438 198 255 -12 -322 55 -137 107 -15 -111 -298 71 264 -78 250 -394 -125 -78 156 -115 103 -252 7 158 111 -49 -56 -329 -204 49 -251 -49 -258 20 -37 284 -291 18 -191 33 -333 -250 -91 84 -351 24 157 522 -10 224 25 -132 -144 -43 -266 61 -306 -320 209 91 190 120 -140 -8 255 68 -27 -53 98]
[600 1068 -1137 569 -547 431 -271 147 -68 -323 134 483 -199 176 -365 -160 59 261 455 -434 -204 -588 242 639 99 -468 269 -158 -21 -156 285 -169 442 -146 77 100 138 324 18 115 -154 -142 -363 28 -39 -51 140 -152 -215 -125 -56 264 -264 335 114 210 197 231 101 -217 -100 114 -9 142 503 24 163 -157 130 -93 -103 27 -39 137 -83 -213 -115 52 177 398 210 72 36 -245 -110 140 -303 138 -12 212 -83 -86 94 -94 -92 186 -21 244 37 326 194 -156 -10 -120 214 -169 116 -438 -208 -55 -186 254 -137 113 53 72 -1 213 -203 -177 -104 -188 82 3 -334 162 26 118 -43 130 -42 -69 58 357 -202 -113 -206 -145 61 360 52 406 -21 16 136 194 391 -209]
[1207 -409 213 -1218 87 726 19 1287 568 1243 -132 -206 216 -121 -86 -15 -280 -307 -64 212 -422 -215 273 290 -138 108 -271 -239 -109 -205 206 -183 -112 116 25 -172 -146 10 140 -118 -15 -100 -240 -195 87 86 166 118 -99 215 4 194 51 172 116 237 24 192 39 -193 -238 -17 -125 35 10 -65 76 -239 101 -311 -106 370 100 144 183 -87 -120 -24 28 -142 -85 -198 -74 140 -88 98 18 103 161 70 -5 96 -129 20 210 -1 -180 -295 102 146 -87 -150 -172 262 19 -18 13 -116 -182 249 300 69 -116 -44 54 276 92 -166 -185 208 -144 142 -303 61 145 143 -253 255 -224 -59 336 218 154 113 -40 26 145 106 -118 103 -101 38 113 36 -112 74 202 57]
[684 -1160 55 -938 -689 6 390 -492 35 945 -169 329 28 506 357 -42 -332 32 -99 367 -253 -147 -124 -201 4 -225 -136 33 241 319 93 -66 -173 -84 13 -171 -54 -14 -305 -45 105 -352 -295 62 -102 145 55 11 -5 120 -357 234 -282 -84 -8 230 151 175 -101 113 56 179 17 -107 -183 3 0 -28 -271 39 163 -55 158 -66 -9 -218 -88 -291 -111 223 23 124 35 134 36 479 -147 -102 121 -168 -334 -175 -89 -37 -301 15 -91 131 19 70 110 60 -218 -86 -117 -98 134 84 199 -35 -101 236 -31 115 -88 -48 457 -249 -100 -361 61 -231 43 102 125 116 327 -46 82 173 90 314 279 3 -225 -55 -196 -43 17 -145 219 163 -220 -197 -76 370 190 16]
[512 259 -169 43 -1020 420 48 1083 61 257 -20 -98 231 -399 -190 556 542 102 421 -582 -154 -45 509 -25 275 -205 263 82 -446 -490 -147 42 545 344 -128 28 139 417 -4 -17 -63 -76 31 -135 -90 -223 123 89 126 -373 41 22 455 -215 71 -201 352 83 67 238 56 -218 -38 291 18 65 -249 26 198 -270 -370 -49 -87 -97 -161 145 228 186 41 -15 -191 -226 -68 34 29 -210 -75 -127 -159 14 301 -272 -105 -196 184 -72 -50 -171 42 -105 256 -78 265 128 189 161 485 87 128 211 187 -414 155 -7 -58 -133 -307 77 -262 423 128 138 235 -97 -71 -114 -127 153 -156 -187 -359 -37 -66 127 118 229 256 -146 140 -195 -142 -76 172 -92 174 -46 -33 -75]
[480 345 154 -176 -644 976 -247 -1137 -1092 -69 -453 302 135 373 271 -104 -3 -208 -534 -508 66 -217 -39 49 49 360 -404 -283 18 226 -4 -59 73 -51 125 23 -14 -542 88 30 105 218 124 -7 104 39 191 -131 -54 97 -95 111 232 -9 63 54 -111 -169 -140 -72 130 -294 275 -289 -235 -1 -9 293 40 108 -176 332 -216 -353 145 84 -53 7 -164 -201 -65 -129 22 68 174 67 134 -112 240 -12 -141 298 -16 374 189 1 -118 27 149 -277 -48 140 97 -72 -43 -159 -164 101 -76 -28 -39 -63 293 -12 -35 -160 179 76 140 -169 31 32 -78 -45 355 2 19 23 107 -217 152 305 261 -347 295 -111 21 134 142 -299 227 -31 -96 18 -242 -72 -436 64]
[213 -193 -295 -34 -1051 1245 -895 316 105 -144 484 -766 -344 10 157 -31 -20 -161 539 175 -6 -75 11 56 -51 1 294 56 -49 -117 39 336 44 103 -21 -89 65 303 43 -279 -265 75 40 -92 235 96 -262 71 33 243 -118 -155 -51 -118 87 64 -53 71 105 119 -237 52 -51 140 -19 -97 -1 161 -99 -47 195 16 69 298 -26 147 49 71 -169 397 -166 -60 -372 -35 -41 30 -30 112 92 352 -52 -245 33 -276 14 -249 158 -192 -49 209 16 -91 20 99 -86 -59 66 -75 -180 -14 250 122 9 149 47 -84 139 108 57 174 60 125 47 119 26 -230 -159 -204 186 64 92 -56 196 -82 -103 -156 153 91 -92 133 -130 -156 110 72 -10 -332 108 109]
[649 1230 325 -154 1293 942 46 239 16 -255 187 -542 -129 -318 -147 117 665 40 544 -433 197 196 -67 -73 16 -33 -37 33 98 -258 -71 -83 211 273 -224 -230 -126 -30 27 -17 -189 -33 103 211 77 55 39 -239 136 -284 263 -362 -84 50 -160 -87 -89 -218 27 -20 291 53 -85 198 -39 132 -302 -62 -130 -6 136 -201 65 -147 -154 0 -216 -37 108 -195 19 -54 79 68 -92 -267 14 -28 -225 -288 324 124 7 -77 -282 73 86 -157 6 -171 92 -55 69 98 124 55 -8 121 12 -113 40 -112 -97 177 130 37 -271 -49 78 89 -30 -191 -22 -142 -367 118 82 3 -42 64 -332 -205 -389 109 22 122 27 127 -112 226 84 -51 -84 -168 305 -162 -116 41]
[-1013 309 1147 -722 -365 1216 591 467 -199 -512 -377 143 66 425 258 168 198 -77 134 -463 -205 -164 605 152 -109 213 -639 -157 -193 -404 187 -113 145 269 -35 86 279 -85 130 -36 -218 -151 -229 27 111 -84 11 69 71 -149 68 -3 541 90 22 667 82 9 -113 -51 -366 67 -38 57 -112 35 4 130 -48 -172 -286 50 -100 -158 255 70 -26 62 58 -292 49 -98 73 206 -105 237 245 -335 100 27 -9 -94 -343 -87 -207 -153 28 -141 168 -55 213 -226 -204 204 318 -30 314 -38 -253 250 365 -204 27 -170 145 -13 -57 -141 -300 175 -60 -88 -87 -116 -277 -133 -313 205 -271 -295 0 13 -181 153 -149 129 130 140 -335 -90 -65 547 52 197 38 -250 50 151]
[-866 349 111 -947 -478 -942 -971 -1278 -753 -331 -269 123 -520 577 566 144 248 542 299 -285 -43 -13 39 -232 153 -250 336 268 -113 448 81 331 -65 12 238 68 -341 -114 -135 -124 316 286 -50 83 17 -52 -166 -122 -2 209 -173 -360 -166 -152 52 -79 -134 9 -120 -76 77 194 266 -206 -272 -67 -173 222 -396 274 186 -128 154 -66 -83 190 121 -154 -203 36 -28 85 -44 -50 -2 46 195 209 66 4 212 308 55 134 -207 10 -142 -27 268 -47 20 98 -61 -397 -81 -26 -382 428 179 -203 -152 336 225 -43 -41 72 130 -159 378 -88 333 -126 -39 -367 91 215 264 -159 105 -66 -186 291 183 -161 159 -359 0 -33 44 55 82 -288 -127 -232 242 3 -203 -83]
[127 -1155 122 -333 539 -795 625 88 810 1192 232 -39 230 -283 -170 -132 153 149 -151 64 82 28 112 21 110 396 170 316 -114 -69 -23 -228 -78 140 177 11 93 154 -75 226 130 -395 -32 -50 172 86 -181 99 172 -155 0 42 77 -84 -223 174 154 7 -1 81 125 31 -206 199 -49 -133 21 -177 27 143 58 -51 -4 8 14 6 32 -150 339 125 135 -69 109 -243 73 7 159 -66 27 -39 76 11 57 -83 -96 -25 24 -26 -177 58 -42 6 59 368 25 61 10 -116 -82 27 -4 -393 -383 -160 126 7 -34 232 -147 -162 -248 -124 118 220 -74 136 -123 17 -94 257 31 -215 24 231 -135 318 -3 -15 -50 82 -130 162 64 119 51 28 -60 25]
[-127 -308 -872 -407 -964 574 193 321 695 447 104 -276 492 -539 -290 11 -685 233 -368 300 5 421 -223 105 -133 24 -116 137 87 -59 -271 91 -214 -51 283 219 76 132 87 55 -60 84 387 -58 -195 44 6 332 8 -240 60 329 33 -43 65 -202 302 33 -54 217 164 -158 -177 185 88 -81 62 146 220 189 -49 228 -108 49 56 39 325 179 -14 126 3 -127 108 -154 9 42 -75 -9 130 26 80 -320 -9 -122 313 -221 20 -147 -485 160 -259 83 361 72 -286 31 151 -58 -3 103 -167 -99 -120 -230 234 -246 134 151 -99 -10 -253 149 -40 314 315 -12 -17 141 -152 -70 153 -80 -136 -143 11 147 41 -15 62 32 -208 -372 268 274 -180 108 129 109]
[788 903 -26 -802 978 114 1161 1146 218 -415 326 116 150 -133 -467 -329 269 -14 242 -271 -122 -157 -90 -216 356 -7 399 69 -289 -18 204 470 342 334 -119 48 111 58 42 -238 -160 153 74 -55 -231 10 -149 117 -139 187 190 6 23 -39 152 -231 102 -91 103 -62 21 -86 92 62 358 -138 20 23 94 186 75 49 -53 31 -45 101 218 55 -50 -51 -6 -153 -197 34 -37 -140 124 214 -205 277 -13 -3 38 -16 347 -37 22 -8 -345 101 -83 267 60 68 -58 241 -379 -1 -82 -4 -108 -135 -249 -181 -69 78 -213 44 117 128 -136 168 -235 51 163 -24 172 -5 88 -49 47 -281 39 -229 174 28 3 18 416 140 -140 -281 146 86 -175 -70 -44 38]
[48 1083 1025 534 403 94 18 -1408 -339 -718 -505 402 -133 258 -325 -77 -11 109 66 -157 52 -182 339 371 69 -425 19 -356 -54 -65 -205 -549 -161 -338 49 -28 -103 -102 119 220 118 -117 16 204 127 -157 243 -220 -30 -263 -158 61 102 157 134 169 -152 167 155 -115 -66 45 191 -26 0 50 82 47 197 -135 -217 104 -114 -208 -58 -171 -180 99 123 323 143 163 215 -70 268 38 -221 -190 109 96 -5 24 -64 126 -1 173 -8 199 364 -197 315 -206 10 -76 -8 -47 376 -154 -139 20 -234 -16 380 158 80 -153 -4 233 -11 2 157 -114 330 -134 152 -14 -172 33 210 -182 102 59 322 148 120 27 -7 -20 -121 -203 194 482 -203 163 -9 149 153 -39]
[1036 756 595 -1018 -734 972 1022 -543 357 -369 511 115 -113 -439 10 385 326 294 218 -153 218 257 6 -123 303 124 515 426 -157 50 77 232 46 -100 -36 -101 -80 195 -164 29 101 113 73 -24 -140 21 -129 -143 214 -211 144 72 7 -189 -51 -171 18 -26 36 218 11 125 -5 405 -28 -50 -32 -91 48 241 157 -207 -7 -33 -177 14 293 172 113 46 2 144 160 -270 133 -239 115 -36 -122 18 207 -116 -10 -205 -286 2 90 123 -81 -35 38 -227 282 -206 3 309 88 -154 106 -78 -66 -212 -230 -16 141 -246 -174 65 278 -193 -48 -15 371 -76 -133 -41 94 -181 30 25 -69 -374 -29 199 -170 -93 -224 -35 148 140 41 -45 1 173 215 -213 172 41]
[-647 -258 -833 -681 1119 208 -135 -138 -217 826 -211 328 337 -122 -181 128 -111 -256 25 49 -266 215 98 132 -12 455 -289 290 -161 159 145 -110 36 54 246 248 -60 -96 145 241 -105 -436 -417 -306 124 358 -219 126 178 -61 -24 416 45 -163 51 142 551 -122 -379 186 114 185 -240 454 44 -164 6 -44 155 88 13 261 -65 317 346 103 5 -113 225 60 269 -158 -106 -281 27 46 133 -84 169 167 -225 87 -116 -145 178 -122 -1 57 -149 51 -208 207 -189 -41 -1 13 -21 -116 28 -113 55 -194 -235 136 145 25 225 27 -298 -358 -15 -18 120 20 274 -35 -160 123 -176 298 179 2 161 80 -166 337 -57 -108 -60 176 67 -200 86 239 -7 8 -186 104]
[706 -634 -287 22 -49 -390 449 -428 -189 394 -214 -83 36 320 190 3 -51 -4 645 -101 438 155 340 -177 23 -177 218 156 -56 -129 -101 -37 -22 -146 -80 44 109 -266 -48 39 -184 188 293 170 -144 -134 -141 -175 -84 -469 -23 -183 350 -240 101 -86 -148 -169 44 51 85 42 -28 171 215 -72 -47 199 198 -13 6 56 -63 -25 111 -119 217 313 -6 75 -150 225 157 -17 43 -193 -39 -146 146 71 16 139 -97 -158 -46 -299 18 173 121 -94 132 150 27 -68 -97 -50 260 12 -57 -141 -59 -17 355 88 201 -308 -171 -22 -47 -49 -106 -65 143 -97 194 -51 -278 59 285 -177 60 -180 -146 -277 4 -12 22 189 -184 -7 26 -71 77 204 -52 -231 -82 36]
[413 530 1063 455 1180 593 -1021 551 354 -355 207 -139 -146 342 27 718 164 -617 644 637 375 251 -548 -227 -123 -279 170 -42 -2 -137 -136 98 -432 3 -126 -254 -188 -117 111 -367 -28 49 22 171 -213 -100 -62 13 -87 -54 116 20 260 -229 83 -62 -92 49 120 -22 90 37 135 58 -135 60 -34 85 -239 11 129 -122 336 -74 -106 35 -128 -49 -280 -53 -321 -43 -40 110 173 -66 72 173 -76 1 12 -137 -88 80 194 125 -45 16 156 -149 21 -91 33 -79 26 255 152 372 167 112 -67 260 -89 -43 -202 157 167 -215 197 210 320 92 7 3 233 41 62 42 -105 4 -160 298 194 -129 13 32 279 74 208 -88 -274 -230 75 -503 239 20 127 41]
[-908 186 433 -702 -277 194 461 -732 105 -407 -41 -349 -315 190 704 98 -25 373 -59 -324 -82 210 171 -211 191 -13 411 233 -71 -86 146 250 -208 14 -19 -269 -134 112 -126 -186 39 321 183 -99 -79 68 -166 -149 63 27 317 -389 25 -133 -34 -248 -301 66 21 229 -243 320 58 188 -167 81 -260 -50 142 97 -156 4 37 -48 -53 83 269 159 -40 -197 54 236 -58 -12 -172 -356 -65 157 -110 -328 392 105 -75 -129 -487 -82 48 -257 138 -23 33 -194 192 -97 -114 -24 52 -16 -10 57 240 90 108 6 103 -103 -116 -91 284 306 16 -20 17 -216 -202 135 -20 -173 2 -65 216 -171 17 -33 -112 -284 174 65 -309 264 -36 -157 19 166 28 -230 123 98]
[-737 -1205 -46 574 -822 -420 -390 1328 373 489 209 -377 373 -539 137 35 277 203 146 -27 -161 -97 43 -328 251 137 172 409 -174 -253 119 331 0 156 76 -159 -60 80 -70 -112 -67 270 174 190 -166 -64 -94 -73 42 -26 193 17 165 -329 -51 -225 40 -33 95 355 43 -81 -61 211 -105 -42 -219 -19 -18 186 -94 129 47 -206 -10 46 186 -67 -147 -129 32 -44 83 -291 20 -252 -190 77 -90 -325 41 66 25 -20 -40 22 -158 -187 -50 71 -211 79 35 220 10 166 -53 69 -30 -273 -46 0 -142 -100 -144 -216 110 3 -25 -59 4 -235 69 -154 171 338 261 119 -106 28 -81 5 72 -139 -1 -181 152 100 40 128 -12 -607 216 -58 231 147 -163 37]
[115 384 827 -595 -683 -380 -64 438 -26 -509 -220 -19 324 -933 557 659 296 80 -499 -594 -88 -184 390 39 18 192 -42 274 -237 -301 43 -16 132 -54 288 99 -46 123 -22 41 126 67 -55 -65 61 -17 -278 -139 260 -237 -129 -151 330 -234 -15 18 45 77 -83 71 -54 -44 196 139 -167 -79 -195 176 142 -5 -412 215 -65 33 84 321 178 133 48 32 215 -67 -48 -244 9 -310 -105 -177 145 -28 177 192 -5 -32 -307 67 -75 -67 294 -234 33 -72 327 -91 70 -8 30 118 -87 -278 256 -137 228 -11 -11 92 37 201 -52 98 139 -189 310 -285 -160 136 -76 -12 46 -103 -36 -12 155 30 112 -129 249 79 -16 -23 174 -104 21 121 114 -54 -367 -7]
[-72 -1026 -173 -280 -422 945 -658 142 262 -4 260 -214 -182 -696 -76 242 -262 -125 151 363 -200 -105 35 233 -79 -313 -237 -234 -173 -238 211 121 133 224 -257 -344 -93 -56 143 -427 -31 132 -72 264 -216 150 -47 -197 -162 103 198 180 -257 150 147 46 -223 193 -51 -354 26 -76 180 114 216 -113 31 -48 59 82 251 119 276 91 176 -203 -98 -37 59 317 -10 -61 -174 357 -221 -242 -407 117 -134 -20 3 -48 35 -163 111 120 -87 -236 -237 160 -130 -181 -200 67 -44 159 152 59 49 77 20 215 -281 171 -80 125 65 -228 -33 281 -188 -53 -366 -54 15 123 65 174 107 108 389 -66 -90 88 -66 -119 110 211 -7 192 -28 46 60 -351 -123 229 383 -6]
[1134 -559 -892 528 -386 -1296 1163 333 136 629 -363 594 310 -74 55 427 7 -235 -418 -34 64 -35 -226 -224 48 78 -60 73 229 -5 240 -190 -144 -237 147 -45 123 -293 13 171 71 -61 -78 -1 -64 -63 -260 28 -103 -38 84 481 163 -30 -102 83 126 112 56 -179 35 -5 -13 81 147 -94 209 35 146 137 -7 126 -57 162 145 70 119 33 11 -122 20 20 134 -128 122 19 -51 60 68 -23 -130 -31 -95 152 24 301 -124 239 -17 -84 -202 131 -17 -39 -262 -53 -113 -72 49 -207 -55 -148 -80 -22 22 99 -156 -41 -179 -273 28 -56 68 25 106 131 59 238 63 -30 140 -77 177 12 -29 44 22 117 207 -2 77 63 -99 154 -121 226 -38 7]
[1030 1096 68 -333 -991 -650 -241 -799 -362 -306 0 801 236 -16 -172 513 -2 -33 -17 -502 -658 -234 -66 75 29 58 -614 18 -406 -153 166 -102 360 222 151 72 -90 101 -127 88 -211 -330 -299 -105 118 126 149 -14 52 -43 -121 267 -63 108 -31 206 422 20 -162 142 71 146 -185 349 -71 25 -96 72 56 38 -105 11 88 214 198 -56 -82 -103 -159 81 203 -229 19 132 -112 4 -201 -366 46 17 -68 -235 -8 -283 -57 85 -162 -105 -31 105 120 42 120 -70 33 11 14 2 179 51 52 -245 -196 69 -50 -11 360 -28 -388 -160 -163 -222 -3 140 -44 57 96 166 -214 147 -168 198 -64 31 -228 252 -154 -32 10 -4 122 149 -113 -144 102 85 -113 -47]
[422 234 1071 60 3 -244 118 -1077 -769 -816 114 -98 -1 610 -104 147 -376 152 356 -95 -55 124 455 387 -398 -344 -503 -253 -19 -15 -2 41 88 -24 -55 296 -511 -313 191 17 -277 296 14 -83 7 -67 292 -99 16 -45 68 -150 -82 254 477 -5 57 -21 -320 -157 -148 -204 -173 80 82 15 -111 -37 60 -99 -402 34 -72 -343 66 -10 47 231 -105 -150 70 -73 258 106 43 -51 -67 -162 208 206 267 -139 -19 -43 19 -205 -5 -54 16 -169 247 -317 219 -11 227 7 245 -39 25 223 263 281 132 174 281 -81 156 -177 35 216 -21 187 -115 -89 -10 -33 -320 11 -221 -152 77 -211 -159 141 -138 -5 -212 86 -182 180 -253 34 37 96 -111 -286 47 -10]
[587 -1147 -1206 -98 672 -568 519 -271 180 182 -59 -341 -452 -612 363 9 181 439 23 -435 134 -162 633 394 344 -452 612 2 -409 -282 -127 162 126 85 -56 65 -47 183 -41 103 202 230 138 251 -160 -197 -135 -312 81 -495 24 -371 63 -51 168 -58 -21 252 30 27 -7 -10 41 166 108 -167 -289 85 -30 155 -292 115 42 -139 -219 129 140 158 155 414 113 162 256 -295 235 -199 -186 49 8 118 332 4 85 10 -119 -110 -76 59 167 -179 262 -133 315 -22 110 26 101 -50 -299 -66 -150 -74 285 228 438 -130 -167 397 108 324 88 -129 228 -284 132 -46 -169 -144 81 -175 -32 -357 205 31 131 -175 -61 -16 -115 87 86 -94 87 305 53 40 59 16]
[711 -72 944 29 -288 -927 -398 279 -491 -360 73 -250 -835 446 -58 -276 37 44 379 -287 130 172 66 158 -130 -38 91 -187 -534 -116 146 63 -118 286 111 -57 -127 -188 265 84 -236 247 52 -222 80 -137 -104 280 -68 1 239 -140 168 -17 32 -52 -20 -26 74 198 -246 -67 -96 217 -359 153 -17 147 92 83 -394 -251 -112 96 -5 37 -3 342 -278 -513 4 10 28 -245 134 -102 395 -60 -22 164 77 118 -22 -68 201 -294 42 -151 -234 -13 138 -279 184 16 9 9 157 -103 105 363 11 -132 213 -151 137 -169 -91 -91 17 203 179 325 32 -41 218 -269 35 60 -45 -362 10 -191 -145 -111 39 -80 -85 -6 46 221 -359 -55 -111 147 144 -539 59 135]
[-365 191 124 -254 187 1040 -673 -87 634 87 149 -445 402 -400 57 -495 -97 262 -14 54 -61 -221 139 239 181 -411 342 36 -8 47 -453 -136 -97 -54 -81 20 -143 312 -31 1 299 -22 317 190 68 25 125 -82 0 -192 -162 -60 -127 71 15 -101 -125 -39 48 -34 246 154 120 -168 336 -147 -197 123 210 66 264 144 -19 4 -118 -110 -26 -169 149 755 61 44 -26 32 -17 -102 -322 88 36 74 179 -34 173 -7 -55 10 110 -68 -28 52 -39 100 138 -29 10 -32 -31 -132 -145 16 -278 -91 -46 -10 45 -140 129 370 -15 119 -290 -379 170 165 -96 266 -25 -288 201 280 -59 48 144 -59 -178 111 177 -87 -189 -63 61 100 272 -90 -169 330 -6 -95]
[-219 -39 574 -443 809 -509 4 -273 -326 255 -491 -26 75 875 30 128 -161 -135 502 -200 -180 144 175 -312 76 18 72 250 -98 -41 -7 197 60 149 88 324 69 -116 -42 -126 -241 -36 171 7 14 -144 -80 -94 -190 -265 -39 -206 199 -234 270 -105 248 -56 -176 -29 175 190 35 193 307 -206 -184 65 77 50 -163 148 52 26 173 -122 375 45 -198 316 -131 -112 -32 35 41 -39 50 61 46 307 47 32 -23 -230 403 -38 -110 197 27 30 84 361 -128 -33 -51 29 -88 221 -40 24 -41 47 130 -6 -7 -2 90 -72 17 182 -103 49 -270 27 208 13 -454 115 -192 141 22 55 -24 -356 40 324 348 86 -154 10 -237 -251 137 31 65 16 -237 -67]
[411 680 709 545 -9 986 -252 -594 183 429 196 192 144 40 311 410 114 -221 -240 187 -234 -428 -204 223 107 2 -90 -117 -77 45 183 48 198 -135 106 43 9 46 -185 -7 -46 9 -400 10 7 80 92 81 -88 296 -206 105 -195 169 52 314 191 137 86 -91 -174 -18 -74 169 80 -18 201 -159 -129 61 -252 124 206 163 180 -25 -10 -20 -63 92 26 -13 58 -86 25 69 -209 92 12 0 -214 -265 49 52 -182 221 -71 26 129 139 162 -331 -59 -60 240 -105 85 -203 226 -177 128 116 -179 60 -147 71 209 35 -133 -223 26 -203 -66 75 -153 77 121 -51 -152 149 -25 116 138 40 -315 -89 -136 -137 233 -32 -8 231 -136 -139 -111 25 257 -137]
[720 841 -860 1152 1189 1173 -109 762 -240 -557 313 14 -208 -411 -283 145 -347 310 -59 -260 -313 -103 119 353 214 161 74 -19 -95 -39 328 443 358 258 -55 -54 -21 98 135 -1 -183 90 -105 -93 190 161 -2 131 -16 344 2 205 -124 209 163 30 343 206 -185 -51 -145 -3 -243 192 122 34 -16 68 99 248 -168 285 -98 211 166 227 253 95 -186 71 116 -211 83 -67 -50 51 -57 194 61 76 -8 -310 20 -231 4 -10 -73 -289 -205 139 -72 -16 112 35 -60 13 -197 -172 -100 76 271 -219 -193 20 151 -7 37 135 -145 119 -208 123 -218 244 129 -117 10 59 -130 48 200 -186 60 91 -210 -75 -45 -79 107 323 -153 -88 -27 222 -194 -162 -15 129]
[-892 1062 886 -615 -1048 -830 -159 1118 134 -264 -396 72 28 -449 -162 574 85 255 -196 -342 -195 83 -142 63 -87 -61 -187 221 -76 -197 101 -305 -263 -58 330 51 -46 23 216 150 -2 -184 -222 28 -61 -203 -54 122 33 -286 -19 471 356 25 27 125 130 160 248 360 -32 160 193 165 -66 50 54 -146 209 112 -180 57 13 5 19 48 69 -20 -97 -155 130 -36 70 -434 173 -15 178 -65 61 -53 34 231 30 120 72 44 -127 7 45 299 -201 -212 30 120 174 128 -70 -79 53 34 -222 -20 -144 -374 138 38 74 -117 -190 -190 30 -270 281 -364 206 427 200 226 -164 -41 -263 235 -32 189 120 -12 50 -116 230 305 -7 -74 17 25 412 179 64 -89]
[973 -990 596 -909 -1036 1048 203 164 224 184 141 -322 174 -283 173 201 310 -320 -820 -361 -136 -323 -290 -55 -122 282 -83 60 187 -113 -290 -465 184 -160 45 211 351 40 -68 110 -281 -331 -40 34 294 136 197 86 66 -130 -67 129 87 -96 -113 -28 169 -198 44 125 260 -177 -149 230 111 18 141 15 126 -253 125 86 -269 134 6 -169 14 39 10 162 -74 -161 -110 -89 70 63 -104 -140 117 152 -311 107 -215 -135 196 98 52 123 34 15 72 270 -123 310 -42 -80 182 -267 -183 77 -265 -248 -108 96 -86 -157 14 306 -69 -356 -84 56 48 271 -189 27 -305 128 -181 80 -19 342 -48 76 39 394 -204 142 16 -277 43 195 -29 204 -135 42 -105 -91]
[924 377 -171 1083 84 767 -608 -1115 643 545 23 332 571 233 -33 -345 118 -291 -427 385 249 -252 -274 -190 139 -11 -371 -276 319 252 -116 53 424 76 -514 -81 312 97 75 -83 -197 -214 78 13 141 135 256 42 -125 227 -157 -94 -139 262 -251 241 -341 -323 74 -497 377 -136 -220 -431 257 48 168 120 -275 179 393 -25 60 -158 149 -44 -201 -441 177 191 -153 -64 -120 618 -166 22 -143 141 -156 -209 -207 -596 203 77 -153 122 146 67 13 31 -266 77 -341 63 93 19 -4 74 199 81 -68 -139 -493 39 -171 37 -407 111 -73 -94 -528 79 -337 505 -352 -18 98 78 -35 172 -70 -245 -379 242 -122 209 6 -70 132 -391 110 387 -57 -306 -402 94 108 -43]
[1203 -169 -325 -1024 -735 -790 -27 -91 179 281 -526 159 62 258 555 -331 -17 220 312 -37 527 447 -172 -181 127 -107 333 243 -43 46 -191 295 -148 -21 -371 -119 -71 147 -142 -139 65 -140 262 -10 72 -102 -217 -3 191 -284 -217 -184 174 -78 110 24 -72 -163 -56 69 -52 142 -145 -243 -56 -5 -362 142 -96 36 12 -36 -3 -143 41 160 95 -23 24 155 -172 81 -17 230 -54 8 279 -77 47 112 133 -210 43 -149 -235 -195 283 97 50 -134 94 20 174 -216 -33 -42 90 59 -42 63 191 -166 169 -134 285 -147 -57 101 41 116 -110 -89 124 259 -94 -165 -40 -386 203 -44 -48 -277 -18 -193 -200 11 140 35 -187 -84 147 158 127 22 -30 -333 10 150]
[878 -562 373 -724 -13 -207 290 72 -698 -216 411 175 -242 273 486 -38 -157 173 130 -238 445 91 -12 -156 69 85 -180 -24 -212 144 71 381 36 -59 -46 168 -18 -450 -276 70 -203 157 134 -73 1 -4 -67 -113 133 -144 -39 -379 115 -215 -32 38 -57 -167 -173 201 -113 80 88 122 -294 72 -7 431 -248 208 -245 -288 -48 -211 158 163 309 244 -291 -126 -64 55 109 -4 234 -2 88 -311 -55 25 60 -199 -42 -259 -349 -284 74 164 139 -240 301 -235 276 -245 -88 -20 246 110 207 102 86 -72 341 65 375 -517 87 40 88 -124 149 52 233 -124 56 -390 67 -205 168 -203 -213 -316 -175 -398 -95 -158 -264 14 -132 10 119 9 -128 293 11 -607 -11 48]
[-199 -400 1138 997 1216 775 -285 560 -257 -27 -505 -41 -533 -180 -52 335 -455 146 -226 378 292 48 -68 312 -234 -125 351 -177 324 2 -68 -36 -315 -152 -105 10 -44 -16 -32 106 320 308 125 82 -113 -152 114 111 -124 68 113 86 51 232 68 131 76 318 80 -253 -331 -215 168 -494 -18 58 120 0 -147 -39 -70 -119 114 -151 -261 17 106 19 53 -50 -16 180 353 -107 -25 365 121 402 65 -65 183 -158 -15 301 -150 246 16 -32 -25 91 -69 -201 273 -160 157 -24 -26 -113 -29 0 -47 32 127 -161 -118 200 -140 -46 129 93 120 193 -153 15 -326 49 42 -10 -180 -226 -72 117 -127 291 -29 -347 23 -42 193 -37 -295 336 3 -112 48 264 216 -98]
[-241 273 764 474 -761 0 -19 -173 -168 -791 -461 876 -477 -48 -164 14 -18 121 -33 -492 197 -268 148 350 102 -54 9 -343 -417 -360 188 111 192 103 77 -58 -86 -120 39 97 147 350 79 134 -10 -189 -64 -179 53 -72 194 -5 22 71 -99 -139 175 197 -37 -193 -116 -152 -61 -147 -76 11 -8 16 -110 169 -147 48 42 -199 -93 35 205 87 -150 -211 40 -79 225 -74 -25 -54 203 294 -12 81 270 -111 156 264 -49 110 -78 9 178 -109 39 -74 295 -116 147 93 -54 -100 10 49 82 -193 42 -81 281 117 -55 -6 191 267 -19 88 -160 -20 -56 81 60 108 -208 -162 -69 -166 -64 218 201 -244 -38 47 -3 177 -132 36 -45 83 245 -175 -112 14]
[-742 1022 -709 -53 -333 -847 -1097 206 -162 895 74 666 199 481 -354 -14 -279 -373 212 413 4 -164 117 144 -127 -20 -309 -351 111 23 -1 -31 51 -81 -67 175 9 -115 -45 93 -36 153 -102 3 20 -51 213 -103 -55 244 -56 -9 -164 60 57 103 85 7 -96 -156 -25 -131 -165 -352 167 -47 -66 -6 -194 -209 -96 91 -87 -253 -70 -140 -159 -167 -78 38 -16 -107 150 200 46 367 65 -27 93 90 -247 -164 -18 192 154 -33 -3 148 128 -134 156 85 -140 -57 126 -100 -39 -53 -90 -103 137 234 156 155 -55 23 291 -56 -22 14 32 50 -152 58 86 -206 -109 -122 -68 -21 56 35 108 -61 -72 -59 -127 -35 -147 -226 138 108 67 -14 -124 -12 -106 84]
[-764 -907 -1206 -87 -280 173 -120 -28 138 -303 451 291 434 -561 -440 65 -211 -158 533 199 -447 61 -206 -154 -282 -48 127 -101 402 -58 33 -43 -62 -26 -104 50 34 167 35 53 94 146 33 -13 -159 -12 -34 -321 -105 60 354 313 -336 283 60 -194 189 165 133 -165 -171 -116 24 -354 466 22 -205 -324 160 -296 209 -230 81 -22 -236 -224 -123 -101 62 64 -24 -27 33 251 -316 164 32 260 -208 30 99 46 74 305 284 345 -23 64 -238 91 -141 268 -19 -129 -84 -75 -363 -63 -300 -36 -8 171 -110 -71 -359 361 -27 -188 -33 281 -30 103 -250 80 -441 114 -2 -13 -169 322 130 69 -75 160 -24 29 77 -52 60 108 16 144 95 -293 99 278 -261 -131]
[58 -1047 -1151 303 -194 -1052 186 -1196 -360 -618 -33 -133 -441 82 0 -496 265 -111 -34 -343 -50 50 -18 160 358 343 301 -10 -469 92 160 32 -15 257 -52 -286 -210 -217 52 117 207 110 103 -107 30 154 -170 -188 140 -28 219 -42 -72 -43 -170 -364 -87 26 72 89 140 209 237 6 -83 -85 -26 -66 149 135 274 207 117 116 81 10 29 -91 202 -154 -60 31 -11 -150 168 -321 216 135 -39 -68 189 626 162 111 155 -51 -59 -96 -108 -26 -227 215 -15 16 -38 152 -374 -17 132 104 -201 -177 -53 40 293 -47 -74 72 255 265 -24 -110 71 -351 311 101 65 -49 310 293 10 -181 13 -167 73 -41 -23 -154 -44 419 -20 -225 -4 139 159 -173 -379 16]
[867 172 -1163 -340 -401 857 815 1123 -326 195 -504 461 63 253 115 44 37 -136 -66 -236 236 -348 -11 -14 -157 -86 462 -69 160 -120 -86 -190 18 -319 -177 -11 54 35 -138 -88 312 193 -24 124 -289 -184 93 -122 -36 65 -91 50 -4 -83 66 -404 -68 120 172 19 -70 -249 476 -304 155 65 167 -322 137 -418 -82 -82 -150 -93 -346 -301 51 205 -42 29 -23 124 -142 -152 -96 -38 18 129 -73 80 -203 455 -59 268 193 184 2 262 183 91 95 209 -38 -91 166 -23 33 -73 -99 -30 -152 143 266 -132 -455 225 106 -129 301 22 247 -60 46 -109 -250 169 43 -115 197 -106 -25 346 -1 -15 281 -140 2 -48 232 -196 -41 144 14 -248 137 236 -146 -226]
[39 614 -374 1086 -609 -658 430 37 98 736 -286 108 542 908 510 -81 437 -290 -101 -553 -208 -575 -156 -415 246 365 -342 41 133 349 157 233 510 15 136 46 117 130 -29 -225 -177 -201 -183 -158 204 271 236 -81 -124 333 -173 -99 -55 12 78 207 200 -307 -38 194 -81 17 -46 42 -39 -3 -4 -64 -138 23 163 197 22 -106 129 9 -117 -314 13 -2 -112 -102 -259 84 -148 106 -29 -3 86 72 -235 15 145 78 -205 -260 -56 27 74 263 4 240 -110 35 132 -159 -302 87 -86 -147 48 24 -221 -39 -73 13 154 96 -10 -402 -83 -269 -147 156 50 193 24 -30 -132 279 -185 323 24 -247 89 5 71 -96 212 24 298 -160 39 -96 -110 52 -306 -75]
[262 40 189 -1052 114 953 858 -127 74 584 4 2 318 344 513 -529 -54 -82 -21 -289 142 -125 -189 -63 113 -12 261 -212 193 -36 -175 -67 46 -127 -341 -217 130 207 -230 61 37 -213 236 60 126 113 200 -141 20 -296 -87 -73 48 276 -134 85 -190 71 274 -37 -56 -37 239 -208 -196 27 145 176 3 -347 26 97 23 -42 -86 85 -158 -50 196 -27 -267 55 33 377 -78 232 -77 -219 211 -292 77 0 12 -35 -336 -125 102 -184 222 -94 134 163 245 83 -46 -233 279 92 -179 230 89 -148 222 -20 123 -108 -123 266 62 100 31 -99 217 224 -173 -84 -22 75 190 34 -84 81 -130 -125 -59 65 70 -141 -78 -213 261 412 -23 107 -202 36 -73 60]
[-699 -931 469 83 1133 19 -411 -733 -112 -619 192 -113 -104 225 -3 -91 -6 -387 282 433 240 -96 -394 -164 81 330 198 -184 334 94 173 344 310 126 -291 -123 178 -45 -159 -48 -257 68 -35 -68 68 105 70 90 -119 368 -47 -35 -282 -125 -199 2 65 -92 156 -125 -56 -103 -233 -260 154 110 163 -46 -290 38 190 -110 42 109 -12 -129 112 -75 -131 -42 -245 -23 -138 30 11 280 21 270 -206 0 -349 -334 41 -2 21 153 61 151 -90 26 -49 55 -185 12 4 -121 -95 -138 134 -169 79 168 -30 222 -258 14 -1 -107 48 -88 36 230 -227 174 -241 -249 184 -117 -72 114 -70 -146 -192 -82 -160 -222 -124 -95 189 -86 -14 -26 -88 -120 -56 -297 83 -77]
[-495 -778 136 -1046 509 -171 719 727 6 -127 128 -671 201 -681 -475 -77 -418 -247 192 642 -329 -81 -130 291 -209 -124 -157 -272 191 -320 -267 -259 -152 229 -189 -118 163 -91 23 -38 -148 -123 84 349 -103 66 179 91 -290 -145 -157 292 -8 247 115 139 -153 226 129 -135 192 -210 73 -227 182 13 -61 71 287 -293 -202 128 67 -139 77 -128 -286 23 -123 334 77 -37 -34 461 -11 52 -208 -169 22 -255 -222 -26 -32 -35 277 63 -110 -234 -101 -26 -1 85 -62 358 -230 -176 307 70 28 278 -123 63 351 -179 -508 -3 262 24 -447 287 -55 -121 28 37 44 -75 52 335 212 233 151 188 60 -305 -153 251 286 -80 0 -310 -148 518 49 -412 -208 281 -97 -160]
[-673 -166 -625 -156 30 777 283 -731 -286 -455 -192 -47 430 -31 416 472 -245 -147 -397 26 237 -149 -14 -269 -244 -67 -59 -127 302 -32 -223 127 -13 -262 -2 216 36 -116 -81 -16 32 215 221 -22 34 -47 77 139 86 243 32 -26 34 -271 121 -474 295 96 -66 123 -42 -378 -33 -495 -145 -58 -15 70 -215 -157 -104 68 -162 -402 -249 164 213 -30 -184 -94 -193 -308 -142 74 103 313 -23 95 -22 121 7 -331 -149 115 360 59 93 61 104 -203 85 266 232 39 -38 -26 120 146 -151 -64 186 37 258 108 -53 -36 202 -33 121 143 502 285 -187 226 9 -25 -75 -81 -185 -66 -168 101 164 -199 414 -26 16 34 73 -220 7 -401 127 90 -120 198 -164 41]
[-957 603 354 -1147 -464 -554 343 -308 44 393 -167 426 174 -1 482 -332 195 272 302 -71 222 32 135 -370 277 -154 198 148 -88 -93 168 277 -189 29 88 -109 -115 11 -227 -158 211 17 39 -21 40 -198 -388 -100 61 -260 -124 -331 177 -150 -212 203 -193 17 90 -132 2 355 -3 -14 -215 -175 -85 191 -325 207 -6 43 230 -107 195 285 24 -100 -23 39 -32 9 -78 -46 -60 -215 -3 197 43 -164 205 -115 192 43 -274 -68 -71 34 321 -54 -154 176 64 -203 52 18 -70 311 146 -167 318 45 120 -113 101 196 -27 -85 97 153 -60 -106 97 20 -4 132 67 -37 91 41 -167 -99 124 -160 102 -128 319 -23 -219 51 89 -297 125 -31 344 -78 -12 29]
[-1237 -210 745 -624 5 810 198 -63 -122 349 -193 248 104 -194 424 105 -360 15 -922 -300 -4 -6 255 169 -115 155 -195 76 -130 -244 91 -33 -12 41 -83 24 62 -27 -18 7 133 -31 135 -100 -128 -49 -7 155 281 -214 0 291 326 -48 16 0 -71 169 -211 -1 -50 -248 233 186 -153 -117 183 128 157 -51 -162 132 -173 -148 31 115 389 302 100 -31 64 -44 -95 231 -82 -60 -86 -163 182 -23 180 -221 -94 -237 -221 -158 132 -31 84 -112 31 -197 378 230 89 -16 489 -92 98 401 289 -356 11 -83 242 -185 -32 -62 -44 90 -239 85 287 5 -164 -64 -128 120 70 -120 -26 -149 4 158 -189 181 -43 56 -28 -72 -198 299 101 339 -218 9 147 13]
[67 530 795 -1118 915 -270 314 1261 -721 -511 -522 46 261 187 -58 227 -280 -55 -369 -173 284 503 -22 -197 122 578 -108 115 -91 112 -37 84 -184 60 -76 45 88 -252 -1 7 144 234 350 -248 -74 53 -28 193 220 29 -51 -88 468 -237 -152 -256 -62 -132 -95 326 24 66 298 -229 -322 17 -46 248 119 83 -85 142 -15 -47 55 133 375 80 -185 -239 -103 -57 -104 -4 167 -56 335 6 19 -92 115 160 -126 53 105 -196 -85 -140 -22 -10 -398 68 273 -113 -72 105 -202 191 224 101 56 -238 257 -187 125 -172 -39 -148 155 170 -82 259 -54 -244 258 -154 16 -42 38 -226 -232 49 -207 -250 221 27 218 -12 14 -209 -123 -280 60 135 95 -191 -384 131]
[657 -262 766 259 602 295 400 661 480 -276 486 -75 -107 425 463 -388 313 -228 619 229 122 -89 27 -5 43 56 221 -40 -253 105 -11 70 -14 -26 -226 -278 -39 97 -97 -7 176 85 141 21 71 -55 -99 -266 201 72 126 29 -68 -231 -31 -35 -204 -147 319 -24 -268 -11 75 -210 -85 -31 -42 -144 -149 -199 520 -254 170 95 -143 -314 77 -100 181 -14 -468 24 -38 146 -83 47 36 60 -139 262 45 200 -29 -13 1 179 95 74 117 -25 112 -62 -239 -56 -5 49 83 -34 -173 74 -54 124 -123 111 24 -149 -69 -63 204 -130 240 -15 54 -19 -141 7 -87 -191 133 -62 -48 -63 -95 20 90 -176 -159 124 -138 47 215 -1 65 -84 100 -146 113 -69]
[1019 -527 183 536 471 732 408 -890 320 -436 -96 341 -237 22 -447 -181 49 -17 252 -42 23 -153 359 378 42 -430 -150 -155 -385 -191 104 40 57 255 -84 -173 -91 59 233 -70 -21 266 215 47 -39 -302 2 54 -142 -13 -45 -50 253 170 222 272 -310 -119 96 -265 -209 -175 -85 -58 81 -43 -111 94 66 -15 -302 58 48 -38 121 20 -101 171 -68 -157 -149 6 107 215 -132 -103 25 -124 168 116 155 29 237 -17 115 25 42 -252 -23 3 165 -245 61 14 240 36 80 51 22 85 263 -60 59 -159 75 -26 -167 -66 -280 125 -298 -106 -131 141 76 -9 -59 92 141 -286 -60 -261 -145 -24 -74 -22 169 61 -190 82 -140 184 102 -70 -89 -76 88 93]
[-784 1183 -624 -1047 1237 -654 -236 620 -546 25 -419 215 -112 -181 112 429 68 -386 303 -27 74 -184 -58 278 -311 -6 -139 -279 70 -165 -263 7 -16 -15 56 190 -106 -200 83 -84 -181 -41 -163 58 84 -9 66 100 -11 -6 -131 188 243 -130 334 106 501 44 -110 2 -166 -260 81 91 -191 52 46 171 35 -268 -448 58 -87 -87 154 114 62 138 -347 -60 -4 -266 40 -78 237 269 111 -137 184 323 -209 28 -125 3 386 19 37 90 145 -254 398 -3 -4 -6 179 -82 347 53 28 78 205 139 351 -83 -275 -29 475 -13 -148 17 461 -38 246 141 45 -155 -129 35 -190 -34 23 291 253 -252 -15 105 69 -134 172 -108 -264 124 20 -128 -40 -195 -201 0]
[455 -591 -11 -143 452 -765 1255 -554 588 116 -71 -292 -289 105 30 -192 -60 -22 -518 312 -50 -14 -421 18 -59 -133 156 163 -132 -110 153 -111 -346 -74 -97 -197 130 54 58 -328 15 -246 -220 -16 -181 54 -377 206 13 240 -125 -41 -20 -100 133 46 -347 76 66 55 -34 271 215 52 103 -114 174 -113 81 52 21 121 89 267 108 -118 -90 60 -65 175 46 196 -378 73 -40 -91 44 -2 -28 113 -333 199 -30 -211 51 -119 86 58 -130 176 -48 -48 -212 215 -96 63 -57 -48 -110 126 -65 128 -182 -159 1 201 116 -49 64 80 -85 8 -99 71 217 -19 73 -115 411 -60 320 -1 207 -47 61 6 21 140 -3 84 -19 138 3 -9 -230 6 330 182]
[838 -60 -241 627 1047 -106 -177 -398 -30 721 -142 -740 -510 -559 -579 -300 -293 -4 -128 491 32 217 -396 252 -223 -119 22 78 85 89 155 110 -468 -269 100 -261 -186 -231 511 -278 -76 353 -51 231 -300 -26 -15 104 -362 166 -19 101 4 78 146 -56 -521 -30 90 37 150 69 211 26 167 92 120 -104 161 293 -110 201 24 102 52 -54 -121 198 -292 -155 75 235 27 -40 -92 -399 291 181 72 -107 -52 423 161 110 -21 -253 -27 -130 -35 257 -230 -204 -409 -63 -29 83 -238 -38 19 21 -199 328 -69 -291 -72 206 74 -270 291 -164 -113 -86 -84 -275 407 157 175 247 194 -36 363 33 -16 -70 22 -368 44 59 96 282 -38 -147 88 -74 -54 -138 193 118]
[-268 -90 -53 -674 599 1018 657 190 -456 -459 -111 -60 -40 -165 -10 -138 -42 397 -22 -307 -38 253 -33 -39 180 -220 126 -47 124 11 -443 121 95 105 -63 -168 -97 27 -138 -134 -153 35 338 -129 -56 -105 386 238 -138 -145 -348 -92 304 13 108 -177 70 -44 14 171 113 -31 -4 50 -129 119 -46 204 190 -48 -393 146 -64 -77 59 158 157 205 -379 -120 -210 68 107 246 115 -74 -135 -50 273 -339 137 -302 93 -92 123 -102 -29 -192 141 -153 149 81 272 -42 17 -38 409 275 496 135 242 -202 394 -36 -102 -283 -13 -131 -155 139 -1 106 269 207 322 -192 108 139 44 -81 -166 114 42 -280 22 156 67 -311 96 -116 -180 -33 -30 3 -219 -140 -18 29]
[-1079 51 104 -1210 -1454 615 -402 957 872 161 44 -183 347 -606 -171 256 21 -467 -426 355 442 166 -112 -548 -242 70 39 32 226 19 -67 50 -66 -290 -36 224 505 145 33 -120 -70 59 41 46 -155 -17 -235 90 -93 72 142 -217 -67 -115 -4 -105 -108 -27 110 42 -28 -194 -95 -92 209 -67 47 -184 -27 -219 -80 5 -157 -48 -132 65 -72 5 165 -15 -74 -70 -242 26 -43 -37 127 -25 -110 55 -279 15 -157 117 139 -227 135 186 -216 132 -73 68 -115 111 -78 -4 1 -6 -215 -114 56 84 -62 -104 -121 124 -267 99 67 5 136 145 -219 94 -47 -150 -280 -73 -2 -40 148 -186 -93 -111 205 73 117 68 85 -193 74 -120 157 51 -136 33 -59 93]]